#     ISTANT_TEMP:
2
1.99993
1.99971
1.99935
1.99885
1.9982
1.99741
1.99647
1.99537
1.99413
1.99272
1.99116
1.98943
1.98753
1.98545
1.98319
1.98075
1.97811
1.97527
1.97221
1.96894
1.96544
1.9617
1.95771
1.95345
1.94893
1.94412
1.93902
1.9336
1.92786
1.92179
1.91537
1.90858
1.90141
1.89384
1.88587
1.87747
1.86863
1.85934
1.84958
1.83935
1.82863
1.8174
1.80567
1.79343
1.78066
1.76737
1.75356
1.73923
1.72439
1.70905
1.69321
1.6769
1.66013
1.64294
1.62534
1.60738
1.58907
1.57047
1.5516
1.53252
1.51326
1.49386
1.47438
1.45486
1.43534
1.41587
1.39649
1.37724
1.35817
1.33931
1.32071
1.3024
1.28441
1.26679
1.24957
1.23278
1.21646
1.20063
1.18534
1.17061
1.15648
1.14297
1.13011
1.11794
1.10648
1.09575
1.08577
1.07657
1.06816
1.06056
1.05376
1.04778
1.0426
1.03823
1.03464
1.03181
1.02971
1.02831
1.02757
1.02744
1.02788
1.02883
1.03024
1.03204
1.0342
1.03664
1.03931
1.04216
1.04514
1.0482
1.0513
1.0544
1.05746
1.06046
1.06338
1.06619
1.06888
1.07144
1.07385
1.07612
1.07825
1.08024
1.08208
1.08379
1.08538
1.08685
1.08822
1.0895
1.09069
1.0918
1.09286
1.09386
1.09483
1.09575
1.09666
1.09753
1.09839
1.09924
1.10007
1.10089
1.10169
1.10248
1.10324
1.104
1.10472
1.10543
1.1061
1.10675
1.10736
1.10794
1.10849
1.109
1.10949
1.10995
1.1104
1.11083
1.11126
1.1117
1.11214
1.11261
1.11311
1.11365
1.11424
1.11487
1.11555
1.11629
1.11708
1.11791
1.11878
1.11967
1.12058
1.12149
1.12238
1.12324
1.12405
1.12479
1.12544
1.126
1.12643
1.12674
1.12691
1.12693
1.12681
1.12653
1.1261
1.12552
1.1248
1.12394
1.12296
1.12187
1.12068
1.1194
1.11806
1.11666
1.11523
1.11378
1.11232
1.11087
1.10944
1.10805
1.1067
1.10542
1.10421
1.10308
1.10204
1.10109
1.10025
1.09953
1.09892
1.09844
1.09809
1.09787
1.0978
1.09789
1.09813
1.09855
1.09914
1.09991
1.10088
1.10204
1.10342
1.105
1.10679
1.1088
1.11103
1.11346
1.1161
1.11892
1.12193
1.1251
1.12841
1.13185
1.13538
1.139
1.14266
1.14634
1.15001
1.15366
1.15725
1.16076
1.16417
1.16746
1.17061
1.17361
1.17645
1.17911
1.18159
1.18389
1.18601
1.18793
1.18967
1.19124
1.19262
1.19384
1.1949
1.1958
1.19656
1.19718
1.19767
1.19805
1.19831
1.19848
1.19856
1.19855
1.19846
1.19831
1.1981
1.19783
1.19751
1.19714
1.19674
1.1963
1.19582
1.19532
1.19478
1.19422
1.19363
1.19301
1.19237
1.19169
1.19099
1.19025
1.18948
1.18867
1.18781
1.18692
1.18597
1.18497
1.18391
1.1828
1.18161
1.18037
1.17905
1.17765
1.17618
1.17464
1.17301
1.1713
1.16952
1.16765
1.16572
1.16371
1.16164
1.1595
1.15731
1.15507
1.15278
1.15046
1.1481
1.14572
1.14333
1.14092
1.1385
1.13608
1.13365
1.13123
1.12881
1.12638
1.12396
1.12154
1.11912
1.11669
1.11425
1.11181
1.10935
1.10688
1.1044
1.1019
1.09939
1.09688
1.09436
1.09183
1.08932
1.08682
1.08435
1.08191
1.07953
1.07721
1.07497
1.07282
1.07078
1.06886
1.06707
1.06543
1.06396
1.06265
1.06153
1.0606
1.05987
1.05933
1.05901
1.05889
1.05897
1.05927
1.05977
1.06047
1.06137
1.06246
1.06373
1.06516
1.06676
1.06851
1.0704
1.07241
1.07453
1.07675
1.07905
1.08143
1.08386
1.08633
1.08883
1.09135
1.09387
1.09638
1.09887
1.10134
1.10376
1.10614
1.10846
1.11073
1.11292
1.11504
1.11708
1.11903
1.12089
1.12265
1.12432
1.12588
1.12733
1.12866
1.12987
1.13095
1.1319
1.1327
1.13335
1.13385
1.13419
1.13435
1.13434
1.13415
1.13378
1.13322
1.13248
1.13156
1.13047
1.1292
1.12779
1.12623
1.12455
1.12277
1.1209
1.11899
1.11705
1.11512
1.11322
1.11138
1.10962
1.10797
1.10645
1.10508
1.10387
1.10281
1.10192
1.10119
1.1006
1.10015
1.09982
1.09958
1.09941
1.09929
1.0992
1.09909
1.09897
1.0988
1.09857
1.09826
1.09786
1.09736
1.09676
1.09605
1.09525
1.09434
1.09334
1.09225
1.09108
1.08986
1.08857
1.08725
1.08589
1.08452
1.08314
1.08177
1.08041
1.07907
1.07775
1.07647
1.07523
1.07403
1.07287
1.07176
1.0707
1.06968
1.06873
1.06782
1.06698
1.0662
1.06549
1.06485
1.06429
1.06381
1.06343
1.06314
1.06296
1.06288
1.06292
1.06306
1.06331
1.06366
1.06412
1.06466
1.06527
1.06595
1.06668
1.06743
1.06819
1.06895
1.06967
1.07035
1.07097
1.07151
1.07194
1.07227
1.07248
1.07254
1.07247
1.07224
1.07185
1.07129
1.07057
1.06968
1.06862
1.06738
1.06598
1.06441
1.06269
1.06081
1.05879
1.05663
1.05435
1.05196
1.04947
1.04691
1.04428
1.04161
1.03891
1.0362
1.0335
1.03083
1.02818
1.02559
1.02305
1.02059
1.0182
1.01588
1.01365
1.01149
1.00941
1.0074
1.00546
1.00359
1.00179
1.00004
0.998365
0.996749
0.995199
0.993719
0.992315
0.990994
0.989766
0.988642
0.987633
0.98675
0.986004
0.985408
0.984974
0.984715
0.984636
0.984748
0.985058
0.985571
0.98629
0.987217
0.988352
0.989693
0.991238
0.992981
0.994916
0.997038
0.999338
1.00181
1.00443
1.0072
1.01011
1.01315
1.01629
1.01954
1.02288
1.0263
1.02978
1.03333
1.03692
1.04055
1.04421
1.04789
1.05159
1.0553
1.05901
1.06273
1.06645
1.07017
1.07389
1.07761
1.08132
1.08504
1.08876
1.09248
1.09621
1.09993
1.10366
1.10738
1.1111
1.1148
1.11849
1.12215
1.12578
1.12936
1.13288
1.13632
1.13969
1.14295
1.14611
1.14914
1.15205
1.15481
1.15742
1.15987
1.16216
1.16428
1.16622
1.168
1.1696
1.17104
1.17232
1.17345
1.17443
1.17528
1.176
1.1766
1.17711
1.17752
1.17786
1.17813
1.17835
1.17852
1.17865
1.17876
1.17884
1.1789
1.17895
1.17899
1.17901
1.17902
1.17902
1.17901
1.17897
1.17892
1.17883
1.17872
1.17858
1.1784
1.17818
1.17792
1.17763
1.1773
1.17694
1.17655
1.17613
1.17569
1.17524
1.17479
1.17433
1.17389
1.17346
1.17306
1.17268
1.17234
1.17204
1.17177
1.17153
1.17134
1.17118
1.17104
1.17093
1.17084
1.17075
1.17066
1.17057
1.17046
1.17033
1.17017
1.16999
1.16976
1.16951
1.16921
1.16888
1.16852
1.16813
1.16772
1.16728
1.16684
1.1664
1.16597
1.16556
1.16517
1.16483
1.16454
1.1643
1.16414
1.16405
1.16405
1.16415
1.16435
1.16465
1.16506
1.16558
1.16621
1.16696
1.16781
1.16878
1.16984
1.17099
1.17223
1.17354
1.17491
1.17633
1.17779
1.17927
1.18076
1.18224
1.18369
1.18511
1.18647
1.18776
1.18897
1.19007
1.19107
1.19193
1.19267
1.19325
1.19368
1.19396
1.19407
1.19401
1.19378
1.19339
1.19283
1.19211
1.19123
1.1902
1.18904
1.18774
1.18632
1.1848
1.18318
1.18148
1.17971
1.17789
1.17604
1.17417
1.1723
1.17044
1.16861
1.16684
1.16512
1.16349
1.16195
1.16051
1.15919
1.158
1.15696
1.15605
1.1553
1.1547
1.15426
1.15397
1.15384
1.15385
1.15401
1.15429
1.1547
1.1552
1.15581
1.15648
1.15723
1.15801
1.15883
1.15967
1.1605
1.16133
1.16213
1.16289
1.16361
1.16428
1.16488
1.16542
1.1659
1.1663
1.16662
1.16687
1.16705
1.16715
1.16718
1.16714
1.16704
1.16688
1.16666
1.1664
1.1661
1.16576
1.1654
1.16502
1.16464
1.16426
1.16389
1.16354
1.16323
1.16297
1.16276
1.16262
1.16255
1.16256
1.16266
1.16284
1.16312
1.1635
1.16397
1.16453
1.16518
1.16592
1.16674
1.16763
1.16858
1.16959
1.17063
1.1717
1.17279
1.17388
1.17497
1.17605
1.1771
1.17812
1.17909
1.18002
1.1809
1.18171
1.18247
1.18316
1.1838
1.18437
1.18488
1.18533
1.18572
1.18607
1.18637
1.18663
1.18686
1.18706
1.18724
1.1874
1.18756
1.18771
1.18787
1.18803
1.18821
1.18842
1.18865
1.18892
1.18922
1.18957
1.18996
1.1904
1.1909
1.19145
1.19206
1.19272
1.19345
1.19423
1.19507
1.19596
1.19691
1.19789
1.19892
1.19999
1.20108
1.20219
1.20331
1.20444
1.20555
1.20665
1.20772
1.20875
1.20973
1.21064
1.21149
1.21225
1.21293
1.2135
1.21396
1.2143
1.21452
1.21461
1.21456
1.21437
1.21404
1.21356
1.21294
1.21217
1.21125
1.21018
1.20897
1.20762
1.20613
1.20449
1.20272
1.20082
1.19878
1.19661
1.19432
1.19189
1.18934
1.18666
1.18384
1.1809
1.17782
1.1746
1.17123
1.16772
1.16405
1.16023
1.15624
1.15208
1.14774
1.14321
1.1385
1.13359
1.12849
1.12319
1.11769
1.11199
1.1061
1.10001
1.09375
1.0873
1.0807
1.07395
1.06706
1.06006
1.05298
1.04584
1.03867
1.0315
1.02438
1.01733
1.0104
1.00364
0.997077
0.990761
0.984731
0.979026
0.973682
0.968729
0.964196
0.960104
0.956467
0.953297
0.950596
0.948366
0.946601
0.945294
0.944433
0.944008
0.944005
0.944416
0.945229
0.946435
0.948028
0.950003
0.952357
0.955087
0.958192
0.961672
0.965525
0.969747
0.974336
0.979285
0.984586
0.99023
0.996203
1.00249
1.00907
1.01592
1.02301
1.03032
1.03781
1.04545
1.05321
1.06104
1.0689
1.07677
1.08459
1.09233
1.09995
1.10741
1.11468
1.12172
1.12851
1.13501
1.1412
1.14705
1.15255
1.15767
1.16242
1.16676
1.17071
1.17425
1.17738
1.1801
1.18242
1.18434
1.18587
1.18702
1.1878
1.18824
1.18833
1.18811
1.18758
1.18677
1.18568
1.18435
1.18278
1.18099
1.179
1.17682
1.17446
1.17194
1.16926
1.16644
1.16348
1.1604
1.15719
1.15387
1.15044
1.14691
1.14328
1.13956
1.13577
1.13191
1.128
1.12404
1.12005
1.11606
1.11208
1.10812
1.10421
1.10038
1.09664
1.09302
1.08955
1.08625
1.08316
1.08029
1.07768
1.07534
1.07329
1.07157
1.07018
1.06915
1.06848
1.06818
1.06827
1.06874
1.06959
1.07082
1.07243
1.07439
1.0767
1.07933
1.08228
1.08551
1.089
1.09273
1.09667
1.10078
1.10504
1.10943
1.1139
1.11844
1.12301
1.12758
1.13213
1.13664
1.14106
1.14539
1.14959
1.15365
1.15754
1.16125
1.16476
1.16806
1.17112
1.17395
1.17652
1.17883
1.18088
1.18266
1.18417
1.1854
1.18636
1.18706
1.18749
1.18766
1.18759
1.18727
1.18673
1.18596
1.18499
1.18383
1.18249
1.18099
1.17934
1.17757
1.17568
1.1737
1.17163
1.16951
1.16735
1.16515
1.16295
1.16074
1.15856
1.1564
1.15429
1.15224
1.15025
1.14833
1.14649
1.14474
1.14307
1.14149
1.14
1.1386
1.13728
1.13604
1.13488
1.13378
1.13274
1.13175
1.1308
1.12989
1.12899
1.12811
1.12722
1.12634
1.12543
1.12451
1.12356
1.12258
1.12155
1.12049
1.11938
1.11823
1.11704
1.11581
1.11454
1.11325
1.11192
1.11058
1.10923
1.10787
1.10653
1.10519
1.10389
1.10262
1.1014
1.10023
1.09912
1.09809
1.09714
1.09627
1.09549
1.0948
1.09421
1.09371
1.09331
1.09299
1.09276
1.09261
1.09254
1.09253
1.09259
1.0927
1.09286
1.09305
1.09328
1.09353
1.0938
1.09407
1.09435
1.09463
1.0949
1.09516
1.0954
1.09564
1.09586
1.09607
1.09626
1.09645
1.09663
1.09682
1.09701
1.09722
1.09746
1.09773
1.09804
1.0984
1.09882
1.09931
1.09987
1.10052
1.10126
1.10209
1.10302
1.10404
1.10515
1.10635
1.10764
1.109
1.11043
1.11193
1.11347
1.11505
1.11665
1.11828
1.11991
1.12154
1.12316
1.12476
1.12634
1.1279
1.12942
1.13092
1.13238
1.13382
1.13521
1.13658
1.13791
1.13921
1.14048
1.14173
1.14294
1.14411
1.14526
1.14636
1.14743
1.14846
1.14944
1.15037
1.15125
1.15207
1.15282
1.1535
1.15411
1.15463
1.15507
1.15543
1.15568
1.15584
1.1559
1.15586
1.15571
1.15546
1.1551
1.15464
1.15408
1.15341
1.15266
1.15181
1.15088
1.14986
1.14878
1.14762
1.14641
1.14515
1.14385
1.14252
1.14116
1.13979
1.13841
1.13704
1.13568
1.13433
1.13302
1.13173
1.13049
1.1293
1.12817
1.12709
1.12608
1.12514
1.12427
1.12348
1.12277
1.12214
1.12159
1.12112
1.12073
1.12042
1.12018
1.12002
1.11994
1.11992
1.11997
1.12009
1.12026
1.12049
1.12077
1.12108
1.12144
1.12183
1.12225
1.12268
1.12314
1.1236
1.12407
1.12454
1.125
1.12544
1.12586
1.12626
1.12663
1.12696
1.12724
1.12749
1.12768
1.12782
1.12791
1.12793
1.12791
1.12782
1.12768
1.12748
1.12723
1.12692
1.12657
1.12618
1.12576
1.1253
1.12483
1.12435
1.12386
1.12339
1.12293
1.1225
1.12212
1.1218
1.12154
1.12136
1.12128
1.1213
1.12143
1.1217
1.1221
1.12266
1.12337
1.12425
1.1253
1.12653
1.12795
1.12955
1.13134
1.13331
1.13546
1.13778
1.14028
1.14294
1.14574
1.14868
1.15175
1.15493
1.1582
1.16154
1.16494
1.16837
1.17182
1.17527
1.17869
1.18206
1.18537
1.18859
1.1917
1.19469
1.19753
1.2002
1.20269
1.20499
1.20707
1.20892
1.21052
1.21187
1.21295
1.21375
1.21426
1.21447
1.21438
1.21399
1.21328
1.21226
1.21093
1.20929
1.20734
1.2051
1.20256
1.19973
1.19663
1.19327
1.18967
1.18583
1.18178
1.17754
1.17312
1.16855
1.16386
1.15906
1.15419
1.14928
1.14434
1.13941
1.13452
1.12969
1.12494
1.12032
1.11583
1.1115
1.10735
1.1034
1.09966
1.09615
1.09287
1.08983
1.08704
1.08449
1.08218
1.08011
1.07828
1.07668
1.0753
1.07413
1.07315
1.07237
1.07177
1.07135
1.07108
1.07097
1.071
1.07117
1.07146
1.07188
1.07241
1.07305
1.07378
1.07461
1.07553
1.07654
1.07761
1.07876
1.07996
1.08122
1.08253
1.08387
1.08524
1.08663
1.08803
1.08943
1.09082
1.09219
1.09353
1.09483
1.09608
1.09728
1.0984
1.09946
1.10043
1.10132
1.10212
1.10283
1.10345
1.10398
1.10442
1.10478
1.10507
1.10528
1.10543
1.10554
1.1056
1.10564
1.10566
1.10569
1.10573
1.10581
1.10592
1.10609
1.10632
1.10662
1.10701
1.10748
1.10804
1.10868
1.10941
1.11022
1.1111
1.11203
1.11302
1.11403
1.11507
1.1161
1.11711
1.11808
1.11899
1.11982
1.12055
1.12115
1.12161
1.12191
1.12204
1.12198
1.12172
1.12126
1.12057
1.11967
1.11854
1.11719
1.11562
1.11384
1.11186
1.10969
1.10734
1.10483
1.10217
1.09939
1.09649
1.09351
1.09047
1.08739
1.08428
1.08118
1.07811
1.07509
1.07213
1.06926
1.0665
1.06387
1.06138
1.05905
1.05689
1.05491
1.05312
1.05154
1.05015
1.04898
1.04802
1.04727
1.04674
1.04641
1.04629
1.04636
1.04662
1.04706
1.04768
1.04846
1.0494
1.05048
1.05169
1.05302
1.05447
1.05601
1.05765
1.05936
1.06115
1.06298
1.06487
1.06679
1.06873
1.07069
1.07265
1.0746
1.07654
1.07844
1.08032
1.08215
1.08393
1.08566
1.08732
1.08892
1.09044
1.09189
1.09326
1.09456
1.09577
1.09691
1.09797
1.09895
1.09986
1.10069
1.10146
1.10216
1.10281
1.1034
1.10395
1.10446
1.10495
1.1054
1.10585
1.10628
1.10672
1.10717
1.10763
1.10812
1.10865
1.1092
1.1098
1.11044
1.11111
1.11184
1.11259
1.11339
1.11421
1.11504
1.11589
1.11672
1.11754
1.11833
1.11906
1.11973
1.12032
1.12082
1.12119
1.12144
1.12155
1.1215
1.12128
1.12089
1.12032
1.11956
1.11861
1.11747
1.11615
1.11465
1.11297
1.11113
1.10914
1.10702
1.10477
1.10242
1.09998
1.09748
1.09493
1.09235
1.08978
1.08721
1.08469
1.08222
1.07983
1.07753
1.07533
1.07327
1.07134
1.06955
1.06793
1.06646
1.06517
1.06406
1.06312
1.06237
1.06179
1.06139
1.06116
1.06109
1.06119
1.06144
1.06184
1.06237
1.06303
1.06381
1.0647
1.06569
1.06676
1.06791
1.06912
1.0704
1.07172
1.07308
1.07447
1.07587
1.0773
1.07872
1.08015
1.08158
1.083
1.08441
1.08581
1.0872
1.08857
1.08994
1.09129
1.09265
1.09401
1.09538
1.09677
1.09819
1.09965
1.10117
1.10274
1.10439
1.10612
1.10794
1.10987
1.1119
1.11405
1.11631
1.11868
1.12116
1.12375
1.12643
1.12919
1.13201
1.13488
1.13778
1.1407
1.14359
1.14646
1.14927
1.152
1.15465
1.15718
1.15958
1.16185
1.16396
1.1659
1.16768
1.16927
1.17068
1.1719
1.17293
1.17378
1.17444
1.17492
1.17522
1.17534
1.17529
1.17508
1.17471
1.17419
1.17352
1.17271
1.17176
1.17069
1.16949
1.16818
1.16676
1.16523
1.1636
1.16188
1.16007
1.15817
1.15619
1.15413
1.152
1.14981
1.14755
1.14522
1.14284
1.14041
1.13793
1.1354
1.13284
1.13023
1.1276
1.12493
1.12224
1.11953
1.11681
1.11407
1.11132
1.10857
1.10582
1.10307
1.10033
1.0976
1.09489
1.0922
1.08954
1.08691
1.08431
1.08175
1.07924
1.07677
1.07436
1.07201
1.06973
1.06752
1.06539
1.06335
1.06139
1.05954
1.05779
1.05615
1.05463
1.05324
1.05198
1.05086
1.04987
1.04903
1.04834
1.0478
1.04741
1.04716
1.04707
1.04712
1.04731
1.04764
1.0481
1.04868
1.04938
1.05019
1.05109
1.05208
1.05314
1.05427
1.05546
1.05669
1.05795
1.05923
1.06053
1.06183
1.06312
1.06441
1.06567
1.06691
1.06811
1.06928
1.07041
1.07149
1.07252
1.0735
1.07443
1.07531
1.07614
1.07692
1.07764
1.07832
1.07895
1.07954
1.08009
1.0806
1.08109
1.08156
1.08201
1.08246
1.08292
1.08339
1.08389
1.08443
1.08502
1.08568
1.08642
1.08726
1.08821
1.08928
1.09049
1.09184
1.09336
1.09505
1.0969
1.09894
1.10116
1.10355
1.10612
1.10885
1.11174
1.11477
1.11793
1.12121
1.12457
1.12801
1.1315
1.13502
1.13855
1.14207
1.14556
1.14899
1.15235
1.15563
1.15879
1.16183
1.16472
1.16747
1.17004
1.17243
1.17464
1.17664
1.17843
1.18001
1.18136
1.18249
1.18338
1.18405
1.18448
1.18467
1.18465
1.1844
1.18393
1.18326
1.18239
1.18135
1.18014
1.17878
1.1773
1.17571
1.17402
1.17226
1.17045
1.16861
1.16675
1.16489
1.16305
1.16123
1.15945
1.15773
1.15606
1.15444
1.15289
1.1514
1.14996
1.14858
1.14725
1.14596
1.14471
1.1435
1.1423
1.14113
1.13997
1.13881
1.13765
1.13648
1.13531
1.13412
1.13291
1.13168
1.13042
1.12914
1.12784
1.12651
1.12515
1.12377
1.12237
1.12096
1.11953
1.11809
1.11666
1.11523
1.11381
1.11241
1.11105
1.10973
1.10846
1.10725
1.10611
1.10505
1.10408
1.10321
1.10245
1.10181
1.1013
1.10093
1.10069
1.10062
1.10069
1.10094
1.10136
1.10195
1.10272
1.10368
1.10483
1.10617
1.1077
1.10942
1.11133
1.11342
1.11569
1.11813
1.12072
1.12345
1.12631
1.12928
1.13233
1.13545
1.1386
1.14178
1.14494
1.14808
1.15117
1.15418
1.1571
1.1599
1.16259
1.16513
1.16752
1.16975
1.17182
1.17372
1.17546
1.17702
1.17842
1.17966
1.18074
1.18167
1.18245
1.18308
1.18356
