#     ISTANT_POTENTIAL:
-6.79298
-6.79266
-6.79212
-6.79137
-6.7904
-6.78921
-6.78779
-6.78615
-6.78428
-6.78218
-6.77983
-6.77724
-6.77408
-6.77097
-6.76743
-6.76331
-6.7589
-6.75434
-6.74946
-6.7441
-6.7387
-6.73233
-6.72574
-6.71891
-6.71137
-6.7034
-6.69529
-6.68611
-6.6769
-6.66674
-6.65665
-6.64542
-6.63391
-6.62196
-6.60999
-6.59709
-6.58293
-6.56854
-6.55285
-6.53675
-6.51976
-6.50232
-6.48443
-6.46561
-6.44601
-6.42608
-6.40612
-6.38432
-6.36206
-6.33874
-6.31528
-6.29051
-6.26491
-6.23897
-6.21272
-6.18622
-6.15876
-6.13116
-6.1027
-6.07423
-6.04518
-6.01593
-5.98716
-5.95833
-5.9292
-5.90014
-5.87061
-5.84204
-5.81343
-5.78529
-5.75768
-5.73051
-5.70323
-5.67649
-5.65111
-5.62638
-5.60234
-5.57845
-5.55596
-5.53387
-5.51282
-5.49285
-5.47357
-5.45485
-5.43796
-5.42232
-5.40735
-5.3937
-5.38109
-5.37028
-5.36039
-5.35172
-5.34396
-5.3377
-5.33231
-5.32776
-5.32477
-5.32268
-5.32127
-5.32138
-5.3222
-5.32393
-5.3259
-5.32892
-5.33185
-5.33567
-5.33968
-5.34411
-5.34873
-5.35378
-5.35873
-5.36354
-5.36829
-5.3728
-5.37702
-5.38108
-5.38542
-5.38941
-5.39348
-5.39659
-5.39993
-5.4026
-5.40522
-5.40839
-5.41107
-5.41358
-5.41548
-5.41739
-5.41888
-5.42055
-5.42213
-5.42424
-5.42538
-5.42678
-5.42782
-5.42854
-5.43043
-5.43124
-5.43234
-5.43387
-5.43507
-5.43625
-5.43771
-5.43853
-5.43947
-5.44037
-5.44184
-5.4422
-5.44342
-5.44445
-5.44527
-5.44604
-5.44677
-5.44731
-5.44813
-5.44848
-5.44927
-5.45023
-5.45075
-5.45145
-5.45281
-5.45422
-5.45509
-5.4565
-5.45767
-5.45848
-5.45981
-5.46166
-5.46296
-5.46415
-5.46522
-5.46688
-5.46822
-5.46906
-5.46997
-5.47154
-5.47252
-5.4735
-5.47401
-5.47387
-5.47397
-5.47416
-5.47382
-5.4731
-5.47215
-5.47158
-5.4702
-5.46876
-5.46684
-5.46505
-5.46296
-5.46119
-5.45872
-5.45617
-5.45387
-5.45169
-5.4495
-5.44732
-5.44533
-5.44369
-5.44137
-5.43929
-5.43747
-5.43563
-5.43376
-5.4325
-5.43124
-5.4297
-5.42848
-5.42761
-5.42708
-5.42691
-5.42681
-5.42678
-5.42745
-5.42837
-5.42925
-5.42981
-5.43111
-5.43256
-5.43446
-5.43684
-5.43938
-5.44269
-5.44603
-5.44983
-5.45378
-5.45803
-5.46238
-5.46683
-5.47181
-5.47651
-5.48272
-5.4883
-5.49364
-5.49916
-5.50483
-5.5103
-5.51599
-5.52125
-5.52637
-5.53146
-5.53694
-5.5416
-5.54585
-5.55
-5.55372
-5.55687
-5.55988
-5.56247
-5.56508
-5.56773
-5.56966
-5.57178
-5.57352
-5.57502
-5.57616
-5.57739
-5.57798
-5.57854
-5.57834
-5.57874
-5.5787
-5.57853
-5.5781
-5.57803
-5.5774
-5.57715
-5.57682
-5.57597
-5.57536
-5.5747
-5.57383
-5.57323
-5.57152
-5.57083
-5.56994
-5.56932
-5.56805
-5.56764
-5.56689
-5.56578
-5.56402
-5.56265
-5.56152
-5.56002
-5.55845
-5.55711
-5.55522
-5.55339
-5.55162
-5.5499
-5.54792
-5.54583
-5.54348
-5.5407
-5.53826
-5.5357
-5.53287
-5.53008
-5.52732
-5.52401
-5.52075
-5.51784
-5.5144
-5.51089
-5.50731
-5.50382
-5.49984
-5.49582
-5.49207
-5.48861
-5.48498
-5.48104
-5.47771
-5.47407
-5.47044
-5.46681
-5.46348
-5.45969
-5.45591
-5.45196
-5.44831
-5.44449
-5.4411
-5.43725
-5.43352
-5.42993
-5.42647
-5.423
-5.41891
-5.41513
-5.41135
-5.4073
-5.40329
-5.39949
-5.39591
-5.39198
-5.38801
-5.38479
-5.38188
-5.37884
-5.37646
-5.37385
-5.37164
-5.36938
-5.36724
-5.36584
-5.36459
-5.36379
-5.36345
-5.36312
-5.3634
-5.36445
-5.3646
-5.36565
-5.3673
-5.36878
-5.37053
-5.37254
-5.37494
-5.37756
-5.38024
-5.38296
-5.3866
-5.38993
-5.39353
-5.39679
-5.39998
-5.40339
-5.40699
-5.41047
-5.41455
-5.41847
-5.42191
-5.42545
-5.42909
-5.43236
-5.4363
-5.43939
-5.44253
-5.44571
-5.44846
-5.45184
-5.45433
-5.45668
-5.45903
-5.46107
-5.46309
-5.46494
-5.46736
-5.46943
-5.471
-5.47236
-5.47334
-5.47364
-5.47414
-5.47408
-5.47437
-5.47454
-5.47398
-5.4733
-5.47219
-5.47066
-5.46977
-5.46772
-5.46544
-5.46265
-5.45998
-5.45746
-5.45436
-5.45149
-5.44873
-5.44673
-5.44418
-5.44157
-5.43863
-5.43615
-5.43403
-5.43212
-5.43014
-5.42886
-5.42723
-5.42628
-5.42541
-5.42443
-5.42453
-5.42448
-5.42423
-5.42421
-5.42421
-5.42406
-5.42403
-5.42393
-5.42388
-5.42311
-5.42312
-5.42222
-5.42147
-5.41951
-5.41845
-5.41693
-5.41543
-5.4138
-5.4119
-5.4096
-5.40737
-5.40568
-5.4032
-5.40084
-5.39862
-5.39595
-5.39391
-5.3916
-5.38978
-5.38755
-5.38554
-5.38358
-5.3823
-5.38048
-5.37859
-5.37707
-5.37578
-5.37382
-5.37226
-5.37108
-5.37031
-5.36951
-5.36882
-5.36795
-5.36722
-5.36664
-5.36622
-5.36595
-5.36585
-5.36561
-5.36584
-5.36637
-5.36675
-5.36786
-5.36894
-5.36981
-5.3709
-5.37218
-5.37317
-5.37401
-5.37495
-5.37612
-5.37689
-5.37815
-5.37942
-5.37946
-5.38006
-5.38002
-5.3805
-5.38046
-5.37958
-5.3789
-5.37827
-5.37709
-5.37534
-5.37364
-5.37153
-5.36918
-5.36674
-5.36438
-5.3615
-5.35796
-5.35514
-5.35125
-5.34752
-5.34367
-5.33988
-5.33557
-5.33167
-5.32776
-5.3231
-5.31909
-5.31497
-5.31108
-5.30773
-5.30418
-5.30089
-5.29727
-5.29392
-5.29038
-5.28711
-5.28379
-5.28089
-5.27839
-5.27553
-5.27261
-5.27009
-5.26782
-5.26565
-5.26373
-5.26132
-5.25934
-5.25749
-5.25566
-5.25384
-5.25297
-5.25154
-5.25035
-5.2503
-5.25006
-5.24979
-5.2495
-5.24981
-5.25089
-5.25212
-5.25366
-5.25521
-5.25752
-5.25969
-5.26261
-5.26566
-5.26854
-5.27154
-5.27554
-5.27933
-5.28304
-5.28725
-5.29211
-5.29698
-5.30201
-5.30687
-5.31199
-5.31752
-5.32344
-5.32913
-5.33442
-5.33976
-5.34574
-5.35144
-5.35715
-5.36303
-5.36861
-5.37404
-5.37992
-5.3858
-5.39137
-5.3974
-5.40343
-5.40901
-5.41459
-5.42078
-5.42652
-5.43181
-5.43785
-5.44357
-5.44898
-5.45481
-5.46016
-5.46575
-5.47066
-5.47639
-5.48127
-5.48616
-5.49121
-5.49594
-5.50065
-5.50471
-5.50915
-5.51337
-5.5172
-5.52063
-5.52396
-5.52688
-5.52939
-5.53134
-5.53305
-5.53467
-5.53636
-5.53768
-5.53894
-5.54002
-5.54168
-5.54229
-5.54321
-5.54372
-5.54443
-5.5449
-5.54501
-5.54551
-5.54536
-5.54533
-5.54542
-5.5455
-5.5454
-5.54559
-5.54591
-5.54606
-5.54589
-5.54599
-5.5459
-5.54623
-5.54591
-5.54524
-5.54482
-5.54419
-5.54351
-5.54382
-5.54333
-5.54279
-5.54235
-5.54172
-5.54107
-5.54054
-5.53986
-5.53933
-5.53866
-5.53802
-5.53696
-5.5361
-5.53468
-5.53437
-5.53412
-5.53377
-5.53302
-5.53278
-5.53258
-5.53272
-5.53273
-5.53275
-5.53247
-5.53217
-5.53171
-5.53152
-5.53113
-5.53115
-5.53022
-5.52983
-5.52924
-5.52859
-5.52789
-5.52731
-5.52669
-5.52634
-5.52583
-5.52502
-5.52467
-5.52435
-5.52393
-5.52326
-5.52267
-5.52201
-5.52177
-5.52179
-5.52209
-5.52224
-5.52238
-5.52268
-5.52345
-5.52392
-5.52457
-5.52585
-5.52698
-5.52827
-5.53016
-5.53189
-5.53375
-5.53572
-5.53763
-5.53991
-5.5418
-5.54447
-5.54671
-5.54862
-5.5502
-5.55263
-5.55437
-5.55661
-5.55873
-5.56069
-5.56218
-5.56379
-5.56504
-5.56622
-5.56717
-5.56788
-5.5682
-5.56811
-5.56777
-5.56703
-5.56694
-5.56586
-5.56485
-5.56316
-5.5611
-5.55885
-5.55703
-5.55504
-5.55246
-5.55006
-5.54741
-5.54468
-5.5419
-5.54
-5.53719
-5.53456
-5.53227
-5.5293
-5.52657
-5.52367
-5.5212
-5.5189
-5.51737
-5.51544
-5.51386
-5.51251
-5.51198
-5.51153
-5.51057
-5.51014
-5.50994
-5.51027
-5.5102
-5.51048
-5.51108
-5.51185
-5.5126
-5.51347
-5.51458
-5.51531
-5.51624
-5.51765
-5.51905
-5.52029
-5.52104
-5.52219
-5.52311
-5.52411
-5.52532
-5.52599
-5.52654
-5.52714
-5.52793
-5.5283
-5.52857
-5.52917
-5.52892
-5.52916
-5.5284
-5.52846
-5.52769
-5.52729
-5.52668
-5.52603
-5.52533
-5.52446
-5.52389
-5.52377
-5.52337
-5.5227
-5.52238
-5.52229
-5.52198
-5.52101
-5.52136
-5.52183
-5.52182
-5.52194
-5.52251
-5.52262
-5.52302
-5.52387
-5.52515
-5.52566
-5.52644
-5.52777
-5.52935
-5.5307
-5.53272
-5.53433
-5.53596
-5.53761
-5.53924
-5.54086
-5.54228
-5.54336
-5.54452
-5.54636
-5.54722
-5.54875
-5.54974
-5.55063
-5.55203
-5.55304
-5.55365
-5.55433
-5.55522
-5.55604
-5.55634
-5.55658
-5.55738
-5.55767
-5.55824
-5.55864
-5.55872
-5.55925
-5.55903
-5.55928
-5.5594
-5.56001
-5.5602
-5.5603
-5.5606
-5.56082
-5.56141
-5.56238
-5.56282
-5.56334
-5.5641
-5.5651
-5.56604
-5.56751
-5.56877
-5.57026
-5.57168
-5.57271
-5.57395
-5.57555
-5.57764
-5.57915
-5.58054
-5.58238
-5.5839
-5.5857
-5.5873
-5.58885
-5.59047
-5.59184
-5.59281
-5.59411
-5.59542
-5.59658
-5.59728
-5.59794
-5.59812
-5.5981
-5.59727
-5.59699
-5.59619
-5.59548
-5.59439
-5.59368
-5.59276
-5.59131
-5.5895
-5.58747
-5.58538
-5.58293
-5.58042
-5.57757
-5.57481
-5.57171
-5.56782
-5.56448
-5.56081
-5.55678
-5.55211
-5.54754
-5.54231
-5.53824
-5.53304
-5.52823
-5.52258
-5.51624
-5.5101
-5.50386
-5.49735
-5.49072
-5.48365
-5.47629
-5.46879
-5.46038
-5.45183
-5.44313
-5.4346
-5.42562
-5.41592
-5.40625
-5.39589
-5.38546
-5.37558
-5.36524
-5.35477
-5.34375
-5.33284
-5.32315
-5.31245
-5.30158
-5.29164
-5.28209
-5.2724
-5.26247
-5.25312
-5.24425
-5.23593
-5.22926
-5.22246
-5.21617
-5.21147
-5.20641
-5.20266
-5.19932
-5.19682
-5.19516
-5.19402
-5.19324
-5.19323
-5.1937
-5.19507
-5.19673
-5.19897
-5.20208
-5.20531
-5.20986
-5.21421
-5.21898
-5.22431
-5.23019
-5.23707
-5.24465
-5.25245
-5.26091
-5.26957
-5.27915
-5.28872
-5.29915
-5.31024
-5.3206
-5.33214
-5.34346
-5.35494
-5.36639
-5.37819
-5.38984
-5.40172
-5.41349
-5.42477
-5.43627
-5.44748
-5.4579
-5.46807
-5.47843
-5.48786
-5.49694
-5.50504
-5.51334
-5.52015
-5.52667
-5.53213
-5.53699
-5.54138
-5.54561
-5.54909
-5.55182
-5.55411
-5.55568
-5.55686
-5.55751
-5.55841
-5.55792
-5.55697
-5.55545
-5.55337
-5.55137
-5.54825
-5.54602
-5.54303
-5.53991
-5.53652
-5.53274
-5.52872
-5.5251
-5.52066
-5.51573
-5.51077
-5.50563
-5.50033
-5.49458
-5.48884
-5.48327
-5.47727
-5.47194
-5.46576
-5.45952
-5.45339
-5.44786
-5.44248
-5.43655
-5.43068
-5.42523
-5.41962
-5.41464
-5.40913
-5.40418
-5.39863
-5.39448
-5.39071
-5.3872
-5.38428
-5.38139
-5.37901
-5.37745
-5.37645
-5.37585
-5.37598
-5.37699
-5.37857
-5.38027
-5.38313
-5.38622
-5.38999
-5.39395
-5.39867
-5.40321
-5.40831
-5.4139
-5.41996
-5.42628
-5.43238
-5.43911
-5.44583
-5.45263
-5.45979
-5.46681
-5.47349
-5.48039
-5.48719
-5.49353
-5.49938
-5.50547
-5.51116
-5.51627
-5.52154
-5.52663
-5.53153
-5.53592
-5.53948
-5.5428
-5.54633
-5.54884
-5.5508
-5.55235
-5.5538
-5.55544
-5.55594
-5.55574
-5.55563
-5.55531
-5.55479
-5.55364
-5.55203
-5.54999
-5.54767
-5.54572
-5.5434
-5.54059
-5.53775
-5.53508
-5.53183
-5.5291
-5.5257
-5.52241
-5.5191
-5.51549
-5.51191
-5.50868
-5.50521
-5.50227
-5.49883
-5.49596
-5.49274
-5.48981
-5.48716
-5.48524
-5.48361
-5.48166
-5.47968
-5.47783
-5.47608
-5.47459
-5.47379
-5.47261
-5.47149
-5.46966
-5.46847
-5.46729
-5.46612
-5.46464
-5.46329
-5.46221
-5.46078
-5.45931
-5.45777
-5.45632
-5.45512
-5.45354
-5.4513
-5.44991
-5.44786
-5.44637
-5.44438
-5.44237
-5.44049
-5.43846
-5.43659
-5.43474
-5.43248
-5.43058
-5.42904
-5.42759
-5.42609
-5.42424
-5.42265
-5.4212
-5.42033
-5.41915
-5.41826
-5.41752
-5.41675
-5.41643
-5.41639
-5.41662
-5.41666
-5.41665
-5.41674
-5.41676
-5.41669
-5.41668
-5.41717
-5.41724
-5.41734
-5.41776
-5.41818
-5.41814
-5.41854
-5.41863
-5.41915
-5.41966
-5.42014
-5.42105
-5.4212
-5.42148
-5.42206
-5.42203
-5.42232
-5.42203
-5.42238
-5.42308
-5.4234
-5.42424
-5.42487
-5.42515
-5.4263
-5.42727
-5.42884
-5.42978
-5.43072
-5.43225
-5.43392
-5.43572
-5.43825
-5.4403
-5.4426
-5.44483
-5.44775
-5.45057
-5.45283
-5.45572
-5.45817
-5.46076
-5.46304
-5.4653
-5.46797
-5.4703
-5.47259
-5.47469
-5.47688
-5.47918
-5.48143
-5.48363
-5.48547
-5.48818
-5.48963
-5.4912
-5.49271
-5.49402
-5.49589
-5.49785
-5.49991
-5.5013
-5.50262
-5.50417
-5.50548
-5.50671
-5.50708
-5.50781
-5.50841
-5.50905
-5.50895
-5.50918
-5.50987
-5.5098
-5.50989
-5.50998
-5.50961
-5.50908
-5.50824
-5.50755
-5.50685
-5.50631
-5.50518
-5.50375
-5.50266
-5.50114
-5.49951
-5.49778
-5.49641
-5.49422
-5.49257
-5.49027
-5.48823
-5.48678
-5.48471
-5.4822
-5.48
-5.47859
-5.47631
-5.47484
-5.47268
-5.47044
-5.46843
-5.46667
-5.46515
-5.46359
-5.46259
-5.46156
-5.46079
-5.46014
-5.45931
-5.45891
-5.45817
-5.45771
-5.45751
-5.45727
-5.45699
-5.45667
-5.45659
-5.45692
-5.45673
-5.45722
-5.45793
-5.45826
-5.45834
-5.45863
-5.4594
-5.45976
-5.45999
-5.46099
-5.46199
-5.46209
-5.46293
-5.46299
-5.46363
-5.46407
-5.46462
-5.46481
-5.46524
-5.46546
-5.4659
-5.46611
-5.46609
-5.46613
-5.46549
-5.46521
-5.4653
-5.465
-5.46431
-5.46401
-5.46394
-5.4632
-5.46286
-5.46264
-5.46208
-5.4612
-5.46062
-5.45991
-5.45967
-5.45858
-5.45831
-5.45827
-5.45819
-5.45777
-5.45809
-5.45842
-5.45847
-5.45963
-5.46039
-5.46152
-5.46259
-5.4639
-5.46548
-5.46673
-5.469
-5.4717
-5.47423
-5.47734
-5.48102
-5.48451
-5.4884
-5.49239
-5.4963
-5.50101
-5.50532
-5.51023
-5.51574
-5.52106
-5.52616
-5.53101
-5.53619
-5.5412
-5.54649
-5.5511
-5.55606
-5.56089
-5.56541
-5.57035
-5.57521
-5.57938
-5.58297
-5.58671
-5.58968
-5.592
-5.59441
-5.59629
-5.59791
-5.59941
-5.60048
-5.60049
-5.60021
-5.59992
-5.5987
-5.59657
-5.59442
-5.59181
-5.58935
-5.58598
-5.58201
-5.57808
-5.57358
-5.56854
-5.56253
-5.55677
-5.55054
-5.54402
-5.53725
-5.53069
-5.5238
-5.51676
-5.5096
-5.50207
-5.49482
-5.48697
-5.47962
-5.47252
-5.46465
-5.45756
-5.45083
-5.44433
-5.43826
-5.43203
-5.42612
-5.4207
-5.41548
-5.41107
-5.40673
-5.40305
-5.40004
-5.39785
-5.3951
-5.393
-5.39123
-5.38963
-5.38862
-5.38715
-5.38625
-5.38576
-5.38521
-5.38535
-5.38539
-5.38595
-5.38639
-5.38702
-5.38782
-5.38862
-5.38973
-5.39052
-5.39175
-5.39295
-5.39472
-5.39658
-5.39824
-5.39998
-5.40209
-5.40441
-5.40677
-5.4087
-5.41035
-5.412
-5.41393
-5.41569
-5.4177
-5.4198
-5.42153
-5.42287
-5.42425
-5.42598
-5.4282
-5.42954
-5.43058
-5.4318
-5.43258
-5.43292
-5.43283
-5.43307
-5.4338
-5.43427
-5.4348
-5.43465
-5.43459
-5.4345
-5.43423
-5.43382
-5.43358
-5.43354
-5.43371
-5.4338
-5.4337
-5.43461
-5.43503
-5.43514
-5.43627
-5.43679
-5.43773
-5.43909
-5.44056
-5.44197
-5.44269
-5.44452
-5.44638
-5.44808
-5.44975
-5.45121
-5.45242
-5.45397
-5.45491
-5.45551
-5.45621
-5.45681
-5.45671
-5.45662
-5.45638
-5.45508
-5.4542
-5.45299
-5.45176
-5.45003
-5.44753
-5.44547
-5.44265
-5.44
-5.43632
-5.4327
-5.42871
-5.42407
-5.41973
-5.41511
-5.41055
-5.40607
-5.40141
-5.39691
-5.39169
-5.38746
-5.38272
-5.37887
-5.37488
-5.37078
-5.3678
-5.3643
-5.36121
-5.35854
-5.35571
-5.35348
-5.35141
-5.34965
-5.34821
-5.34678
-5.34658
-5.34579
-5.34545
-5.34556
-5.34626
-5.34678
-5.34785
-5.34948
-5.35058
-5.3522
-5.35387
-5.35572
-5.35789
-5.36021
-5.36281
-5.36554
-5.36867
-5.37157
-5.37395
-5.37713
-5.3805
-5.38344
-5.38623
-5.38885
-5.39176
-5.39462
-5.39743
-5.40048
-5.40316
-5.40559
-5.40794
-5.41033
-5.41247
-5.41449
-5.4164
-5.41849
-5.42032
-5.42217
-5.42406
-5.42539
-5.42659
-5.42754
-5.42884
-5.4302
-5.43132
-5.43236
-5.43394
-5.43516
-5.43633
-5.43687
-5.43738
-5.43773
-5.43899
-5.43951
-5.44021
-5.44125
-5.44233
-5.44286
-5.4436
-5.44471
-5.44558
-5.44681
-5.44765
-5.44899
-5.45022
-5.45102
-5.45244
-5.454
-5.45523
-5.45641
-5.45736
-5.45882
-5.45971
-5.45999
-5.46102
-5.4617
-5.46186
-5.46163
-5.46116
-5.46042
-5.45956
-5.45842
-5.45714
-5.45513
-5.453
-5.45074
-5.44823
-5.44562
-5.44218
-5.43869
-5.43532
-5.43133
-5.42737
-5.42286
-5.41904
-5.41563
-5.41176
-5.40821
-5.40488
-5.40057
-5.39683
-5.39337
-5.39009
-5.38683
-5.38423
-5.38171
-5.37957
-5.37723
-5.37529
-5.37437
-5.37342
-5.37229
-5.37142
-5.37112
-5.37078
-5.37084
-5.37113
-5.37181
-5.37226
-5.37321
-5.37405
-5.37507
-5.37625
-5.37728
-5.37844
-5.38001
-5.38229
-5.38405
-5.38618
-5.38822
-5.39015
-5.39226
-5.3947
-5.39684
-5.39868
-5.40052
-5.4022
-5.40462
-5.40642
-5.40834
-5.4104
-5.41245
-5.41479
-5.41697
-5.41901
-5.42091
-5.42315
-5.42528
-5.42793
-5.42989
-5.43226
-5.43397
-5.43657
-5.4393
-5.44204
-5.44494
-5.44831
-5.45154
-5.45495
-5.45853
-5.46196
-5.46568
-5.46966
-5.47375
-5.47791
-5.48271
-5.48678
-5.49097
-5.49512
-5.49949
-5.5036
-5.50756
-5.51182
-5.51527
-5.51837
-5.52183
-5.5246
-5.52757
-5.53011
-5.53207
-5.53375
-5.53576
-5.53702
-5.53756
-5.53828
-5.53903
-5.53936
-5.53929
-5.53912
-5.53872
-5.53793
-5.53738
-5.53646
-5.5352
-5.53374
-5.53179
-5.52982
-5.52784
-5.52569
-5.5231
-5.52067
-5.5178
-5.51541
-5.51213
-5.5092
-5.50601
-5.50241
-5.49902
-5.49583
-5.49196
-5.48831
-5.48504
-5.4811
-5.4771
-5.47335
-5.46924
-5.4651
-5.46121
-5.45745
-5.4532
-5.44925
-5.44528
-5.441
-5.43657
-5.43244
-5.42864
-5.42454
-5.42093
-5.4172
-5.41275
-5.40895
-5.40521
-5.40107
-5.3973
-5.3936
-5.39059
-5.38707
-5.38364
-5.38048
-5.37728
-5.37406
-5.37128
-5.3685
-5.36557
-5.36372
-5.36174
-5.35935
-5.35731
-5.35578
-5.354
-5.35228
-5.3514
-5.35043
-5.34985
-5.34933
-5.34874
-5.34881
-5.34895
-5.34945
-5.35014
-5.35116
-5.35176
-5.35281
-5.35447
-5.3558
-5.358
-5.3594
-5.36118
-5.36317
-5.36476
-5.36654
-5.36879
-5.37044
-5.37238
-5.37416
-5.37651
-5.37837
-5.38048
-5.38223
-5.38422
-5.38524
-5.38678
-5.38781
-5.38966
-5.39098
-5.39176
-5.39277
-5.39356
-5.39427
-5.39507
-5.39565
-5.39677
-5.39785
-5.39858
-5.39928
-5.39996
-5.40109
-5.40147
-5.40188
-5.40278
-5.40343
-5.40462
-5.40546
-5.40687
-5.40843
-5.40985
-5.4113
-5.41296
-5.415
-5.41697
-5.41949
-5.42228
-5.42534
-5.42836
-5.43165
-5.4358
-5.4399
-5.44409
-5.44879
-5.45353
-5.45829
-5.46349
-5.46895
-5.47388
-5.47962
-5.48522
-5.49065
-5.49588
-5.50134
-5.50654
-5.51114
-5.51619
-5.52045
-5.52464
-5.52876
-5.53262
-5.53606
-5.53921
-5.54206
-5.5446
-5.54651
-5.54855
-5.55039
-5.55188
-5.55333
-5.55397
-5.55457
-5.55453
-5.55415
-5.55315
-5.55229
-5.55115
-5.54927
-5.54716
-5.54467
-5.54274
-5.54005
-5.53706
-5.53427
-5.5314
-5.52894
-5.52645
-5.52336
-5.52044
-5.51787
-5.51505
-5.51246
-5.5101
-5.50784
-5.50551
-5.50342
-5.50157
-5.49935
-5.4975
-5.49602
-5.4943
-5.49233
-5.49039
-5.48833
-5.48643
-5.48484
-5.48265
-5.48075
-5.47914
-5.4769
-5.47433
-5.47249
-5.47046
-5.46914
-5.46733
-5.46519
-5.4633
-5.46093
-5.45883
-5.45671
-5.45517
-5.45317
-5.45116
-5.44932
-5.44689
-5.44495
-5.44291
-5.44077
-5.43917
-5.4372
-5.43548
-5.43389
-5.43244
-5.43144
-5.4303
-5.42904
-5.42782
-5.4265
-5.4263
-5.42618
-5.4263
-5.42682
-5.42759
-5.42878
-5.42994
-5.43138
-5.43311
-5.43496
-5.43711
-5.43908
-5.44195
-5.44479
-5.44819
-5.452
-5.45574
-5.45999
-5.46443
-5.46843
-5.47286
-5.47768
-5.48242
-5.48733
-5.49224
-5.49679
-5.50157
-5.5064
-5.51078
-5.51514
-5.51946
-5.52312
-5.52701
-5.52991
-5.53271
-5.53541
-5.53847
-5.54051
-5.54292
-5.54523
-5.5464
-5.54809
-5.54925
-5.54974
-5.55048
-5.55115
