#     BLOCK:   ACTUAL_KE:    KE_AVE:      ERROR:
           1           3           3           0
           2     2.99989     2.99995 3.81733e-05
           3     2.99957     2.99982 0.000105854
           4     2.99903     2.99962 0.000188669
           5     2.99827     2.99935 0.000284412
           6      2.9973     2.99901 0.000391716
           7     2.99611      2.9986 0.000509687
           8      2.9947     2.99811 0.000637721
           9     2.99306     2.99755  0.00077541
          10     2.99119     2.99691 0.000922486
          11     2.98908      2.9962  0.00107879
          12     2.98674     2.99541  0.00124426
          13     2.98414     2.99455  0.00141888
          14     2.98129      2.9936  0.00160263
          15     2.97818     2.99257  0.00179557
          16     2.97479     2.99146  0.00199789
          17     2.97112     2.99026  0.00220972
          18     2.96716     2.98898  0.00243123
          19      2.9629     2.98761  0.00266266
          20     2.95832     2.98614  0.00290435
          21     2.95341     2.98458  0.00315663
          22     2.94816     2.98293  0.00341988
          23     2.94255     2.98117  0.00369449
          24     2.93656     2.97931  0.00398081
          25     2.93018     2.97735  0.00427927
          26      2.9234     2.97527  0.00459032
          27     2.91618     2.97308  0.00491441
          28     2.90852     2.97078  0.00525202
          29      2.9004     2.96835  0.00560364
          30     2.89179      2.9658  0.00596972
          31     2.88269     2.96312  0.00635074
          32     2.87305      2.9603  0.00674722
          33     2.86287     2.95735   0.0071597
          34     2.85212     2.95426  0.00758872
          35     2.84077     2.95101  0.00803484
          36      2.8288     2.94762   0.0084986
          37      2.8162     2.94407  0.00898052
          38     2.80294     2.94035  0.00948106
          39     2.78901     2.93647   0.0100007
          40     2.77437     2.93242   0.0105398
          41     2.75902     2.92819   0.0110989
          42     2.74294     2.92378   0.0116782
          43     2.72611     2.91918   0.0122781
          44     2.70851      2.9144   0.0128989
          45     2.69014     2.90941   0.0135408
          46     2.67099     2.90423   0.0142038
          47     2.65106     2.89884   0.0148879
          48     2.63034     2.89325   0.0155933
          49     2.60885     2.88744   0.0163195
          50     2.58659     2.88143   0.0170664
          51     2.56357     2.87519   0.0178335
          52     2.53981     2.86875   0.0186204
          53     2.51535     2.86208   0.0194262
          54      2.4902     2.85519   0.0202504
          55     2.46441     2.84809   0.0210919
          56     2.43802     2.84076   0.0219496
          57     2.41106     2.83322   0.0228224
          58     2.38361     2.82547   0.0237089
          59      2.3557     2.81751   0.0246078
          60      2.3274     2.80934   0.0255174
          61     2.29878     2.80097   0.0264362
          62     2.26988     2.79241   0.0273624
          63     2.24079     2.78365   0.0282943
          64     2.21157     2.77471   0.0292301
          65     2.18229      2.7656   0.0301679
          66     2.15301     2.75632   0.0311058
          67     2.12381     2.74688   0.0320421
          68     2.09474     2.73728   0.0329749
          69     2.06586     2.72755   0.0339024
          70     2.03725     2.71769   0.0348227
          71     2.00897     2.70771   0.0357343
          72     1.98106     2.69762   0.0366355
          73      1.9536     2.68743   0.0375246
          74     1.92662     2.67715   0.0384001
          75     1.90019     2.66679   0.0392606
          76     1.87435     2.65636   0.0401047
          77     1.84917     2.64588    0.040931
          78     1.82468     2.63535   0.0417383
          79     1.80095     2.62479   0.0425254
          80     1.77801      2.6142   0.0432911
          81     1.75592      2.6036   0.0440343
          82     1.73471     2.59301    0.044754
          83     1.71445     2.58242   0.0454494
          84     1.69517     2.57186   0.0461194
          85     1.67691     2.56133   0.0467632
          86     1.65971     2.55085   0.0473801
          87     1.64362     2.54042   0.0479693
          88     1.62866     2.53006   0.0485302
          89     1.61486     2.51978   0.0490623
          90     1.60225     2.50958    0.049565
          91     1.59084     2.49949    0.050038
          92     1.58064      2.4895    0.050481
          93     1.57167     2.47963   0.0508938
          94     1.56391     2.46989   0.0512763
          95     1.55734     2.46028   0.0516284
          96     1.55195     2.45082   0.0519504
          97     1.54771     2.44151   0.0522424
          98     1.54456     2.43236    0.052505
          99     1.54246     2.42337   0.0527384
         100     1.54135     2.41455   0.0529435
         101     1.54116      2.4059   0.0531208
         102     1.54182     2.39743   0.0532712
         103     1.54324     2.38914   0.0533956
         104     1.54535     2.38102    0.053495
         105     1.54807     2.37309   0.0535705
         106      1.5513     2.36534   0.0536232
         107     1.55496     2.35776   0.0536542
         108     1.55896     2.35037   0.0536648
         109     1.56324     2.34315   0.0536561
         110     1.56771      2.3361   0.0536294
         111      1.5723     2.32922   0.0535859
         112     1.57694      2.3225   0.0535268
         113     1.58159     2.31594   0.0534532
         114     1.58619     2.30954   0.0533662
         115      1.5907     2.30329    0.053267
         116     1.59507     2.29718   0.0531565
         117     1.59929     2.29122   0.0530358
         118     1.60332     2.28539   0.0529058
         119     1.60715     2.27969   0.0527673
         120     1.61078     2.27412   0.0526212
         121     1.61419     2.26866   0.0524681
         122     1.61738     2.26332   0.0523089
         123     1.62035      2.2581   0.0521442
         124     1.62312     2.25298   0.0519745
         125     1.62569     2.24796   0.0518004
         126     1.62807     2.24304   0.0516224
         127     1.63028     2.23821   0.0514409
         128     1.63233     2.23348   0.0512564
         129     1.63424     2.22883   0.0510691
         130     1.63603     2.22427   0.0508794
         131     1.63771      2.2198   0.0506877
         132     1.63929      2.2154   0.0504941
         133      1.6408     2.21108   0.0502989
         134     1.64224     2.20683   0.0501024
         135     1.64363     2.20266   0.0499046
         136     1.64498     2.19856   0.0497059
         137      1.6463     2.19453   0.0495062
         138     1.64759     2.19057   0.0493059
         139     1.64886     2.18667   0.0491049
         140      1.6501     2.18284   0.0489035
         141     1.65133     2.17907   0.0487018
         142     1.65253     2.17536   0.0484997
         143     1.65371     2.17171   0.0482976
         144     1.65487     2.16812   0.0480954
         145     1.65599     2.16459   0.0478932
         146     1.65709     2.16111   0.0476911
         147     1.65814     2.15769   0.0474893
         148     1.65915     2.15432   0.0472877
         149     1.66012     2.15101   0.0470865
         150     1.66104     2.14774   0.0468858
         151     1.66191     2.14452   0.0466855
         152     1.66273     2.14135   0.0464859
         153      1.6635     2.13823   0.0462868
         154     1.66423     2.13515   0.0460885
         155     1.66493     2.13212   0.0458909
         156      1.6656     2.12913   0.0456941
         157     1.66625     2.12618    0.045498
         158     1.66689     2.12327   0.0453028
         159     1.66754     2.12041   0.0451085
         160     1.66822     2.11758    0.044915
         161     1.66892     2.11479   0.0447224
         162     1.66967     2.11205   0.0445307
         163     1.67048     2.10934   0.0443398
         164     1.67136     2.10667   0.0441498
         165      1.6723     2.10403   0.0439606
         166     1.67333     2.10144   0.0437723
         167     1.67444     2.09888   0.0435848
         168     1.67561     2.09636   0.0433981
         169     1.67686     2.09388   0.0432123
         170     1.67816     2.09144   0.0430272
         171     1.67951     2.08903    0.042843
         172     1.68087     2.08665   0.0426595
         173     1.68223     2.08432    0.042477
         174     1.68357     2.08201   0.0422952
         175     1.68486     2.07974   0.0421144
         176     1.68607     2.07751   0.0419345
         177     1.68718      2.0753   0.0417555
         178     1.68816     2.07313   0.0415775
         179     1.68899     2.07098   0.0414006
         180     1.68965     2.06886   0.0412247
         181     1.69011     2.06677   0.0410501
         182     1.69036      2.0647   0.0408766
         183      1.6904     2.06266   0.0407043
         184     1.69021     2.06063   0.0405334
         185     1.68979     2.05863   0.0403639
         186     1.68915     2.05664   0.0401957
         187     1.68828     2.05467    0.040029
         188      1.6872     2.05272   0.0398638
         189     1.68591     2.05078   0.0397001
         190     1.68444     2.04885   0.0395379
         191     1.68281     2.04693   0.0393773
         192     1.68102     2.04502   0.0392183
         193     1.67911     2.04313   0.0390609
         194     1.67709     2.04124   0.0389051
         195     1.67499     2.03936   0.0387509
         196     1.67285     2.03749   0.0385983
         197     1.67067     2.03563   0.0384472
         198     1.66848     2.03378   0.0382978
         199      1.6663     2.03193   0.0381498
         200     1.66416     2.03009   0.0380033
         201     1.66207     2.02826   0.0378584
         202     1.66005     2.02644   0.0377148
         203     1.65813     2.02462   0.0375726
         204     1.65631     2.02282   0.0374318
         205     1.65461     2.02102   0.0372923
         206     1.65305     2.01924    0.037154
         207     1.65164     2.01746   0.0370169
         208     1.65038      2.0157    0.036881
         209     1.64929     2.01394   0.0367462
         210     1.64838      2.0122   0.0366124
         211     1.64766     2.01047   0.0364796
         212     1.64713     2.00876   0.0363478
         213     1.64681     2.00706   0.0362169
         214     1.64671     2.00538   0.0360867
         215     1.64683     2.00371   0.0359574
         216      1.6472     2.00206   0.0358288
         217     1.64782     2.00043   0.0357009
         218     1.64871     1.99881   0.0355735
         219     1.64987     1.99722   0.0354468
         220     1.65132     1.99565   0.0353205
         221     1.65307      1.9941   0.0351947
         222     1.65512     1.99257   0.0350692
         223      1.6575     1.99107   0.0349442
         224     1.66019     1.98959   0.0348194
         225     1.66321     1.98814   0.0346948
         226     1.66654     1.98672   0.0345705
         227     1.67019     1.98532   0.0344463
         228     1.67415     1.98396   0.0343222
         229     1.67838     1.98262   0.0341983
         230     1.68289     1.98132   0.0340744
         231     1.68764     1.98005   0.0339506
         232     1.69261     1.97881   0.0338269
         233     1.69777      1.9776   0.0337032
         234     1.70308     1.97643   0.0335796
         235     1.70849     1.97529    0.033456
         236     1.71399     1.97418   0.0333326
         237     1.71951     1.97311   0.0332093
         238     1.72502     1.97207   0.0330861
         239     1.73049     1.97106   0.0329631
         240     1.73587     1.97008   0.0328403
         241     1.74114     1.96913   0.0327178
         242     1.74625      1.9682   0.0325955
         243     1.75119     1.96731   0.0324736
         244     1.75592     1.96645   0.0323521
         245     1.76042      1.9656    0.032231
         246     1.76467     1.96479   0.0321103
         247     1.76867     1.96399   0.0319901
         248     1.77239     1.96322   0.0318704
         249     1.77584     1.96247   0.0317513
         250     1.77901     1.96173   0.0316328
         251      1.7819     1.96102   0.0315149
         252     1.78451     1.96032   0.0313976
         253     1.78685     1.95963    0.031281
         254     1.78893     1.95896   0.0311651
         255     1.79076      1.9583   0.0310498
         256     1.79234     1.95765   0.0309353
         257      1.7937     1.95701   0.0308215
         258     1.79483     1.95639   0.0307085
         259     1.79577     1.95577   0.0305962
         260     1.79651     1.95515   0.0304846
         261     1.79707     1.95455   0.0303738
         262     1.79747     1.95395   0.0302638
         263     1.79772     1.95335   0.0301546
         264     1.79783     1.95276   0.0300461
         265     1.79782     1.95218   0.0299384
         266      1.7977      1.9516   0.0298315
         267     1.79747     1.95102   0.0297253
         268     1.79715     1.95045     0.02962
         269     1.79674     1.94988   0.0295154
         270     1.79626     1.94931   0.0294115
         271     1.79572     1.94874   0.0293085
         272     1.79511     1.94818   0.0292062
         273     1.79445     1.94761   0.0291046
         274     1.79373     1.94705   0.0290038
         275     1.79298     1.94649   0.0289037
         276     1.79217     1.94593   0.0288044
         277     1.79133     1.94537   0.0287058
         278     1.79045     1.94482    0.028608
         279     1.78952     1.94426   0.0285109
         280     1.78855      1.9437   0.0284145
         281     1.78754     1.94315   0.0283188
         282     1.78648     1.94259   0.0282238
         283     1.78538     1.94204   0.0281296
         284     1.78422     1.94148    0.028036
         285       1.783     1.94092   0.0279431
         286     1.78172     1.94037    0.027851
         287     1.78037     1.93981   0.0277595
         288     1.77895     1.93925   0.0276687
         289     1.77745     1.93869   0.0275787
         290     1.77587     1.93813   0.0274893
         291     1.77419     1.93757   0.0274006
         292     1.77242       1.937   0.0273126
         293     1.77055     1.93643   0.0272253
         294     1.76857     1.93586   0.0271387
         295     1.76648     1.93529   0.0270527
         296     1.76427     1.93471   0.0269675
         297     1.76195     1.93413    0.026883
         298     1.75951     1.93354   0.0267992
         299     1.75695     1.93295    0.026716
         300     1.75427     1.93236   0.0266336
         301     1.75148     1.93176   0.0265519
         302     1.74858     1.93115   0.0264709
         303     1.74556     1.93054   0.0263906
         304     1.74245     1.92992   0.0263111
         305     1.73925     1.92929   0.0262322
         306     1.73596     1.92866   0.0261541
         307      1.7326     1.92802   0.0260767
         308     1.72917     1.92738   0.0260001
         309     1.72569     1.92672   0.0259241
         310     1.72215     1.92606   0.0258489
         311     1.71859      1.9254   0.0257744
         312     1.71499     1.92472   0.0257006
         313     1.71138     1.92404   0.0256275
         314     1.70775     1.92335   0.0255551
         315     1.70412     1.92266   0.0254835
         316     1.70048     1.92195   0.0254126
         317     1.69684     1.92124   0.0253423
         318     1.69321     1.92053   0.0252728
         319     1.68958      1.9198   0.0252039
         320     1.68595     1.91907   0.0251357
         321     1.68231     1.91833   0.0250682
         322     1.67868     1.91759   0.0250014
         323     1.67503     1.91684   0.0249353
         324     1.67138     1.91608   0.0248699
         325     1.66771     1.91532   0.0248051
         326     1.66402     1.91455    0.024741
         327     1.66032     1.91377   0.0246775
         328      1.6566     1.91298   0.0246147
         329     1.65285     1.91219   0.0245526
         330     1.64909      1.9114   0.0244911
         331     1.64532     1.91059   0.0244303
         332     1.64153     1.90978   0.0243702
         333     1.63775     1.90897   0.0243107
         334     1.63398     1.90814   0.0242518
         335     1.63023     1.90731   0.0241936
         336     1.62652     1.90648   0.0241361
         337     1.62287     1.90564   0.0240791
         338     1.61929     1.90479   0.0240228
         339     1.61582     1.90394    0.023967
         340     1.61246     1.90308   0.0239119
         341     1.60923     1.90222   0.0238573
         342     1.60617     1.90135   0.0238032
         343     1.60329     1.90048   0.0237497
         344     1.60061     1.89961   0.0236966
         345     1.59815     1.89874    0.023644
         346     1.59594     1.89786   0.0235919
         347     1.59398     1.89699   0.0235401
         348      1.5923     1.89611   0.0234888
         349      1.5909     1.89524   0.0234378
         350      1.5898     1.89436    0.023387
         351       1.589     1.89349   0.0233366
         352     1.58851     1.89263   0.0232864
         353     1.58833     1.89176   0.0232363
         354     1.58846     1.89091   0.0231865
         355     1.58891     1.89006   0.0231368
         356     1.58966     1.88921   0.0230872
         357     1.59071     1.88838   0.0230376
         358     1.59206     1.88755   0.0229881
         359     1.59369     1.88673   0.0229387
         360     1.59559     1.88592   0.0228892
         361     1.59775     1.88512   0.0228397
         362     1.60014     1.88434   0.0227902
         363     1.60276     1.88356   0.0227406
         364     1.60559      1.8828    0.022691
         365     1.60861     1.88205   0.0226412
         366      1.6118     1.88131   0.0225914
         367     1.61513     1.88058   0.0225415
         368     1.61858     1.87987   0.0224915
         369     1.62214     1.87917   0.0224414
         370     1.62579     1.87849   0.0223911
         371     1.62949     1.87782   0.0223408
         372     1.63324     1.87716   0.0222905
         373     1.63702     1.87651     0.02224
         374      1.6408     1.87588   0.0221895
         375     1.64457     1.87527   0.0221389
         376     1.64831     1.87466   0.0220882
         377       1.652     1.87407   0.0220375
         378     1.65564      1.8735   0.0219868
         379     1.65921     1.87293    0.021936
         380      1.6627     1.87238   0.0218853
         381     1.66609     1.87184   0.0218345
         382     1.66938     1.87131   0.0217838
         383     1.67256     1.87079   0.0217331
         384     1.67561     1.87028   0.0216825
         385     1.67854     1.86978   0.0216319
         386     1.68133     1.86929   0.0215813
         387     1.68398     1.86881   0.0215309
         388     1.68648     1.86834   0.0214805
         389     1.68882     1.86788   0.0214303
         390     1.69099     1.86743   0.0213801
         391     1.69299     1.86698   0.0213301
         392     1.69481     1.86654   0.0212802
         393     1.69643     1.86611   0.0212304
         394     1.69785     1.86568   0.0211809
         395     1.69905     1.86526   0.0211314
         396     1.70003     1.86484   0.0210822
         397     1.70078     1.86443   0.0210331
         398     1.70128     1.86402   0.0209843
         399     1.70153     1.86361   0.0209356
         400     1.70151     1.86321   0.0208872
         401     1.70123      1.8628    0.020839
         402     1.70067      1.8624   0.0207911
         403     1.69984       1.862   0.0207434
         404     1.69872     1.86159    0.020696
         405     1.69734     1.86119   0.0206489
         406      1.6957     1.86078   0.0206021
         407     1.69381     1.86037   0.0205555
         408     1.69168     1.85996   0.0205093
         409     1.68934     1.85954   0.0204634
         410     1.68682     1.85912   0.0204178
         411     1.68415     1.85869   0.0203726
         412     1.68136     1.85826   0.0203277
         413     1.67849     1.85783   0.0202831
         414     1.67558     1.85739   0.0202389
         415     1.67268     1.85694    0.020195
         416     1.66983     1.85649   0.0201515
         417     1.66707     1.85604   0.0201083
         418     1.66443     1.85558   0.0200654
         419     1.66196     1.85512   0.0200228
         420     1.65968     1.85465   0.0199806
         421     1.65762     1.85418   0.0199386
         422      1.6558     1.85371   0.0198969
         423     1.65422     1.85324   0.0198554
         424     1.65288     1.85277   0.0198142
         425     1.65178      1.8523   0.0197732
         426     1.65091     1.85182   0.0197325
         427     1.65023     1.85135   0.0196919
         428     1.64973     1.85088   0.0196515
         429     1.64937     1.85041   0.0196113
         430     1.64912     1.84994   0.0195713
         431     1.64894     1.84948   0.0195315
         432     1.64879     1.84901   0.0194918
         433     1.64864     1.84855   0.0194523
         434     1.64845     1.84809   0.0194129
         435      1.6482     1.84763   0.0193737
         436     1.64785     1.84717   0.0193347
         437     1.64738     1.84671   0.0192959
         438     1.64679     1.84626   0.0192572
         439     1.64604      1.8458   0.0192187
         440     1.64514     1.84534   0.0191805
         441     1.64408     1.84489   0.0191424
         442     1.64287     1.84443   0.0191045
         443     1.64151     1.84397   0.0190669
         444     1.64001     1.84351   0.0190295
         445     1.63837     1.84305   0.0189923
         446     1.63663     1.84259   0.0189554
         447     1.63478     1.84212   0.0189187
         448     1.63286     1.84166   0.0188822
         449     1.63087     1.84119    0.018846
         450     1.62884     1.84072     0.01881
         451     1.62678     1.84024   0.0187743
         452     1.62472     1.83977   0.0187388
         453     1.62265     1.83929   0.0187036
         454     1.62061      1.8388   0.0186686
         455      1.6186     1.83832   0.0186338
         456     1.61663     1.83783   0.0185993
         457     1.61471     1.83735    0.018565
         458     1.61285     1.83686   0.0185309
         459     1.61104     1.83636   0.0184971
         460      1.6093     1.83587   0.0184635
         461     1.60764     1.83537     0.01843
         462     1.60604     1.83488   0.0183968
         463     1.60453     1.83438   0.0183638
         464     1.60309     1.83388    0.018331
         465     1.60174     1.83338   0.0182984
         466     1.60047     1.83288    0.018266
         467      1.5993     1.83238   0.0182337
         468     1.59823     1.83188   0.0182016
         469     1.59727     1.83138   0.0181697
         470     1.59643     1.83088   0.0181379
         471     1.59572     1.83038   0.0181062
         472     1.59514     1.82989   0.0180747
         473     1.59471     1.82939   0.0180434
         474     1.59444     1.82889   0.0180121
         475     1.59432      1.8284   0.0179809
         476     1.59437     1.82791   0.0179499
         477     1.59459     1.82742   0.0179189
         478     1.59496     1.82693    0.017888
         479      1.5955     1.82645   0.0178572
         480     1.59618     1.82597   0.0178264
         481     1.59699     1.82549   0.0177957
         482     1.59791     1.82502   0.0177651
         483     1.59893     1.82455   0.0177345
         484     1.60001     1.82409   0.0177039
         485     1.60114     1.82363   0.0176734
         486     1.60229     1.82317   0.0176429
         487     1.60342     1.82272   0.0176124
         488     1.60451     1.82227    0.017582
         489     1.60553     1.82183   0.0175516
         490     1.60646     1.82139   0.0175213
         491     1.60726     1.82096    0.017491
         492     1.60792     1.82052   0.0174609
         493     1.60841     1.82009   0.0174307
         494     1.60872     1.81966   0.0174007
         495     1.60882     1.81924   0.0173708
         496      1.6087     1.81881   0.0173409
         497     1.60835     1.81839   0.0173112
         498     1.60777     1.81797   0.0172816
         499     1.60694     1.81754   0.0172521
         500     1.60586     1.81712   0.0172228
         501     1.60452      1.8167   0.0171937
         502     1.60293     1.81627   0.0171647
         503     1.60108     1.81584   0.0171359
         504     1.59897     1.81541   0.0171073
         505     1.59662     1.81498   0.0170789
         506     1.59403     1.81454   0.0170508
         507     1.59121      1.8141   0.0170228
         508     1.58818     1.81366   0.0169951
         509     1.58494     1.81321   0.0169677
         510     1.58152     1.81275   0.0169405
         511     1.57794      1.8123   0.0169136
         512     1.57421     1.81183   0.0168869
         513     1.57036     1.81136   0.0168606
         514     1.56642     1.81088   0.0168345
         515     1.56242      1.8104   0.0168087
         516     1.55837     1.80991   0.0167832
         517      1.5543     1.80942    0.016758
         518     1.55025     1.80892   0.0167332
         519     1.54624     1.80841   0.0167086
         520     1.54228      1.8079   0.0166843
         521     1.53838     1.80738   0.0166603
         522     1.53458     1.80686   0.0166365
         523     1.53088     1.80633   0.0166131
         524     1.52729      1.8058   0.0165899
         525     1.52382     1.80526    0.016567
         526     1.52047     1.80472   0.0165444
         527     1.51723     1.80418    0.016522
         528     1.51411     1.80363   0.0164998
         529      1.5111     1.80307   0.0164779
         530     1.50819     1.80252   0.0164562
         531     1.50539     1.80196   0.0164347
         532     1.50268     1.80139   0.0164134
         533     1.50007     1.80083   0.0163924
         534     1.49755     1.80026   0.0163715
         535     1.49512     1.79969   0.0163508
         536      1.4928     1.79912   0.0163304
         537     1.49058     1.79854   0.0163101
         538     1.48847     1.79797   0.0162899
         539     1.48649     1.79739   0.0162699
         540     1.48465     1.79681   0.0162501
         541     1.48296     1.79623   0.0162304
         542     1.48145     1.79565   0.0162109
         543     1.48012     1.79507   0.0161914
         544     1.47901     1.79449   0.0161721
         545     1.47811     1.79391   0.0161528
         546     1.47746     1.79333   0.0161336
         547     1.47707     1.79275   0.0161145
         548     1.47695     1.79217   0.0160954
         549     1.47712      1.7916   0.0160763
         550     1.47759     1.79103   0.0160572
         551     1.47836     1.79046   0.0160381
         552     1.47943      1.7899   0.0160189
         553     1.48082     1.78934   0.0159997
         554     1.48253     1.78878   0.0159804
         555     1.48454     1.78824    0.015961
         556     1.48686     1.78769   0.0159415
         557     1.48947     1.78716   0.0159219
         558     1.49237     1.78663   0.0159021
         559     1.49556     1.78611   0.0158822
         560     1.49901      1.7856   0.0158621
         561     1.50271     1.78509   0.0158418
         562     1.50665      1.7846   0.0158214
         563     1.51081     1.78411   0.0158008
         564     1.51517     1.78363   0.0157799
         565     1.51972     1.78317   0.0157589
         566     1.52444     1.78271   0.0157377
         567     1.52931     1.78226   0.0157163
         568     1.53432     1.78183   0.0156947
         569     1.53945      1.7814   0.0156729
         570     1.54468     1.78099   0.0156509
         571     1.54999     1.78058   0.0156287
         572     1.55538     1.78019   0.0156063
         573     1.56082      1.7798   0.0155838
         574     1.56631     1.77943   0.0155611
         575     1.57183     1.77907   0.0155382
         576     1.57738     1.77872   0.0155152
         577     1.58294     1.77838    0.015492
         578     1.58852     1.77805   0.0154687
         579      1.5941     1.77774   0.0154452
         580     1.59968     1.77743   0.0154217
         581     1.60526     1.77713    0.015398
         582     1.61083     1.77685   0.0153741
         583     1.61641     1.77657   0.0153502
         584     1.62199     1.77631   0.0153262
         585     1.62756     1.77605   0.0153021
         586     1.63314     1.77581    0.015278
         587     1.63872     1.77557   0.0152537
         588     1.64431     1.77535   0.0152294
         589      1.6499     1.77514   0.0152051
         590     1.65549     1.77494   0.0151806
         591     1.66107     1.77474   0.0151562
         592     1.66665     1.77456   0.0151317
         593      1.6722     1.77439   0.0151071
         594     1.67774     1.77423   0.0150826
         595     1.68323     1.77407    0.015058
         596     1.68867     1.77393   0.0150334
         597     1.69403      1.7738   0.0150088
         598     1.69931     1.77367   0.0149843
         599     1.70449     1.77356   0.0149597
         600     1.70953     1.77345   0.0149351
         601     1.71443     1.77335   0.0149106
         602     1.71916     1.77326   0.0148861
         603     1.72372     1.77318   0.0148617
         604     1.72807      1.7731   0.0148372
         605     1.73222     1.77304   0.0148129
         606     1.73613     1.77297   0.0147885
         607     1.73981     1.77292   0.0147643
         608     1.74324     1.77287   0.0147401
         609     1.74642     1.77283   0.0147159
         610     1.74934     1.77279   0.0146919
         611       1.752     1.77276   0.0146679
         612     1.75441     1.77273   0.0146439
         613     1.75657      1.7727   0.0146201
         614     1.75849     1.77268   0.0145963
         615     1.76018     1.77266   0.0145726
         616     1.76165     1.77264   0.0145489
         617     1.76292     1.77262   0.0145253
         618     1.76399     1.77261   0.0145018
         619      1.7649      1.7726   0.0144784
         620     1.76566     1.77258   0.0144551
         621     1.76628     1.77257   0.0144318
         622     1.76679     1.77256   0.0144086
         623      1.7672     1.77256   0.0143855
         624     1.76752     1.77255   0.0143624
         625     1.76778     1.77254   0.0143394
         626     1.76798     1.77253   0.0143165
         627     1.76813     1.77253   0.0142937
         628     1.76826     1.77252   0.0142709
         629     1.76835     1.77251   0.0142483
         630     1.76842     1.77251   0.0142256
         631     1.76848      1.7725   0.0142031
         632     1.76852     1.77249   0.0141806
         633     1.76854     1.77249   0.0141582
         634     1.76854     1.77248   0.0141359
         635     1.76851     1.77247   0.0141136
         636     1.76846     1.77247   0.0140914
         637     1.76838     1.77246   0.0140693
         638     1.76825     1.77246   0.0140473
         639     1.76808     1.77245   0.0140253
         640     1.76786     1.77244   0.0140034
         641     1.76759     1.77243   0.0139815
         642     1.76727     1.77243   0.0139598
         643     1.76688     1.77242   0.0139381
         644     1.76644     1.77241   0.0139164
         645     1.76595      1.7724   0.0138948
         646     1.76541     1.77239   0.0138733
         647     1.76482     1.77238   0.0138519
         648     1.76419     1.77236   0.0138305
         649     1.76354     1.77235   0.0138092
         650     1.76286     1.77233    0.013788
         651     1.76218     1.77232   0.0137668
         652      1.7615      1.7723   0.0137457
         653     1.76084     1.77228   0.0137247
         654     1.76019     1.77227   0.0137037
         655     1.75959     1.77225   0.0136828
         656     1.75902     1.77223   0.0136619
         657     1.75851     1.77221   0.0136412
         658     1.75805     1.77218   0.0136205
         659     1.75765     1.77216   0.0135998
         660      1.7573     1.77214   0.0135792
         661     1.75701     1.77212   0.0135587
         662     1.75676     1.77209   0.0135382
         663     1.75656     1.77207   0.0135178
         664      1.7564     1.77205   0.0134975
         665     1.75625     1.77202   0.0134772
         666     1.75612       1.772    0.013457
         667     1.75599     1.77198   0.0134368
         668     1.75585     1.77195   0.0134168
         669     1.75569     1.77193   0.0133967
         670     1.75549      1.7719   0.0133768
         671     1.75526     1.77188   0.0133568
         672     1.75498     1.77185    0.013337
         673     1.75465     1.77183   0.0133172
         674     1.75426      1.7718   0.0132975
         675     1.75382     1.77177   0.0132778
         676     1.75332     1.77175   0.0132582
         677     1.75278     1.77172   0.0132386
         678      1.7522     1.77169   0.0132191
         679     1.75157     1.77166   0.0131997
         680     1.75093     1.77163   0.0131803
         681     1.75027      1.7716    0.013161
         682      1.7496     1.77157   0.0131417
         683     1.74896     1.77153   0.0131225
         684     1.74834      1.7715   0.0131034
         685     1.74776     1.77146   0.0130843
         686     1.74724     1.77143   0.0130653
         687      1.7468     1.77139   0.0130463
         688     1.74645     1.77136   0.0130274
         689     1.74621     1.77132   0.0130086
         690     1.74608     1.77128   0.0129897
         691     1.74608     1.77125    0.012971
         692     1.74623     1.77121   0.0129523
         693     1.74652     1.77118   0.0129337
         694     1.74697     1.77114   0.0129151
         695     1.74759     1.77111   0.0128965
         696     1.74837     1.77107   0.0128781
         697     1.74932     1.77104   0.0128596
         698     1.75044     1.77101   0.0128412
         699     1.75172     1.77099   0.0128229
         700     1.75316     1.77096   0.0128046
         701     1.75475     1.77094   0.0127863
         702     1.75648     1.77092   0.0127681
         703     1.75834      1.7709     0.01275
         704     1.76031     1.77088   0.0127319
         705     1.76236     1.77087   0.0127138
         706      1.7645     1.77086   0.0126958
         707     1.76668     1.77086   0.0126779
         708     1.76891     1.77085     0.01266
         709     1.77114     1.77085   0.0126421
         710     1.77335     1.77086   0.0126243
         711     1.77554     1.77086   0.0126066
         712     1.77766     1.77087   0.0125889
         713      1.7797     1.77089   0.0125712
         714     1.78164      1.7709   0.0125536
         715     1.78345     1.77092   0.0125361
         716     1.78511     1.77094   0.0125186
         717      1.7866     1.77096   0.0125011
         718      1.7879     1.77098   0.0124837
         719       1.789     1.77101   0.0124664
         720     1.78988     1.77104   0.0124491
         721     1.79053     1.77106   0.0124319
         722     1.79094     1.77109   0.0124147
         723      1.7911     1.77112   0.0123976
         724     1.79101     1.77115   0.0123805
         725     1.79067     1.77117   0.0123634
         726     1.79008      1.7712   0.0123464
         727     1.78924     1.77122   0.0123294
         728     1.78816     1.77125   0.0123125
         729     1.78684     1.77127   0.0122957
         730      1.7853     1.77129   0.0122788
         731     1.78355      1.7713   0.0122621
         732     1.78161     1.77132   0.0122453
         733     1.77948     1.77133   0.0122286
         734      1.7772     1.77134   0.0122119
         735     1.77477     1.77134   0.0121953
         736     1.77222     1.77134   0.0121788
         737     1.76957     1.77134   0.0121622
         738     1.76684     1.77133   0.0121458
         739     1.76406     1.77132   0.0121293
         740     1.76125     1.77131   0.0121129
         741     1.75845     1.77129   0.0120966
         742     1.75566     1.77127   0.0120803
         743     1.75292     1.77125   0.0120641
         744     1.75025     1.77122   0.0120479
         745     1.74768     1.77119   0.0120318
         746     1.74523     1.77115   0.0120157
         747     1.74292     1.77112   0.0119997
         748     1.74077     1.77107   0.0119837
         749     1.73879     1.77103   0.0119678
         750     1.73701     1.77099   0.0119519
         751     1.73543     1.77094   0.0119361
         752     1.73408     1.77089   0.0119203
         753     1.73294     1.77084   0.0119046
         754     1.73205     1.77079   0.0118889
         755     1.73138     1.77074   0.0118733
         756     1.73095     1.77068   0.0118577
         757     1.73075     1.77063   0.0118421
         758     1.73078     1.77058   0.0118266
         759     1.73101     1.77053   0.0118112
         760     1.73144     1.77047   0.0117957
         761     1.73204     1.77042   0.0117804
         762     1.73281     1.77037    0.011765
         763     1.73371     1.77033   0.0117497
         764     1.73473     1.77028   0.0117344
         765     1.73584     1.77023   0.0117191
         766     1.73702     1.77019   0.0117039
         767     1.73825     1.77015   0.0116887
         768      1.7395     1.77011   0.0116736
         769     1.74076     1.77007   0.0116585
         770     1.74199     1.77004   0.0116434
         771     1.74319        1.77   0.0116283
         772     1.74434     1.76997   0.0116133
         773     1.74542     1.76994   0.0115983
         774     1.74642     1.76991   0.0115834
         775     1.74732     1.76988   0.0115685
         776     1.74814     1.76985   0.0115536
         777     1.74885     1.76982   0.0115388
         778     1.74944     1.76979    0.011524
         779     1.74993     1.76977   0.0115092
         780     1.75031     1.76974   0.0114945
         781     1.75057     1.76972   0.0114798
         782     1.75072      1.7697   0.0114651
         783     1.75077     1.76967   0.0114505
         784     1.75071     1.76965   0.0114359
         785     1.75056     1.76962   0.0114214
         786     1.75031      1.7696   0.0114069
         787     1.74999     1.76957   0.0113924
         788      1.7496     1.76955    0.011378
         789     1.74914     1.76952   0.0113636
         790     1.74864      1.7695   0.0113492
         791      1.7481     1.76947   0.0113349
         792     1.74753     1.76944   0.0113207
         793     1.74696     1.76941   0.0113064
         794     1.74638     1.76938   0.0112922
         795     1.74583     1.76935    0.011278
         796     1.74532     1.76932   0.0112639
         797     1.74485     1.76929   0.0112498
         798     1.74446     1.76926   0.0112358
         799     1.74414     1.76923   0.0112218
         800     1.74393      1.7692   0.0112078
         801     1.74383     1.76917   0.0111938
         802     1.74384     1.76914   0.0111799
         803     1.74398      1.7691    0.011166
         804     1.74426     1.76907   0.0111522
         805     1.74468     1.76904   0.0111384
         806     1.74524     1.76901   0.0111246
         807     1.74595     1.76899   0.0111108
         808      1.7468     1.76896   0.0110971
         809     1.74778     1.76893   0.0110834
         810     1.74889     1.76891   0.0110698
         811     1.75012     1.76888   0.0110562
         812     1.75145     1.76886   0.0110426
         813     1.75288     1.76884    0.011029
         814     1.75438     1.76882   0.0110155
         815     1.75594     1.76881    0.011002
         816     1.75755     1.76879   0.0109885
         817     1.75918     1.76878    0.010975
         818     1.76082     1.76877   0.0109616
         819     1.76246     1.76877   0.0109482
         820     1.76407     1.76876   0.0109349
         821     1.76565     1.76876   0.0109216
         822     1.76717     1.76875   0.0109083
         823     1.76864     1.76875    0.010895
         824     1.77003     1.76876   0.0108818
         825     1.77134     1.76876   0.0108686
         826     1.77257     1.76876   0.0108555
         827     1.77371     1.76877   0.0108423
         828     1.77475     1.76878   0.0108293
         829      1.7757     1.76879   0.0108162
         830     1.77655     1.76879   0.0108032
         831     1.77732      1.7688   0.0107902
         832     1.77799     1.76882   0.0107772
         833     1.77859     1.76883   0.0107643
         834      1.7791     1.76884   0.0107514
         835     1.77956     1.76885   0.0107385
         836     1.77995     1.76887   0.0107257
         837     1.78029     1.76888   0.0107129
         838     1.78059     1.76889   0.0107001
         839     1.78086     1.76891   0.0106873
         840     1.78111     1.76892   0.0106746
         841     1.78134     1.76894   0.0106619
         842     1.78156     1.76895   0.0106493
         843      1.7818     1.76897   0.0106367
         844     1.78205     1.76898   0.0106241
         845     1.78232       1.769   0.0106115
         846     1.78263     1.76901    0.010599
         847     1.78297     1.76903   0.0105865
         848     1.78337     1.76905    0.010574
         849     1.78383     1.76907   0.0105616
         850     1.78435     1.76908   0.0105492
         851     1.78494      1.7691   0.0105368
         852      1.7856     1.76912   0.0105244
         853     1.78635     1.76914   0.0105121
         854     1.78717     1.76916   0.0104998
         855     1.78808     1.76918   0.0104876
         856     1.78908     1.76921   0.0104754
         857     1.79017     1.76923   0.0104632
         858     1.79135     1.76926    0.010451
         859     1.79261     1.76929   0.0104389
         860     1.79394     1.76931   0.0104268
         861     1.79536     1.76934   0.0104147
         862     1.79684     1.76938   0.0104027
         863     1.79838     1.76941   0.0103907
         864     1.79998     1.76945   0.0103787
         865     1.80162     1.76948   0.0103668
         866     1.80328     1.76952   0.0103549
         867     1.80497     1.76956    0.010343
         868     1.80665     1.76961   0.0103312
         869     1.80833     1.76965   0.0103194
         870     1.80997      1.7697   0.0103076
         871     1.81158     1.76974   0.0102959
         872     1.81312     1.76979   0.0102842
         873     1.81459     1.76985   0.0102726
         874     1.81596      1.7699    0.010261
         875     1.81724     1.76995   0.0102494
         876     1.81838     1.77001   0.0102378
         877     1.81939     1.77006   0.0102263
         878     1.82025     1.77012   0.0102148
         879     1.82094     1.77018   0.0102034
         880     1.82146     1.77024   0.0101919
         881     1.82178      1.7703   0.0101805
         882     1.82191     1.77035   0.0101691
         883     1.82184     1.77041   0.0101578
         884     1.82156     1.77047   0.0101465
         885     1.82106     1.77053   0.0101352
         886     1.82035     1.77058   0.0101239
         887     1.81941     1.77064   0.0101126
         888     1.81825     1.77069   0.0101014
         889     1.81687     1.77074   0.0100901
         890     1.81527     1.77079   0.0100789
         891     1.81346     1.77084   0.0100677
         892     1.81143     1.77089   0.0100566
         893     1.80919     1.77093   0.0100454
         894     1.80674     1.77097   0.0100342
         895     1.80408     1.77101   0.0100231
         896     1.80123     1.77104    0.010012
         897     1.79817     1.77107   0.0100008
         898     1.79492      1.7711  0.00998973
         899     1.79148     1.77112  0.00997865
         900     1.78784     1.77114  0.00996758
         901     1.78401     1.77115  0.00995652
         902     1.77999     1.77116  0.00994549
         903     1.77577     1.77117  0.00993448
         904     1.77135     1.77117  0.00992349
         905     1.76672     1.77116  0.00991253
         906     1.76189     1.77115  0.00990159
         907     1.75685     1.77114  0.00989069
         908     1.75158     1.77112  0.00987982
         909     1.74608     1.77109  0.00986899
         910     1.74035     1.77105   0.0098582
         911     1.73436     1.77101  0.00984746
         912     1.72812     1.77097  0.00983677
         913     1.72161     1.77091  0.00982615
         914     1.71482     1.77085  0.00981559
         915     1.70775     1.77078   0.0098051
         916     1.70039     1.77071   0.0097947
         917     1.69273     1.77062  0.00978439
         918     1.68478     1.77053  0.00977418
         919     1.67653     1.77043  0.00976408
         920     1.66798     1.77031   0.0097541
         921     1.65915     1.77019  0.00974425
         922     1.65002     1.77006  0.00973456
         923     1.64062     1.76992  0.00972502
         924     1.63096     1.76977  0.00971566
         925     1.62105     1.76961  0.00970649
         926     1.61092     1.76944  0.00969752
         927     1.60059     1.76926  0.00968877
         928      1.5901     1.76907  0.00968025
         929     1.57948     1.76886  0.00967198
         930     1.56876     1.76865  0.00966397
         931       1.558     1.76842  0.00965624
         932     1.54725     1.76818   0.0096488
         933     1.53657     1.76793  0.00964165
         934       1.526     1.76768   0.0096348
         935     1.51561     1.76741  0.00962827
         936     1.50546     1.76713  0.00962205
         937     1.49562     1.76684  0.00961614
         938     1.48614     1.76654  0.00961055
         939      1.4771     1.76623  0.00960525
         940     1.46854     1.76591  0.00960025
         941     1.46052     1.76559  0.00959553
         942     1.45309     1.76526  0.00959108
         943     1.44629     1.76492  0.00958687
         944     1.44016     1.76457  0.00958289
         945      1.4347     1.76422   0.0095791
         946     1.42994     1.76387  0.00957549
         947     1.42589     1.76351  0.00957203
         948     1.42255     1.76315  0.00956869
         949      1.4199     1.76279  0.00956544
         950     1.41794     1.76243  0.00956225
         951     1.41665     1.76207  0.00955911
         952     1.41601      1.7617  0.00955598
         953     1.41601     1.76134  0.00955283
         954     1.41662     1.76098  0.00954965
         955     1.41784     1.76062  0.00954641
         956     1.41965     1.76026  0.00954308
         957     1.42204     1.75991  0.00953965
         958     1.42501     1.75956   0.0095361
         959     1.42854     1.75921   0.0095324
         960     1.43263     1.75887  0.00952854
         961     1.43729     1.75854   0.0095245
         962     1.44251     1.75821  0.00952026
         963     1.44829     1.75789  0.00951581
         964     1.45462     1.75757  0.00951114
         965      1.4615     1.75727  0.00950623
         966     1.46893     1.75697  0.00950108
         967     1.47688     1.75668  0.00949566
         968     1.48534      1.7564  0.00948999
         969      1.4943     1.75613  0.00948405
         970     1.50373     1.75587  0.00947784
         971      1.5136     1.75562  0.00947136
         972     1.52387     1.75538  0.00946462
         973     1.53451     1.75515  0.00945762
         974     1.54548     1.75494  0.00945036
         975     1.55671     1.75473  0.00944285
         976     1.56818     1.75454  0.00943511
         977     1.57981     1.75436  0.00942715
         978     1.59155      1.7542  0.00941898
         979     1.60335     1.75404  0.00941062
         980     1.61515      1.7539  0.00940208
         981     1.62688     1.75377  0.00939339
         982     1.63849     1.75366  0.00938456
         983     1.64992     1.75355   0.0093756
         984     1.66112     1.75346  0.00936654
         985     1.67202     1.75337   0.0093574
         986     1.68259      1.7533  0.00934819
         987     1.69276     1.75324  0.00933892
         988     1.70251     1.75319   0.0093296
         989     1.71179     1.75315  0.00932026
         990     1.72057     1.75311  0.00931091
         991     1.72882     1.75309  0.00930155
         992     1.73651     1.75307  0.00929218
         993     1.74362     1.75306  0.00928283
         994     1.75015     1.75306  0.00927349
         995     1.75606     1.75306  0.00926417
         996     1.76137     1.75307  0.00925488
         997     1.76607     1.75309   0.0092456
         998     1.77015      1.7531  0.00923635
         999     1.77362     1.75312  0.00922713
        1000      1.7765     1.75315  0.00921793
        1001      1.7788     1.75317  0.00920876
        1002     1.78053      1.7532  0.00919961
        1003     1.78171     1.75323  0.00919048
        1004     1.78235     1.75326  0.00918137
        1005      1.7825     1.75329  0.00917228
        1006     1.78216     1.75331  0.00916321
        1007     1.78137     1.75334  0.00915415
        1008     1.78015     1.75337  0.00914511
        1009     1.77853     1.75339  0.00913608
        1010     1.77653     1.75342  0.00912706
        1011     1.77417     1.75344  0.00911806
        1012     1.77149     1.75345  0.00910907
        1013      1.7685     1.75347  0.00910009
        1014     1.76523     1.75348  0.00909112
        1015     1.76169     1.75349  0.00908217
        1016     1.75791     1.75349  0.00907323
        1017     1.75389     1.75349  0.00906431
        1018     1.74966     1.75349   0.0090554
        1019     1.74522     1.75348  0.00904652
        1020     1.74059     1.75347  0.00903766
        1021     1.73578     1.75345  0.00902883
        1022      1.7308     1.75343  0.00902002
        1023     1.72566      1.7534  0.00901124
        1024     1.72036     1.75337   0.0090025
        1025     1.71492     1.75333   0.0089938
        1026     1.70934     1.75329  0.00898513
        1027     1.70365     1.75324  0.00897651
        1028     1.69787     1.75319  0.00896794
        1029     1.69199     1.75313  0.00895942
        1030     1.68606     1.75306  0.00895096
        1031     1.68008     1.75299  0.00894256
        1032     1.67409     1.75292  0.00893422
        1033     1.66811     1.75283  0.00892595
        1034     1.66218     1.75275  0.00891775
        1035     1.65632     1.75265  0.00890962
        1036     1.65056     1.75255  0.00890156
        1037     1.64495     1.75245  0.00889358
        1038     1.63953     1.75234  0.00888568
        1039     1.63432     1.75223  0.00887786
        1040     1.62938     1.75211  0.00887011
        1041     1.62474     1.75199  0.00886243
        1042     1.62044     1.75186  0.00885482
        1043     1.61652     1.75173  0.00884728
        1044     1.61301      1.7516  0.00883981
        1045     1.60994     1.75146  0.00883239
        1046     1.60735     1.75133  0.00882502
        1047     1.60527     1.75119  0.00881769
        1048     1.60372     1.75105   0.0088104
        1049     1.60272      1.7509  0.00880314
        1050     1.60227     1.75076  0.00879589
        1051      1.6024     1.75062  0.00878865
        1052     1.60311     1.75048  0.00878142
        1053     1.60439     1.75034  0.00877417
        1054     1.60624     1.75021  0.00876691
        1055     1.60864     1.75007  0.00875963
        1056     1.61158     1.74994  0.00875232
        1057     1.61504     1.74981  0.00874497
        1058       1.619     1.74969  0.00873758
        1059     1.62341     1.74957  0.00873014
        1060     1.62826     1.74946  0.00872265
        1061      1.6335     1.74935  0.00871512
        1062     1.63909     1.74924  0.00870753
        1063       1.645     1.74914  0.00869989
        1064     1.65117     1.74905   0.0086922
        1065     1.65756     1.74897  0.00868446
        1066     1.66414     1.74889  0.00867668
        1067     1.67085     1.74881  0.00866886
        1068     1.67766     1.74875    0.008661
        1069     1.68451     1.74869   0.0086531
        1070     1.69138     1.74863  0.00864518
        1071      1.6982     1.74859  0.00863724
        1072     1.70495     1.74855  0.00862928
        1073     1.71159     1.74851   0.0086213
        1074     1.71808     1.74848  0.00861332
        1075     1.72439     1.74846  0.00860534
        1076     1.73047     1.74844  0.00859736
        1077     1.73631     1.74843  0.00858938
        1078     1.74188     1.74843  0.00858142
        1079     1.74714     1.74843  0.00857346
        1080     1.75209     1.74843  0.00856553
        1081     1.75668     1.74844  0.00855761
        1082     1.76092     1.74845   0.0085497
        1083     1.76478     1.74846  0.00854182
        1084     1.76825     1.74848  0.00853396
        1085     1.77132      1.7485  0.00852612
        1086     1.77399     1.74853  0.00851831
        1087     1.77625     1.74855  0.00851051
        1088      1.7781     1.74858  0.00850273
        1089     1.77955     1.74861  0.00849497
        1090     1.78059     1.74864  0.00848722
        1091     1.78124     1.74867   0.0084795
        1092      1.7815      1.7487  0.00847179
        1093     1.78138     1.74873  0.00846409
        1094     1.78091     1.74876   0.0084564
        1095     1.78009     1.74878  0.00844873
        1096     1.77895     1.74881  0.00844106
        1097     1.77749     1.74884  0.00843341
        1098     1.77575     1.74886  0.00842577
        1099     1.77374     1.74888  0.00841813
        1100     1.77149     1.74891   0.0084105
        1101     1.76902     1.74892  0.00840288
        1102     1.76635     1.74894  0.00839527
        1103     1.76352     1.74895  0.00838767
        1104     1.76054     1.74896  0.00838008
        1105     1.75745     1.74897   0.0083725
        1106     1.75427     1.74898  0.00836493
        1107     1.75102     1.74898  0.00835737
        1108     1.74773     1.74898  0.00834983
        1109     1.74442     1.74897   0.0083423
        1110     1.74112     1.74897  0.00833479
        1111     1.73784     1.74896   0.0083273
        1112     1.73461     1.74894  0.00831982
        1113     1.73144     1.74893  0.00831236
        1114     1.72836     1.74891  0.00830492
        1115     1.72537     1.74889  0.00829749
        1116     1.72249     1.74886  0.00829009
        1117     1.71974     1.74884  0.00828271
        1118      1.7171     1.74881  0.00827535
        1119      1.7146     1.74878  0.00826801
        1120     1.71223     1.74875  0.00826069
        1121        1.71     1.74871   0.0082534
        1122     1.70789     1.74867  0.00824612
        1123     1.70592     1.74864  0.00823887
        1124     1.70406      1.7486  0.00823163
        1125     1.70232     1.74856  0.00822442
        1126     1.70067     1.74851  0.00821722
        1127     1.69911     1.74847  0.00821005
        1128     1.69763     1.74842   0.0082029
        1129      1.6962     1.74838  0.00819576
        1130     1.69483     1.74833  0.00818864
        1131     1.69348     1.74828  0.00818155
        1132     1.69216     1.74823  0.00817447
        1133     1.69084     1.74818  0.00816741
        1134      1.6895     1.74813  0.00816037
        1135     1.68815     1.74808  0.00815336
        1136     1.68677     1.74802  0.00814636
        1137     1.68534     1.74797  0.00813938
        1138     1.68387     1.74791  0.00813242
        1139     1.68233     1.74785  0.00812549
        1140     1.68073      1.7478  0.00811857
        1141     1.67907     1.74774  0.00811168
        1142     1.67734     1.74767  0.00810481
        1143     1.67556     1.74761  0.00809796
        1144     1.67371     1.74755  0.00809114
        1145     1.67182     1.74748  0.00808435
        1146     1.66987     1.74741  0.00807758
        1147     1.66788     1.74734  0.00807083
        1148     1.66587     1.74727  0.00806411
        1149     1.66384      1.7472  0.00805742
        1150     1.66181     1.74713  0.00805076
        1151     1.65979     1.74705  0.00804412
        1152     1.65779     1.74697  0.00803751
        1153     1.65583     1.74689  0.00803093
        1154     1.65393     1.74681  0.00802437
        1155      1.6521     1.74673  0.00801785
        1156     1.65034     1.74665  0.00801134
        1157     1.64869     1.74656  0.00800487
        1158     1.64714     1.74648  0.00799841
        1159     1.64571     1.74639  0.00799199
        1160     1.64441      1.7463  0.00798558
        1161     1.64324     1.74621  0.00797919
        1162     1.64221     1.74612  0.00797283
        1163     1.64132     1.74603  0.00796648
        1164     1.64057     1.74594  0.00796015
        1165     1.63996     1.74585  0.00795384
        1166     1.63948     1.74576  0.00794754
        1167     1.63914     1.74567  0.00794126
        1168     1.63891     1.74558  0.00793499
        1169      1.6388     1.74549  0.00792872
        1170      1.6388     1.74539  0.00792247
        1171     1.63888      1.7453  0.00791623
        1172     1.63905     1.74521  0.00790999
        1173     1.63929     1.74512  0.00790376
        1174     1.63958     1.74503  0.00789754
        1175     1.63992     1.74494  0.00789133
        1176     1.64029     1.74485  0.00788512
        1177     1.64069     1.74477  0.00787892
        1178     1.64111     1.74468  0.00787272
        1179     1.64152     1.74459  0.00786653
        1180     1.64194      1.7445  0.00786034
        1181     1.64234     1.74442  0.00785416
        1182     1.64273     1.74433  0.00784799
        1183     1.64311     1.74425  0.00784182
        1184     1.64346     1.74416  0.00783566
        1185     1.64379     1.74408  0.00782951
        1186      1.6441     1.74399  0.00782336
        1187      1.6444     1.74391  0.00781722
        1188     1.64468     1.74382  0.00781108
        1189     1.64495     1.74374  0.00780496
        1190     1.64523     1.74366  0.00779884
        1191     1.64552     1.74358  0.00779272
        1192     1.64583     1.74349  0.00778662
        1193     1.64618     1.74341  0.00778052
        1194     1.64659     1.74333  0.00777442
        1195     1.64705     1.74325  0.00776834
        1196      1.6476     1.74317  0.00776225
        1197     1.64823     1.74309  0.00775617
        1198     1.64896     1.74301   0.0077501
        1199     1.64981     1.74293  0.00774402
        1200     1.65079     1.74286  0.00773795
        1201     1.65189     1.74278  0.00773188
        1202     1.65314     1.74271  0.00772581
        1203     1.65453     1.74263  0.00771973
        1204     1.65606     1.74256  0.00771365
        1205     1.65773     1.74249  0.00770757
        1206     1.65953     1.74242  0.00770149
        1207     1.66146     1.74236   0.0076954
        1208      1.6635     1.74229  0.00768931
        1209     1.66565     1.74223  0.00768321
        1210     1.66789     1.74217   0.0076771
        1211      1.6702     1.74211    0.007671
        1212     1.67257     1.74205  0.00766488
        1213     1.67498     1.74199  0.00765876
        1214     1.67741     1.74194  0.00765264
        1215     1.67986     1.74189  0.00764651
        1216      1.6823     1.74184  0.00764038
        1217     1.68473     1.74179  0.00763424
        1218     1.68714     1.74175  0.00762811
        1219     1.68951     1.74171  0.00762197
        1220     1.69184     1.74167  0.00761583
        1221     1.69413     1.74163   0.0076097
        1222     1.69638     1.74159  0.00760356
        1223     1.69858     1.74155  0.00759742
        1224     1.70072     1.74152  0.00759129
        1225     1.70282     1.74149  0.00758516
        1226     1.70487     1.74146  0.00757903
        1227     1.70687     1.74143   0.0075729
        1228     1.70882      1.7414  0.00756678
        1229     1.71073     1.74138  0.00756067
        1230     1.71259     1.74136  0.00755456
        1231      1.7144     1.74133  0.00754845
        1232     1.71617     1.74131  0.00754235
        1233     1.71788     1.74129  0.00753626
        1234     1.71955     1.74128  0.00753017
        1235     1.72115     1.74126  0.00752409
        1236     1.72269     1.74125  0.00751802
        1237     1.72416     1.74123  0.00751196
        1238     1.72556     1.74122   0.0075059
        1239     1.72687     1.74121  0.00749985
        1240      1.7281      1.7412  0.00749381
        1241     1.72923     1.74119  0.00748778
        1242     1.73025     1.74118  0.00748175
        1243     1.73116     1.74117  0.00747574
        1244     1.73195     1.74116  0.00746973
        1245     1.73261     1.74116  0.00746374
        1246     1.73314     1.74115  0.00745775
        1247     1.73352     1.74114  0.00745177
        1248     1.73376     1.74114   0.0074458
        1249     1.73385     1.74113  0.00743984
        1250     1.73379     1.74113  0.00743389
        1251     1.73356     1.74112  0.00742795
        1252     1.73319     1.74111  0.00742202
        1253     1.73265     1.74111   0.0074161
        1254     1.73196      1.7411  0.00741019
        1255     1.73111     1.74109  0.00740429
        1256     1.73012     1.74108   0.0073984
        1257     1.72899     1.74107  0.00739252
        1258     1.72771     1.74106  0.00738665
        1259     1.72631     1.74105   0.0073808
        1260      1.7248     1.74104  0.00737495
        1261     1.72317     1.74102  0.00736912
        1262     1.72144     1.74101  0.00736329
        1263     1.71962     1.74099  0.00735748
        1264     1.71773     1.74097  0.00735168
        1265     1.71578     1.74095   0.0073459
        1266     1.71378     1.74093  0.00734013
        1267     1.71175     1.74091  0.00733437
        1268     1.70969     1.74088  0.00732863
        1269     1.70762     1.74086   0.0073229
        1270     1.70556     1.74083  0.00731719
        1271     1.70351      1.7408  0.00731149
        1272      1.7015     1.74077  0.00730581
        1273     1.69952     1.74074  0.00730014
        1274      1.6976      1.7407  0.00729449
        1275     1.69574     1.74067  0.00728885
        1276     1.69396     1.74063  0.00728323
        1277     1.69225     1.74059  0.00727763
        1278     1.69064     1.74055  0.00727204
        1279     1.68912     1.74051  0.00726646
        1280     1.68771     1.74047   0.0072609
        1281     1.68641     1.74043  0.00725536
        1282     1.68523     1.74039  0.00724982
        1283     1.68416     1.74034  0.00724431
        1284     1.68321      1.7403   0.0072388
        1285     1.68238     1.74025  0.00723331
        1286     1.68167     1.74021  0.00722783
        1287     1.68109     1.74016  0.00722236
        1288     1.68062     1.74012   0.0072169
        1289     1.68027     1.74007  0.00721145
        1290     1.68004     1.74002  0.00720601
        1291     1.67991     1.73998  0.00720058
        1292     1.67988     1.73993  0.00719515
        1293     1.67996     1.73988  0.00718974
        1294     1.68013     1.73984  0.00718433
        1295     1.68039     1.73979  0.00717893
        1296     1.68073     1.73975  0.00717353
        1297     1.68115      1.7397  0.00716815
        1298     1.68163     1.73966  0.00716276
        1299     1.68216     1.73961  0.00715739
        1300     1.68275     1.73957  0.00715201
        1301     1.68337     1.73953  0.00714665
        1302     1.68403     1.73948  0.00714129
        1303     1.68471     1.73944  0.00713593
        1304      1.6854      1.7394  0.00713058
        1305     1.68611     1.73936  0.00712523
        1306     1.68681     1.73932  0.00711989
        1307     1.68749     1.73928  0.00711455
        1308     1.68816     1.73924  0.00710922
        1309     1.68879      1.7392  0.00710389
        1310     1.68939     1.73916  0.00709857
        1311     1.68994     1.73913  0.00709326
        1312     1.69043     1.73909  0.00708795
        1313     1.69086     1.73905  0.00708264
        1314     1.69123     1.73902  0.00707735
        1315     1.69152     1.73898  0.00707206
        1316     1.69173     1.73894  0.00706677
        1317     1.69186     1.73891   0.0070615
        1318      1.6919     1.73887  0.00705623
        1319     1.69186     1.73884  0.00705097
        1320     1.69173      1.7388  0.00704572
        1321     1.69152     1.73876  0.00704048
        1322     1.69122     1.73873  0.00703524
        1323     1.69084     1.73869  0.00703002
        1324     1.69039     1.73866   0.0070248
        1325     1.68986     1.73862   0.0070196
        1326     1.68927     1.73858   0.0070144
        1327     1.68864     1.73854  0.00700922
        1328     1.68796     1.73851  0.00700404
        1329     1.68725     1.73847  0.00699888
        1330     1.68652     1.73843  0.00699373
        1331     1.68579     1.73839  0.00698858
        1332     1.68508     1.73835  0.00698345
        1333     1.68439     1.73831  0.00697833
        1334     1.68376     1.73827  0.00697322
        1335     1.68318     1.73823  0.00696812
        1336      1.6827     1.73819  0.00696303
        1337     1.68231     1.73814  0.00695794
        1338     1.68204      1.7381  0.00695287
        1339     1.68191     1.73806   0.0069478
        1340     1.68194     1.73802  0.00694274
        1341     1.68215     1.73798  0.00693769
        1342     1.68255     1.73793  0.00693265
        1343     1.68316     1.73789   0.0069276
        1344     1.68399     1.73785  0.00692257
        1345     1.68506     1.73781  0.00691753
        1346     1.68637     1.73778   0.0069125
        1347     1.68795     1.73774  0.00690746
        1348      1.6898      1.7377  0.00690243
        1349     1.69192     1.73767   0.0068974
        1350     1.69432     1.73764  0.00689236
        1351       1.697     1.73761  0.00688733
        1352     1.69996     1.73758  0.00688229
        1353     1.70318     1.73755  0.00687725
        1354     1.70668     1.73753  0.00687221
        1355     1.71042     1.73751  0.00686716
        1356      1.7144     1.73749  0.00686212
        1357     1.71861     1.73748  0.00685708
        1358     1.72303     1.73747  0.00685204
        1359     1.72763     1.73746    0.006847
        1360     1.73239     1.73746  0.00684197
        1361      1.7373     1.73746  0.00683694
        1362     1.74231     1.73746  0.00683192
        1363     1.74741     1.73747  0.00682691
        1364     1.75256     1.73748  0.00682192
        1365     1.75773      1.7375  0.00681693
        1366      1.7629     1.73751  0.00681197
        1367     1.76803     1.73754  0.00680702
        1368     1.77309     1.73756   0.0068021
        1369     1.77805     1.73759  0.00679719
        1370     1.78289     1.73763  0.00679231
        1371     1.78755     1.73766  0.00678745
        1372     1.79203      1.7377  0.00678262
        1373     1.79629     1.73774  0.00677782
        1374      1.8003     1.73779  0.00677304
        1375     1.80404     1.73784  0.00676828
        1376     1.80748     1.73789  0.00676355
        1377      1.8106     1.73794  0.00675885
        1378     1.81337       1.738  0.00675416
        1379     1.81578     1.73805   0.0067495
        1380     1.81781     1.73811  0.00674486
        1381     1.81942     1.73817  0.00674023
        1382     1.82062     1.73823  0.00673562
        1383     1.82139     1.73829  0.00673102
        1384     1.82171     1.73835  0.00672642
        1385     1.82157     1.73841  0.00672183
        1386     1.82098     1.73847  0.00671725
        1387     1.81992     1.73853  0.00671266
        1388     1.81839     1.73858  0.00670807
        1389     1.81639     1.73864  0.00670348
        1390     1.81393     1.73869  0.00669887
        1391     1.81101     1.73875  0.00669426
        1392     1.80764      1.7388  0.00668963
        1393     1.80383     1.73884  0.00668499
        1394      1.7996     1.73889  0.00668034
        1395     1.79495     1.73893  0.00667567
        1396     1.78991     1.73896  0.00667099
        1397      1.7845       1.739  0.00666629
        1398     1.77875     1.73902  0.00666159
        1399     1.77267     1.73905  0.00665687
        1400     1.76631     1.73907  0.00665214
        1401     1.75968     1.73908  0.00664741
        1402     1.75283     1.73909  0.00664268
        1403     1.74579      1.7391  0.00663794
        1404      1.7386      1.7391  0.00663322
        1405     1.73129     1.73909   0.0066285
        1406     1.72392     1.73908  0.00662379
        1407     1.71651     1.73906   0.0066191
        1408     1.70912     1.73904  0.00661444
        1409     1.70178     1.73902  0.00660979
        1410     1.69453     1.73899  0.00660518
        1411     1.68742     1.73895   0.0066006
        1412     1.68048     1.73891  0.00659606
        1413     1.67374     1.73886  0.00659155
        1414     1.66725     1.73881  0.00658708
        1415     1.66103     1.73876  0.00658266
        1416      1.6551      1.7387  0.00657827
        1417      1.6495     1.73863  0.00657393
        1418     1.64423     1.73857  0.00656963
        1419     1.63931      1.7385  0.00656538
        1420     1.63475     1.73842  0.00656116
        1421     1.63056     1.73835  0.00655698
        1422     1.62673     1.73827  0.00655284
        1423     1.62327     1.73819  0.00654873
        1424     1.62017     1.73811  0.00654466
        1425     1.61742     1.73802  0.00654061
        1426     1.61502     1.73793   0.0065366
        1427     1.61295     1.73785   0.0065326
        1428     1.61119     1.73776  0.00652863
        1429     1.60973     1.73767  0.00652467
        1430     1.60856     1.73758  0.00652074
        1431     1.60766     1.73749  0.00651681
        1432     1.60702      1.7374   0.0065129
        1433     1.60662     1.73731  0.00650899
        1434     1.60645     1.73721  0.00650509
        1435      1.6065     1.73712   0.0065012
        1436     1.60675     1.73703   0.0064973
        1437     1.60719     1.73694  0.00649341
        1438     1.60782     1.73685  0.00648952
        1439     1.60861     1.73676  0.00648562
        1440     1.60957     1.73667  0.00648172
        1441     1.61068     1.73659  0.00647781
        1442     1.61192      1.7365  0.00647389
        1443      1.6133     1.73642  0.00646997
        1444      1.6148     1.73633  0.00646604
        1445     1.61642     1.73625  0.00646209
        1446     1.61813     1.73617  0.00645814
        1447     1.61994     1.73609  0.00645418
        1448     1.62183     1.73601   0.0064502
        1449     1.62379     1.73593  0.00644622
        1450      1.6258     1.73585  0.00644222
        1451     1.62786     1.73578  0.00643821
        1452     1.62994     1.73571  0.00643419
        1453     1.63204     1.73564  0.00643015
        1454     1.63414     1.73557  0.00642611
        1455     1.63623      1.7355  0.00642206
        1456     1.63829     1.73543  0.00641799
        1457      1.6403     1.73537  0.00641392
        1458     1.64225      1.7353  0.00640984
        1459     1.64413     1.73524  0.00640575
        1460     1.64591     1.73518  0.00640165
        1461      1.6476     1.73512  0.00639755
        1462     1.64918     1.73506  0.00639345
        1463     1.65064       1.735  0.00638934
        1464     1.65198     1.73494  0.00638523
        1465     1.65318     1.73489  0.00638111
        1466     1.65424     1.73483    0.006377
        1467     1.65517     1.73478  0.00637288
        1468     1.65596     1.73473  0.00636876
        1469     1.65663     1.73467  0.00636465
        1470     1.65717     1.73462  0.00636054
        1471      1.6576     1.73457  0.00635643
        1472     1.65792     1.73452  0.00635233
        1473     1.65815     1.73446  0.00634823
        1474      1.6583     1.73441  0.00634413
        1475      1.6584     1.73436  0.00634004
        1476     1.65846     1.73431  0.00633595
        1477      1.6585     1.73426  0.00633187
        1478     1.65854     1.73421  0.00632779
        1479      1.6586     1.73416  0.00632372
        1480     1.65871      1.7341  0.00631965
        1481     1.65888     1.73405  0.00631559
        1482     1.65913       1.734  0.00631153
        1483     1.65948     1.73395  0.00630747
        1484     1.65994      1.7339  0.00630342
        1485     1.66051     1.73385  0.00629937
        1486     1.66122      1.7338  0.00629532
        1487     1.66206     1.73376  0.00629127
        1488     1.66302     1.73371  0.00628722
        1489     1.66412     1.73366  0.00628317
        1490     1.66533     1.73362  0.00627912
        1491     1.66664     1.73357  0.00627507
        1492     1.66805     1.73353  0.00627102
        1493     1.66952     1.73348  0.00626697
        1494     1.67105     1.73344  0.00626291
        1495      1.6726      1.7334  0.00625886
        1496     1.67415     1.73336   0.0062548
        1497     1.67567     1.73332  0.00625074
        1498     1.67713     1.73329  0.00624668
        1499     1.67849     1.73325  0.00624262
        1500     1.67973     1.73321  0.00623856
        1501     1.68082     1.73318   0.0062345
        1502     1.68172     1.73314  0.00623044
        1503     1.68242     1.73311  0.00622639
        1504     1.68287     1.73308  0.00622234
        1505     1.68306     1.73304  0.00621829
        1506     1.68297     1.73301  0.00621425
        1507     1.68259     1.73298  0.00621022
        1508     1.68188     1.73294  0.00620619
        1509     1.68086     1.73291  0.00620218
        1510      1.6795     1.73287  0.00619817
        1511     1.67781     1.73284  0.00619418
        1512     1.67578      1.7328  0.00619019
        1513     1.67343     1.73276  0.00618623
        1514     1.67077     1.73272  0.00618228
        1515      1.6678     1.73268  0.00617834
        1516     1.66454     1.73263  0.00617443
        1517     1.66102     1.73258  0.00617054
        1518     1.65725     1.73254  0.00616668
        1519     1.65326     1.73248  0.00616284
        1520     1.64908     1.73243  0.00615903
        1521     1.64474     1.73237  0.00615525
        1522     1.64027     1.73231   0.0061515
        1523     1.63571     1.73225  0.00614779
        1524     1.63108     1.73218  0.00614411
        1525     1.62643     1.73211  0.00614048
        1526     1.62178     1.73204  0.00613688
        1527     1.61717     1.73196  0.00613332
        1528     1.61263     1.73189   0.0061298
        1529      1.6082      1.7318  0.00612633
        1530      1.6039     1.73172  0.00612289
        1531     1.59976     1.73163   0.0061195
        1532     1.59581     1.73155  0.00611615
        1533     1.59207     1.73145  0.00611284
        1534     1.58857     1.73136  0.00610956
        1535     1.58533     1.73127  0.00610632
        1536     1.58236     1.73117  0.00610312
        1537     1.57969     1.73107  0.00609994
        1538     1.57731     1.73097  0.00609679
        1539     1.57523     1.73087  0.00609367
        1540     1.57347     1.73077  0.00609057
        1541     1.57203     1.73066  0.00608749
        1542     1.57091     1.73056  0.00608442
        1543      1.5701     1.73046  0.00608137
        1544     1.56961     1.73035  0.00607832
        1545     1.56943     1.73025  0.00607528
        1546     1.56954     1.73014  0.00607224
        1547     1.56993     1.73004   0.0060692
        1548      1.5706     1.72994  0.00606615
        1549     1.57152     1.72984   0.0060631
        1550     1.57269     1.72973  0.00606003
        1551      1.5741     1.72963  0.00605696
        1552     1.57572     1.72953  0.00605387
        1553     1.57753     1.72944  0.00605076
        1554     1.57953     1.72934  0.00604763
        1555      1.5817     1.72925  0.00604449
        1556     1.58402     1.72915  0.00604133
        1557     1.58647     1.72906  0.00603814
        1558     1.58905     1.72897  0.00603493
        1559     1.59172     1.72888  0.00603171
        1560     1.59448      1.7288  0.00602845
        1561      1.5973     1.72871  0.00602518
        1562     1.60018     1.72863  0.00602189
        1563      1.6031     1.72855  0.00601857
        1564     1.60603     1.72847  0.00601523
        1565     1.60897      1.7284  0.00601187
        1566      1.6119     1.72832  0.00600849
        1567      1.6148     1.72825  0.00600509
        1568     1.61767     1.72818  0.00600168
        1569     1.62048     1.72811  0.00599825
        1570     1.62323     1.72804   0.0059948
        1571      1.6259     1.72798  0.00599133
        1572     1.62849     1.72791  0.00598786
        1573     1.63098     1.72785  0.00598437
        1574     1.63338     1.72779  0.00598087
        1575     1.63566     1.72773  0.00597736
        1576     1.63784     1.72768  0.00597384
        1577      1.6399     1.72762  0.00597031
        1578     1.64184     1.72757  0.00596677
        1579     1.64366     1.72751  0.00596323
        1580     1.64537     1.72746  0.00595968
        1581     1.64696     1.72741  0.00595613
        1582     1.64843     1.72736  0.00595257
        1583     1.64979     1.72731  0.00594901
        1584     1.65104     1.72726  0.00594545
        1585     1.65219     1.72722  0.00594189
        1586     1.65324     1.72717  0.00593833
        1587     1.65421     1.72712  0.00593476
        1588     1.65511     1.72708   0.0059312
        1589     1.65593     1.72703  0.00592764
        1590      1.6567     1.72699  0.00592407
        1591     1.65742     1.72695  0.00592051
        1592      1.6581      1.7269  0.00591695
        1593     1.65877     1.72686  0.00591339
        1594     1.65942     1.72682  0.00590983
        1595     1.66008     1.72678  0.00590627
        1596     1.66075     1.72673  0.00590272
        1597     1.66145     1.72669  0.00589916
        1598     1.66219     1.72665  0.00589561
        1599     1.66297     1.72661  0.00589206
        1600      1.6638     1.72657  0.00588851
        1601      1.6647     1.72654  0.00588496
        1602     1.66565      1.7265   0.0058814
        1603     1.66667     1.72646  0.00587785
        1604     1.66775     1.72642   0.0058743
        1605     1.66889     1.72639  0.00587075
        1606     1.67008     1.72635   0.0058672
        1607     1.67131     1.72632  0.00586365
        1608     1.67257     1.72628   0.0058601
        1609     1.67383     1.72625  0.00585655
        1610     1.67509     1.72622    0.005853
        1611     1.67631     1.72619  0.00584945
        1612     1.67749     1.72616  0.00584589
        1613     1.67859     1.72613  0.00584235
        1614      1.6796      1.7261   0.0058388
        1615     1.68048     1.72607  0.00583525
        1616     1.68122     1.72604   0.0058317
        1617     1.68179     1.72602  0.00582816
        1618     1.68217     1.72599  0.00582462
        1619     1.68232     1.72596  0.00582109
        1620     1.68225     1.72594  0.00581756
        1621     1.68193     1.72591  0.00581403
        1622     1.68134     1.72588  0.00581051
        1623     1.68048     1.72585    0.005807
        1624     1.67934     1.72583  0.00580349
        1625     1.67791      1.7258      0.0058
        1626      1.6762     1.72577  0.00579651
        1627     1.67422     1.72573  0.00579303
        1628     1.67197      1.7257  0.00578957
        1629     1.66945     1.72567  0.00578612
        1630      1.6667     1.72563  0.00578268
        1631     1.66372     1.72559  0.00577926
        1632     1.66053     1.72555  0.00577586
        1633     1.65715     1.72551  0.00577247
        1634     1.65363     1.72547  0.00576911
        1635     1.64997     1.72542  0.00576576
        1636     1.64622     1.72537  0.00576244
        1637     1.64239     1.72532  0.00575915
        1638     1.63853     1.72527  0.00575587
        1639     1.63466     1.72521  0.00575263
        1640     1.63082     1.72515  0.00574941
        1641     1.62703      1.7251  0.00574621
        1642     1.62333     1.72503  0.00574305
        1643     1.61974     1.72497  0.00573991
        1644     1.61629      1.7249   0.0057368
        1645       1.613     1.72483  0.00573372
        1646      1.6099     1.72477  0.00573066
        1647       1.607     1.72469  0.00572763
        1648     1.60433     1.72462  0.00572462
        1649     1.60189     1.72455  0.00572163
        1650     1.59969     1.72447  0.00571866
        1651     1.59776     1.72439  0.00571571
        1652     1.59609     1.72432  0.00571278
        1653     1.59468     1.72424  0.00570986
        1654     1.59355     1.72416  0.00570696
        1655     1.59269     1.72408  0.00570406
        1656     1.59208       1.724  0.00570117
        1657     1.59174     1.72392  0.00569829
        1658     1.59164     1.72384  0.00569541
        1659     1.59179     1.72376  0.00569254
        1660     1.59216     1.72368  0.00568966
        1661     1.59276      1.7236  0.00568678
        1662     1.59356     1.72352   0.0056839
        1663     1.59455     1.72345  0.00568101
        1664     1.59572     1.72337  0.00567811
        1665     1.59705     1.72329  0.00567521
        1666     1.59853     1.72322   0.0056723
        1667     1.60014     1.72314  0.00566937
        1668     1.60186     1.72307  0.00566644
        1669     1.60369       1.723   0.0056635
        1670      1.6056     1.72293  0.00566054
        1671     1.60758     1.72286  0.00565758
        1672     1.60962     1.72279   0.0056546
        1673      1.6117     1.72273  0.00565161
        1674     1.61381     1.72266  0.00564861
        1675     1.61594      1.7226  0.00564559
        1676     1.61809     1.72254  0.00564257
        1677     1.62023     1.72248  0.00563953
        1678     1.62237     1.72242  0.00563649
        1679      1.6245     1.72236  0.00563343
        1680     1.62662      1.7223  0.00563037
        1681     1.62872     1.72224  0.00562729
        1682     1.63079     1.72219  0.00562421
        1683     1.63286     1.72214  0.00562112
        1684      1.6349     1.72209  0.00561802
        1685     1.63694     1.72203  0.00561491
        1686     1.63897     1.72199   0.0056118
        1687     1.64101     1.72194  0.00560868
        1688     1.64307     1.72189  0.00560555
        1689     1.64515     1.72185  0.00560241
        1690     1.64729      1.7218  0.00559927
        1691     1.64948     1.72176  0.00559613
        1692     1.65175     1.72172  0.00559297
        1693     1.65411     1.72168  0.00558981
        1694     1.65658     1.72164  0.00558664
        1695     1.65918      1.7216  0.00558347
        1696     1.66191     1.72157  0.00558029
        1697      1.6648     1.72153   0.0055771
        1698     1.66785      1.7215   0.0055739
        1699     1.67107     1.72147   0.0055707
        1700     1.67446     1.72144  0.00556749
        1701     1.67802     1.72142  0.00556428
        1702     1.68175      1.7214  0.00556106
        1703     1.68563     1.72137  0.00555783
        1704     1.68965     1.72136   0.0055546
        1705     1.69379     1.72134  0.00555137
        1706     1.69802     1.72133  0.00554813
        1707     1.70233     1.72131  0.00554489
        1708     1.70668     1.72131  0.00554165
        1709     1.71104      1.7213  0.00553841
        1710     1.71539      1.7213  0.00553518
        1711     1.71969      1.7213  0.00553194
        1712      1.7239      1.7213  0.00552871
        1713     1.72801      1.7213  0.00552548
        1714     1.73197     1.72131  0.00552226
        1715     1.73577     1.72132  0.00551905
        1716     1.73938     1.72133  0.00551584
        1717     1.74277     1.72134  0.00551264
        1718     1.74594     1.72135  0.00550945
        1719     1.74885     1.72137  0.00550627
        1720     1.75151     1.72139   0.0055031
        1721      1.7539     1.72141  0.00549993
        1722     1.75602     1.72143  0.00549678
        1723     1.75785     1.72145  0.00549363
        1724      1.7594     1.72147  0.00549049
        1725     1.76067     1.72149  0.00548735
        1726     1.76166     1.72151  0.00548422
        1727     1.76238     1.72154  0.00548109
        1728     1.76283     1.72156  0.00547797
        1729     1.76301     1.72159  0.00547486
        1730     1.76294     1.72161  0.00547175
        1731     1.76262     1.72163  0.00546864
        1732     1.76207     1.72166  0.00546553
        1733     1.76128     1.72168  0.00546242
        1734     1.76028      1.7217  0.00545932
        1735     1.75906     1.72172  0.00545621
        1736     1.75764     1.72174  0.00545311
        1737     1.75603     1.72176  0.00545001
        1738     1.75424     1.72178   0.0054469
        1739     1.75227      1.7218   0.0054438
        1740     1.75013     1.72182  0.00544069
        1741     1.74784     1.72183  0.00543759
        1742      1.7454     1.72185  0.00543449
        1743     1.74282     1.72186  0.00543138
        1744      1.7401     1.72187  0.00542828
        1745     1.73725     1.72188  0.00542517
        1746     1.73428     1.72188  0.00542207
        1747      1.7312     1.72189  0.00541897
        1748     1.72801     1.72189  0.00541587
        1749     1.72471     1.72189  0.00541277
        1750     1.72132     1.72189  0.00540968
        1751     1.71783     1.72189  0.00540659
        1752     1.71427     1.72189  0.00540351
        1753     1.71062     1.72188  0.00540043
        1754      1.7069     1.72187  0.00539736
        1755     1.70311     1.72186  0.00539429
        1756     1.69926     1.72185  0.00539124
        1757     1.69535     1.72183  0.00538819
        1758      1.6914     1.72182  0.00538515
        1759      1.6874      1.7218  0.00538213
        1760     1.68337     1.72177  0.00537911
        1761      1.6793     1.72175  0.00537611
        1762     1.67521     1.72172  0.00537313
        1763      1.6711      1.7217  0.00537015
        1764     1.66698     1.72166   0.0053672
        1765     1.66285     1.72163  0.00536426
        1766     1.65872      1.7216  0.00536134
        1767      1.6546     1.72156  0.00535844
        1768     1.65049     1.72152  0.00535556
        1769      1.6464     1.72148   0.0053527
        1770     1.64233     1.72143  0.00534987
        1771      1.6383     1.72138  0.00534705
        1772     1.63431     1.72133  0.00534426
        1773     1.63036     1.72128  0.00534149
        1774     1.62646     1.72123  0.00533875
        1775     1.62263     1.72117  0.00533603
        1776     1.61886     1.72112  0.00533334
        1777     1.61516     1.72106  0.00533067
        1778     1.61155       1.721  0.00532803
        1779     1.60802     1.72093  0.00532541
        1780      1.6046     1.72087  0.00532282
        1781     1.60128      1.7208  0.00532025
        1782     1.59809     1.72073  0.00531771
        1783     1.59502     1.72066   0.0053152
        1784     1.59209     1.72059  0.00531271
        1785      1.5893     1.72051  0.00531024
        1786     1.58668     1.72044   0.0053078
        1787     1.58423     1.72036  0.00530537
        1788     1.58195     1.72029  0.00530297
        1789     1.57986     1.72021  0.00530059
        1790     1.57797     1.72013  0.00529822
        1791     1.57628     1.72005  0.00529587
        1792     1.57481     1.71997  0.00529354
        1793     1.57355     1.71988  0.00529121
        1794     1.57251      1.7198   0.0052889
        1795      1.5717     1.71972   0.0052866
        1796     1.57111     1.71964   0.0052843
        1797     1.57075     1.71955  0.00528201
        1798      1.5706     1.71947  0.00527972
        1799     1.57068     1.71939  0.00527744
        1800     1.57097     1.71931  0.00527515
        1801     1.57146     1.71922  0.00527286
        1802     1.57215     1.71914  0.00527056
        1803     1.57303     1.71906  0.00526826
        1804     1.57407     1.71898  0.00526596
        1805     1.57528      1.7189  0.00526364
        1806     1.57663     1.71882  0.00526132
        1807     1.57811     1.71875  0.00525898
        1808     1.57971     1.71867  0.00525663
        1809     1.58141     1.71859  0.00525428
        1810     1.58319     1.71852  0.00525191
        1811     1.58503     1.71844  0.00524952
        1812     1.58692     1.71837  0.00524713
        1813     1.58885      1.7183  0.00524472
        1814     1.59079     1.71823   0.0052423
        1815     1.59274     1.71816  0.00523987
        1816     1.59469     1.71809  0.00523742
        1817     1.59661     1.71803  0.00523497
        1818     1.59851     1.71796   0.0052325
        1819     1.60037      1.7179  0.00523002
        1820     1.60217     1.71783  0.00522754
        1821     1.60392     1.71777  0.00522504
        1822     1.60561     1.71771  0.00522253
        1823     1.60723     1.71765  0.00522002
        1824     1.60878     1.71759   0.0052175
        1825     1.61025     1.71753  0.00521497
        1826     1.61165     1.71747  0.00521244
        1827     1.61297     1.71741   0.0052099
        1828     1.61421     1.71736  0.00520736
        1829     1.61537      1.7173  0.00520481
        1830     1.61646     1.71725  0.00520225
        1831     1.61748     1.71719   0.0051997
        1832     1.61842     1.71714  0.00519714
        1833      1.6193     1.71708  0.00519458
        1834     1.62013     1.71703  0.00519202
        1835      1.6209     1.71698  0.00518945
        1836     1.62164     1.71693  0.00518688
        1837     1.62234     1.71688  0.00518432
        1838     1.62302     1.71682  0.00518175
        1839     1.62369     1.71677  0.00517918
        1840     1.62438     1.71672  0.00517661
        1841     1.62509     1.71667  0.00517403
        1842     1.62584     1.71662  0.00517146
        1843     1.62665     1.71658  0.00516888
        1844     1.62754     1.71653  0.00516631
        1845     1.62852     1.71648  0.00516373
        1846     1.62964     1.71643  0.00516114
        1847     1.63089     1.71639  0.00515856
        1848     1.63231     1.71634  0.00515597
        1849     1.63392      1.7163  0.00515337
        1850     1.63573     1.71625  0.00515077
        1851     1.63777     1.71621  0.00514816
        1852     1.64004     1.71617  0.00514554
        1853     1.64257     1.71613  0.00514292
        1854     1.64536     1.71609  0.00514029
        1855     1.64841     1.71605  0.00513765
        1856     1.65174     1.71602    0.005135
        1857     1.65533     1.71599  0.00513233
        1858     1.65918     1.71596  0.00512966
        1859     1.66328     1.71593  0.00512698
        1860     1.66761      1.7159  0.00512429
        1861     1.67216     1.71588  0.00512159
        1862      1.6769     1.71586  0.00511888
        1863     1.68181     1.71584  0.00511617
        1864     1.68686     1.71582  0.00511345
        1865     1.69201     1.71581  0.00511072
        1866     1.69724      1.7158  0.00510799
        1867     1.70253     1.71579  0.00510526
        1868     1.70782     1.71579  0.00510253
        1869      1.7131     1.71579   0.0050998
        1870     1.71833     1.71579  0.00509707
        1871     1.72349     1.71579  0.00509435
        1872     1.72853      1.7158  0.00509163
        1873     1.73344     1.71581  0.00508892
        1874     1.73818     1.71582  0.00508622
        1875     1.74274     1.71584  0.00508353
        1876     1.74708     1.71585  0.00508085
        1877      1.7512     1.71587  0.00507818
        1878     1.75506     1.71589  0.00507551
        1879     1.75865     1.71592  0.00507286
        1880     1.76196     1.71594  0.00507023
        1881     1.76496     1.71597   0.0050676
        1882     1.76765     1.71599  0.00506498
        1883     1.77001     1.71602  0.00506237
        1884     1.77204     1.71605  0.00505977
        1885     1.77373     1.71608  0.00505718
        1886     1.77507     1.71611  0.00505459
        1887     1.77607     1.71615  0.00505202
        1888     1.77671     1.71618  0.00504944
        1889     1.77701     1.71621  0.00504687
        1890     1.77697     1.71624   0.0050443
        1891     1.77659     1.71627  0.00504174
        1892     1.77589     1.71631  0.00503917
        1893     1.77489     1.71634   0.0050366
        1894     1.77359     1.71637  0.00503403
        1895     1.77202      1.7164  0.00503146
        1896     1.77021     1.71642  0.00502889
        1897     1.76818     1.71645  0.00502631
        1898     1.76595     1.71648  0.00502373
        1899     1.76356      1.7165  0.00502115
        1900     1.76103     1.71653  0.00501856
        1901     1.75839     1.71655  0.00501597
        1902     1.75568     1.71657  0.00501337
        1903     1.75291     1.71659  0.00501078
        1904     1.75012     1.71661  0.00500817
        1905     1.74733     1.71662  0.00500557
        1906     1.74457     1.71664  0.00500297
        1907     1.74184     1.71665  0.00500036
        1908     1.73918     1.71666  0.00499775
        1909     1.73659     1.71667  0.00499515
        1910     1.73408     1.71668  0.00499254
        1911     1.73166     1.71669  0.00498993
        1912     1.72933      1.7167  0.00498733
        1913      1.7271      1.7167  0.00498472
        1914     1.72494     1.71671  0.00498212
        1915     1.72287     1.71671  0.00497952
        1916     1.72087     1.71671  0.00497692
        1917     1.71894     1.71671  0.00497433
        1918     1.71707     1.71671  0.00497173
        1919     1.71525     1.71671  0.00496914
        1920     1.71346     1.71671  0.00496655
        1921      1.7117     1.71671  0.00496397
        1922     1.70995      1.7167  0.00496139
        1923     1.70821      1.7167  0.00495881
        1924     1.70647     1.71669  0.00495624
        1925     1.70472     1.71669  0.00495367
        1926     1.70296     1.71668   0.0049511
        1927     1.70117     1.71667  0.00494854
        1928     1.69936     1.71666  0.00494598
        1929     1.69751     1.71665  0.00494342
        1930     1.69563     1.71664  0.00494087
        1931     1.69371     1.71663  0.00493833
        1932     1.69176     1.71662  0.00493579
        1933     1.68976      1.7166  0.00493326
        1934     1.68773     1.71659  0.00493073
        1935     1.68566     1.71657  0.00492821
        1936     1.68356     1.71656  0.00492569
        1937     1.68143     1.71654  0.00492318
        1938     1.67929     1.71652  0.00492068
        1939     1.67714      1.7165  0.00491818
        1940     1.67498     1.71648  0.00491569
        1941     1.67284     1.71645  0.00491321
        1942     1.67071     1.71643  0.00491074
        1943     1.66862     1.71641  0.00490827
        1944     1.66658     1.71638  0.00490581
        1945      1.6646     1.71635  0.00490336
        1946     1.66269     1.71633  0.00490092
        1947     1.66087      1.7163  0.00489849
        1948     1.65916     1.71627  0.00489606
        1949     1.65757     1.71624  0.00489364
        1950     1.65612     1.71621  0.00489123
        1951     1.65482     1.71618  0.00488882
        1952     1.65368     1.71614  0.00488642
        1953     1.65272     1.71611  0.00488403
        1954     1.65195     1.71608  0.00488164
        1955     1.65139     1.71605  0.00487926
        1956     1.65104     1.71601  0.00487687
        1957     1.65092     1.71598   0.0048745
        1958     1.65104     1.71595  0.00487212
        1959     1.65141     1.71591  0.00486974
        1960     1.65203     1.71588  0.00486737
        1961     1.65292     1.71585  0.00486499
        1962     1.65408     1.71582  0.00486261
        1963     1.65552     1.71579  0.00486023
        1964     1.65724     1.71576  0.00485785
        1965     1.65925     1.71573  0.00485546
        1966     1.66155      1.7157  0.00485307
        1967     1.66413     1.71567  0.00485068
        1968     1.66699     1.71565  0.00484827
        1969     1.67013     1.71563  0.00484587
        1970     1.67354      1.7156  0.00484345
        1971     1.67719     1.71558  0.00484104
        1972     1.68108     1.71557  0.00483861
        1973     1.68518     1.71555  0.00483618
        1974     1.68947     1.71554  0.00483375
        1975     1.69392     1.71553  0.00483132
        1976      1.6985     1.71552  0.00482888
        1977     1.70317     1.71551  0.00482644
        1978     1.70791     1.71551    0.004824
        1979     1.71267     1.71551  0.00482157
        1980     1.71742     1.71551  0.00481913
        1981     1.72212     1.71551   0.0048167
        1982     1.72675     1.71552  0.00481427
        1983     1.73127     1.71553  0.00481185
        1984     1.73565     1.71554  0.00480944
        1985     1.73986     1.71555  0.00480703
        1986     1.74388     1.71556  0.00480463
        1987     1.74769     1.71558  0.00480224
        1988     1.75127      1.7156  0.00479986
        1989     1.75463     1.71562  0.00479748
        1990     1.75773     1.71564  0.00479512
        1991     1.76058     1.71566  0.00479276
        1992     1.76318     1.71568  0.00479042
        1993     1.76553     1.71571  0.00478808
        1994     1.76764     1.71573  0.00478575
        1995      1.7695     1.71576  0.00478343
        1996     1.77112     1.71579  0.00478111
        1997     1.77251     1.71582   0.0047788
        1998     1.77367     1.71585   0.0047765
        1999     1.77462     1.71588   0.0047742
        2000     1.77535     1.71591   0.0047719
