#     BLOCK:  ACTUAL_PE:     PE_AVE:      ERROR:      V_TAIL=-0.428346
           1    -6.79298    -6.79298           0
           2    -6.79266    -6.79282 0.000114397
           3    -6.79212    -6.79259 0.000205357
           4    -6.79137    -6.79228  0.00030606
           5     -6.7904    -6.79191 0.000417129
           6    -6.78921    -6.79146 0.000538262
           7    -6.78779    -6.79093 0.000669105
           8    -6.78615    -6.79034 0.000809378
           9    -6.78428    -6.78966 0.000958894
          10    -6.78218    -6.78891  0.00111754
          11    -6.77983    -6.78809  0.00128529
          12    -6.77724    -6.78718  0.00146216
          13    -6.77408    -6.78618  0.00166104
          14    -6.77097    -6.78509  0.00186395
          15    -6.76743    -6.78391  0.00207842
          16    -6.76331    -6.78263  0.00231314
          17     -6.7589    -6.78123  0.00256367
          18    -6.75434    -6.77974  0.00282312
          19    -6.74946    -6.77814  0.00309169
          20     -6.7441    -6.77644  0.00337329
          21     -6.7387    -6.77464  0.00366032
          22    -6.73233    -6.77272  0.00396721
          23    -6.72574    -6.77068  0.00428848
          24    -6.71891    -6.76852  0.00462052
          25    -6.71137    -6.76623  0.00496915
          26     -6.7034    -6.76382  0.00533338
          27    -6.69529    -6.76128  0.00570787
          28    -6.68611     -6.7586  0.00610276
          29     -6.6769    -6.75578  0.00651007
          30    -6.66674    -6.75281   0.0069367
          31    -6.65665    -6.74971   0.0073739
          32    -6.64542    -6.74645  0.00783066
          33    -6.63391    -6.74304  0.00830283
          34    -6.62196    -6.73948  0.00878923
          35    -6.60999    -6.73578  0.00928412
          36    -6.59709    -6.73193  0.00979294
          37    -6.58293     -6.7279   0.0103231
          38    -6.56854    -6.72371   0.0108699
          39    -6.55285    -6.71932     0.01144
          40    -6.53675    -6.71476   0.0120301
          41    -6.51976       -6.71    0.012642
          42    -6.50232    -6.70506   0.0132728
          43    -6.48443    -6.69993   0.0139206
          44    -6.46561     -6.6946   0.0145874
          45    -6.44601    -6.68908   0.0152735
          46    -6.42608    -6.68336   0.0159758
          47    -6.40612    -6.67746   0.0166894
          48    -6.38432    -6.67136   0.0174233
          49    -6.36206    -6.66504   0.0181752
          50    -6.33874    -6.65852   0.0189472
          51    -6.31528    -6.65179   0.0197348
          52    -6.29051    -6.64484   0.0205418
          53    -6.26491    -6.63767   0.0213684
          54    -6.23897    -6.63029   0.0222117
          55    -6.21272     -6.6227   0.0230689
          56    -6.18622     -6.6149   0.0239374
          57    -6.15876     -6.6069   0.0248191
          58    -6.13116     -6.5987   0.0257109
          59     -6.1027    -6.59029    0.026614
          60    -6.07423    -6.58169   0.0275252
          61    -6.04518    -6.57289   0.0284445
          62    -6.01593    -6.56391     0.02937
          63    -5.98716    -6.55476    0.030297
          64    -5.95833    -6.54544    0.031224
          65     -5.9292    -6.53596   0.0321507
          66    -5.90014    -6.52632   0.0330754
          67    -5.87061    -6.51654   0.0339989
          68    -5.84204    -6.50662   0.0349158
          69    -5.81343    -6.49657    0.035826
          70    -5.78529    -6.48641   0.0367269
          71    -5.75768    -6.47615   0.0376164
          72    -5.73051    -6.46579   0.0384931
          73    -5.70323    -6.45534   0.0393577
          74    -5.67649    -6.44482   0.0402085
          75    -5.65111    -6.43424   0.0410415
          76    -5.62638    -6.42361   0.0418554
          77    -5.60234    -6.41294   0.0426491
          78    -5.57845    -6.40224   0.0434235
          79    -5.55596    -6.39153   0.0441754
          80    -5.53387    -6.38081   0.0449052
          81    -5.51282    -6.37009   0.0456115
          82    -5.49285    -6.35939   0.0462929
          83    -5.47357    -6.34872   0.0469493
          84    -5.45485    -6.33808   0.0475811
          85    -5.43796    -6.32749   0.0481853
          86    -5.42232    -6.31697    0.048761
          87    -5.40735    -6.30651   0.0493087
          88     -5.3937    -6.29614   0.0498275
          89    -5.38109    -6.28586   0.0503172
          90    -5.37028    -6.27568   0.0507761
          91    -5.36039    -6.26562   0.0512046
          92    -5.35172    -6.25569   0.0516026
          93    -5.34396    -6.24589   0.0519707
          94     -5.3377    -6.23623   0.0523081
          95    -5.33231    -6.22671   0.0526158
          96    -5.32776    -6.21735   0.0528944
          97    -5.32477    -6.20814   0.0531435
          98    -5.32268    -6.19911   0.0533638
          99    -5.32127    -6.19024   0.0535564
         100    -5.32138    -6.18155    0.053721
         101     -5.3222    -6.17305   0.0538586
         102    -5.32393    -6.16472   0.0539701
         103     -5.3259    -6.15658   0.0540571
         104    -5.32892    -6.14862     0.05412
         105    -5.33185    -6.14084   0.0541607
         106    -5.33567    -6.13324   0.0541798
         107    -5.33968    -6.12583   0.0541787
         108    -5.34411    -6.11859   0.0541583
         109    -5.34873    -6.11153   0.0541201
         110    -5.35378    -6.10464   0.0540647
         111    -5.35873    -6.09792   0.0539936
         112    -5.36354    -6.09136   0.0539082
         113    -5.36829    -6.08496   0.0538096
         114     -5.3728    -6.07871    0.053699
         115    -5.37702    -6.07261   0.0535776
         116    -5.38108    -6.06665   0.0534463
         117    -5.38542    -6.06083   0.0533057
         118    -5.38941    -6.05514   0.0531568
         119    -5.39348    -6.04958   0.0530001
         120    -5.39659    -6.04414    0.052837
         121    -5.39993    -6.03881   0.0526679
         122     -5.4026     -6.0336   0.0524937
         123    -5.40522    -6.02849    0.052315
         124    -5.40839    -6.02349   0.0521315
         125    -5.41107    -6.01859   0.0519442
         126    -5.41358    -6.01379   0.0517534
         127    -5.41548    -6.00908   0.0515599
         128    -5.41739    -6.00445   0.0513638
         129    -5.41888    -5.99992   0.0511659
         130    -5.42055    -5.99546    0.050966
         131    -5.42213    -5.99108   0.0507645
         132    -5.42424    -5.98679   0.0505612
         133    -5.42538    -5.98257    0.050357
         134    -5.42678    -5.97842   0.0501517
         135    -5.42782    -5.97434   0.0499458
         136    -5.42854    -5.97033   0.0497395
         137    -5.43043    -5.96639   0.0495323
         138    -5.43124    -5.96251   0.0493249
         139    -5.43234    -5.95869   0.0491173
         140    -5.43387    -5.95495   0.0489093
         141    -5.43507    -5.95126   0.0487012
         142    -5.43625    -5.94763   0.0484931
         143    -5.43771    -5.94407   0.0482849
         144    -5.43853    -5.94056   0.0480771
         145    -5.43947     -5.9371   0.0478696
         146    -5.44037     -5.9337   0.0476624
         147    -5.44184    -5.93035   0.0474555
         148     -5.4422    -5.92705   0.0472493
         149    -5.44342    -5.92381   0.0470436
         150    -5.44445    -5.92061   0.0468384
         151    -5.44527    -5.91746   0.0466339
         152    -5.44604    -5.91436   0.0464301
         153    -5.44677    -5.91131   0.0462271
         154    -5.44731    -5.90829    0.046025
         155    -5.44813    -5.90532   0.0458237
         156    -5.44848     -5.9024   0.0456234
         157    -5.44927    -5.89951    0.045424
         158    -5.45023    -5.89667   0.0452255
         159    -5.45075    -5.89386   0.0450279
         160    -5.45145     -5.8911   0.0448313
         161    -5.45281    -5.88837   0.0446354
         162    -5.45422    -5.88569   0.0444403
         163    -5.45509    -5.88305   0.0442461
         164     -5.4565    -5.88045   0.0440527
         165    -5.45767    -5.87789   0.0438601
         166    -5.45848    -5.87536   0.0436686
         167    -5.45981    -5.87287    0.043478
         168    -5.46166    -5.87043    0.043288
         169    -5.46296    -5.86802    0.043099
         170    -5.46415    -5.86564   0.0429109
         171    -5.46522     -5.8633   0.0427238
         172    -5.46688    -5.86099   0.0425375
         173    -5.46822    -5.85872   0.0423522
         174    -5.46906    -5.85648   0.0421679
         175    -5.46997    -5.85427   0.0419848
         176    -5.47154     -5.8521   0.0418025
         177    -5.47252    -5.84996   0.0416213
         178     -5.4735    -5.84784   0.0414412
         179    -5.47401    -5.84575   0.0412622
         180    -5.47387    -5.84369   0.0410847
         181    -5.47397    -5.84164   0.0409085
         182    -5.47416    -5.83962   0.0407335
         183    -5.47382    -5.83763   0.0405599
         184     -5.4731    -5.83564   0.0403878
         185    -5.47215    -5.83368   0.0402173
         186    -5.47158    -5.83173   0.0400482
         187     -5.4702     -5.8298   0.0398806
         188    -5.46876    -5.82788   0.0397147
         189    -5.46684    -5.82597   0.0395505
         190    -5.46505    -5.82407   0.0393879
         191    -5.46296    -5.82218   0.0392271
         192    -5.46119     -5.8203   0.0390678
         193    -5.45872    -5.81843   0.0389103
         194    -5.45617    -5.81656   0.0387545
         195    -5.45387     -5.8147   0.0386003
         196    -5.45169    -5.81285   0.0384478
         197     -5.4495      -5.811   0.0382968
         198    -5.44732    -5.80916   0.0381474
         199    -5.44533    -5.80734   0.0379995
         200    -5.44369    -5.80552    0.037853
         201    -5.44137    -5.80371    0.037708
         202    -5.43929     -5.8019   0.0375645
         203    -5.43747    -5.80011   0.0374223
         204    -5.43563    -5.79832   0.0372815
         205    -5.43376    -5.79654    0.037142
         206     -5.4325    -5.79477   0.0370037
         207    -5.43124    -5.79302   0.0368666
         208     -5.4297    -5.79127   0.0367307
         209    -5.42848    -5.78954    0.036596
         210    -5.42761    -5.78781   0.0364623
         211    -5.42708     -5.7861   0.0363295
         212    -5.42691    -5.78441   0.0361977
         213    -5.42681    -5.78273   0.0360666
         214    -5.42678    -5.78107   0.0359364
         215    -5.42745    -5.77942   0.0358069
         216    -5.42837     -5.7778    0.035678
         217    -5.42925    -5.77619   0.0355497
         218    -5.42981     -5.7746   0.0354221
         219    -5.43111    -5.77303   0.0352951
         220    -5.43256    -5.77149   0.0351686
         221    -5.43446    -5.76996   0.0350425
         222    -5.43684    -5.76846   0.0349167
         223    -5.43938    -5.76698   0.0347913
         224    -5.44269    -5.76554   0.0346661
         225    -5.44603    -5.76412   0.0345411
         226    -5.44983    -5.76273   0.0344163
         227    -5.45378    -5.76136   0.0342916
         228    -5.45803    -5.76003    0.034167
         229    -5.46238    -5.75873   0.0340425
         230    -5.46683    -5.75747   0.0339181
         231    -5.47181    -5.75623   0.0337938
         232    -5.47651    -5.75502   0.0336697
         233    -5.48272    -5.75385   0.0335454
         234     -5.4883    -5.75272   0.0334213
         235    -5.49364    -5.75162   0.0332972
         236    -5.49916    -5.75055   0.0331733
         237    -5.50483    -5.74951   0.0330495
         238     -5.5103    -5.74851    0.032926
         239    -5.51599    -5.74753   0.0328026
         240    -5.52125    -5.74659   0.0326794
         241    -5.52637    -5.74568   0.0325566
         242    -5.53146    -5.74479   0.0324341
         243    -5.53694    -5.74394   0.0323119
         244     -5.5416    -5.74311   0.0321901
         245    -5.54585     -5.7423   0.0320688
         246       -5.55    -5.74152    0.031948
         247    -5.55372    -5.74076   0.0318277
         248    -5.55687    -5.74002    0.031708
         249    -5.55988    -5.73929   0.0315889
         250    -5.56247    -5.73859   0.0314704
         251    -5.56508     -5.7379   0.0313526
         252    -5.56773    -5.73722   0.0312355
         253    -5.56966    -5.73656   0.0311191
         254    -5.57178    -5.73591   0.0310033
         255    -5.57352    -5.73527   0.0308883
         256    -5.57502    -5.73465   0.0307739
         257    -5.57616    -5.73403   0.0306604
         258    -5.57739    -5.73342   0.0305476
         259    -5.57798    -5.73282   0.0304355
         260    -5.57854    -5.73223   0.0303242
         261    -5.57834    -5.73164   0.0302138
         262    -5.57874    -5.73106   0.0301041
         263     -5.5787    -5.73048   0.0299952
         264    -5.57853     -5.7299   0.0298871
         265     -5.5781    -5.72933   0.0297798
         266    -5.57803    -5.72876   0.0296733
         267     -5.5774    -5.72819   0.0295676
         268    -5.57715    -5.72763   0.0294626
         269    -5.57682    -5.72707   0.0293584
         270    -5.57597    -5.72651    0.029255
         271    -5.57536    -5.72595   0.0291524
         272     -5.5747    -5.72539   0.0290505
         273    -5.57383    -5.72484   0.0289494
         274    -5.57323    -5.72429    0.028849
         275    -5.57152    -5.72373   0.0287495
         276    -5.57083    -5.72318   0.0286506
         277    -5.56994    -5.72262   0.0285526
         278    -5.56932    -5.72207   0.0284552
         279    -5.56805    -5.72152   0.0283585
         280    -5.56764    -5.72097   0.0282626
         281    -5.56689    -5.72042   0.0281673
         282    -5.56578    -5.71987   0.0280728
         283    -5.56402    -5.71932    0.027979
         284    -5.56265    -5.71877   0.0278859
         285    -5.56152    -5.71822   0.0277935
         286    -5.56002    -5.71767   0.0277018
         287    -5.55845    -5.71711   0.0276109
         288    -5.55711    -5.71656   0.0275206
         289    -5.55522      -5.716    0.027431
         290    -5.55339    -5.71544   0.0273422
         291    -5.55162    -5.71487    0.027254
         292     -5.5499    -5.71431   0.0271665
         293    -5.54792    -5.71374   0.0270797
         294    -5.54583    -5.71317   0.0269936
         295    -5.54348     -5.7126   0.0269083
         296     -5.5407    -5.71201   0.0268236
         297    -5.53826    -5.71143   0.0267397
         298     -5.5357    -5.71084   0.0266565
         299    -5.53287    -5.71024    0.026574
         300    -5.53008    -5.70964   0.0264922
         301    -5.52732    -5.70904   0.0264111
         302    -5.52401    -5.70843   0.0263307
         303    -5.52075    -5.70781   0.0262511
         304    -5.51784    -5.70718   0.0261722
         305     -5.5144    -5.70655    0.026094
         306    -5.51089    -5.70591   0.0260166
         307    -5.50731    -5.70526   0.0259399
         308    -5.50382    -5.70461   0.0258639
         309    -5.49984    -5.70395   0.0257887
         310    -5.49582    -5.70327   0.0257142
         311    -5.49207     -5.7026   0.0256405
         312    -5.48861    -5.70191   0.0255675
         313    -5.48498    -5.70122   0.0254952
         314    -5.48104    -5.70052   0.0254237
         315    -5.47771    -5.69981   0.0253528
         316    -5.47407    -5.69909   0.0252826
         317    -5.47044    -5.69837   0.0252131
         318    -5.46681    -5.69764   0.0251444
         319    -5.46348    -5.69691   0.0250763
         320    -5.45969    -5.69617   0.0250089
         321    -5.45591    -5.69542   0.0249421
         322    -5.45196    -5.69466   0.0248761
         323    -5.44831     -5.6939   0.0248108
         324    -5.44449    -5.69313   0.0247462
         325     -5.4411    -5.69236   0.0246822
         326    -5.43725    -5.69157   0.0246189
         327    -5.43352    -5.69078   0.0245562
         328    -5.42993    -5.68999   0.0244942
         329    -5.42647    -5.68919   0.0244329
         330      -5.423    -5.68838   0.0243722
         331    -5.41891    -5.68757   0.0243121
         332    -5.41513    -5.68675   0.0242527
         333    -5.41135    -5.68592    0.024194
         334     -5.4073    -5.68509   0.0241359
         335    -5.40329    -5.68424   0.0240785
         336    -5.39949     -5.6834   0.0240218
         337    -5.39591    -5.68254   0.0239656
         338    -5.39198    -5.68168   0.0239102
         339    -5.38801    -5.68082   0.0238553
         340    -5.38479    -5.67995    0.023801
         341    -5.38188    -5.67907   0.0237473
         342    -5.37884     -5.6782   0.0236941
         343    -5.37646    -5.67732   0.0236413
         344    -5.37385    -5.67643    0.023589
         345    -5.37164    -5.67555   0.0235372
         346    -5.36938    -5.67467   0.0234858
         347    -5.36724    -5.67378   0.0234348
         348    -5.36584    -5.67289   0.0233842
         349    -5.36459    -5.67201   0.0233339
         350    -5.36379    -5.67113   0.0232838
         351    -5.36345    -5.67025    0.023234
         352    -5.36312    -5.66938   0.0231843
         353     -5.3634    -5.66851   0.0231349
         354    -5.36445    -5.66766   0.0230854
         355     -5.3646     -5.6668   0.0230362
         356    -5.36565    -5.66596    0.022987
         357     -5.3673    -5.66512   0.0229378
         358    -5.36878    -5.66429   0.0228887
         359    -5.37053    -5.66347   0.0228396
         360    -5.37254    -5.66267   0.0227904
         361    -5.37494    -5.66187   0.0227412
         362    -5.37756    -5.66108    0.022692
         363    -5.38024    -5.66031   0.0226426
         364    -5.38296    -5.65955   0.0225932
         365     -5.3866     -5.6588   0.0225437
         366    -5.38993    -5.65806   0.0224941
         367    -5.39353    -5.65734   0.0224443
         368    -5.39679    -5.65664   0.0223945
         369    -5.39998    -5.65594   0.0223446
         370    -5.40339    -5.65526   0.0222947
         371    -5.40699    -5.65459   0.0222446
         372    -5.41047    -5.65393   0.0221945
         373    -5.41455    -5.65329   0.0221443
         374    -5.41847    -5.65266   0.0220939
         375    -5.42191    -5.65205   0.0220436
         376    -5.42545    -5.65144   0.0219932
         377    -5.42909    -5.65086   0.0219428
         378    -5.43236    -5.65028   0.0218923
         379     -5.4363    -5.64971   0.0218419
         380    -5.43939    -5.64916   0.0217914
         381    -5.44253    -5.64862   0.0217409
         382    -5.44571    -5.64809   0.0216905
         383    -5.44846    -5.64756   0.0216401
         384    -5.45184    -5.64705   0.0215898
         385    -5.45433    -5.64655   0.0215395
         386    -5.45668    -5.64606   0.0214893
         387    -5.45903    -5.64558   0.0214392
         388    -5.46107     -5.6451   0.0213892
         389    -5.46309    -5.64464   0.0213394
         390    -5.46494    -5.64417   0.0212896
         391    -5.46736    -5.64372     0.02124
         392    -5.46943    -5.64328   0.0211905
         393      -5.471    -5.64284   0.0211411
         394    -5.47236    -5.64241   0.0210918
         395    -5.47334    -5.64198   0.0210428
         396    -5.47364    -5.64155   0.0209939
         397    -5.47414    -5.64113   0.0209453
         398    -5.47408    -5.64071   0.0208969
         399    -5.47437     -5.6403   0.0208487
         400    -5.47454    -5.63988   0.0208007
         401    -5.47398    -5.63947   0.0207529
         402     -5.4733    -5.63905   0.0207054
         403    -5.47219    -5.63864   0.0206582
         404    -5.47066    -5.63822   0.0206112
         405    -5.46977    -5.63781   0.0205645
         406    -5.46772    -5.63739   0.0205181
         407    -5.46544    -5.63697   0.0204721
         408    -5.46265    -5.63654   0.0204263
         409    -5.45998    -5.63611    0.020381
         410    -5.45746    -5.63567   0.0203359
         411    -5.45436    -5.63523   0.0202912
         412    -5.45149    -5.63478   0.0202469
         413    -5.44873    -5.63433   0.0202028
         414    -5.44673    -5.63388   0.0201591
         415    -5.44418    -5.63342   0.0201157
         416    -5.44157    -5.63296   0.0200727
         417    -5.43863     -5.6325   0.0200299
         418    -5.43615    -5.63203   0.0199875
         419    -5.43403    -5.63155   0.0199454
         420    -5.43212    -5.63108   0.0199036
         421    -5.43014     -5.6306    0.019862
         422    -5.42886    -5.63012   0.0198207
         423    -5.42723    -5.62964   0.0197797
         424    -5.42628    -5.62917   0.0197388
         425    -5.42541    -5.62869   0.0196982
         426    -5.42443    -5.62821   0.0196578
         427    -5.42453    -5.62773   0.0196175
         428    -5.42448    -5.62725   0.0195774
         429    -5.42423    -5.62678   0.0195375
         430    -5.42421    -5.62631   0.0194978
         431    -5.42421    -5.62584   0.0194582
         432    -5.42406    -5.62537   0.0194187
         433    -5.42403    -5.62491   0.0193795
         434    -5.42393    -5.62445   0.0193403
         435    -5.42388    -5.62398   0.0193014
         436    -5.42311    -5.62352   0.0192626
         437    -5.42312    -5.62307    0.019224
         438    -5.42222    -5.62261   0.0191856
         439    -5.42147    -5.62215   0.0191473
         440    -5.41951    -5.62169   0.0191093
         441    -5.41845    -5.62123   0.0190716
         442    -5.41693    -5.62077    0.019034
         443    -5.41543     -5.6203   0.0189967
         444     -5.4138    -5.61984   0.0189596
         445     -5.4119    -5.61937   0.0189228
         446     -5.4096     -5.6189   0.0188862
         447    -5.40737    -5.61843   0.0188498
         448    -5.40568    -5.61795   0.0188138
         449     -5.4032    -5.61747   0.0187779
         450    -5.40084    -5.61699   0.0187424
         451    -5.39862    -5.61651   0.0187071
         452    -5.39595    -5.61602    0.018672
         453    -5.39391    -5.61553   0.0186373
         454     -5.3916    -5.61504   0.0186027
         455    -5.38978    -5.61454   0.0185684
         456    -5.38755    -5.61404   0.0185344
         457    -5.38554    -5.61354   0.0185006
         458    -5.38358    -5.61304    0.018467
         459     -5.3823    -5.61254   0.0184336
         460    -5.38048    -5.61203   0.0184004
         461    -5.37859    -5.61153   0.0183675
         462    -5.37707    -5.61102   0.0183347
         463    -5.37578    -5.61051   0.0183022
         464    -5.37382       -5.61   0.0182698
         465    -5.37226    -5.60949   0.0182377
         466    -5.37108    -5.60898   0.0182057
         467    -5.37031    -5.60847   0.0181739
         468    -5.36951    -5.60796   0.0181423
         469    -5.36882    -5.60745   0.0181107
         470    -5.36795    -5.60694   0.0180794
         471    -5.36722    -5.60643   0.0180482
         472    -5.36664    -5.60592   0.0180171
         473    -5.36622    -5.60541   0.0179861
         474    -5.36595    -5.60491   0.0179552
         475    -5.36585    -5.60441   0.0179245
         476    -5.36561     -5.6039   0.0178939
         477    -5.36584     -5.6034   0.0178633
         478    -5.36637    -5.60291   0.0178328
         479    -5.36675    -5.60242   0.0178024
         480    -5.36786    -5.60193    0.017772
         481    -5.36894    -5.60144   0.0177417
         482    -5.36981    -5.60096   0.0177114
         483     -5.3709    -5.60049   0.0176811
         484    -5.37218    -5.60001   0.0176509
         485    -5.37317    -5.59955   0.0176207
         486    -5.37401    -5.59908   0.0175905
         487    -5.37495    -5.59862   0.0175604
         488    -5.37612    -5.59817   0.0175304
         489    -5.37689    -5.59771   0.0175003
         490    -5.37815    -5.59727   0.0174704
         491    -5.37942    -5.59682   0.0174404
         492    -5.37946    -5.59638   0.0174106
         493    -5.38006    -5.59594   0.0173808
         494    -5.38002     -5.5955   0.0173511
         495     -5.3805    -5.59507   0.0173215
         496    -5.38046    -5.59464   0.0172919
         497    -5.37958     -5.5942   0.0172626
         498     -5.3789    -5.59377   0.0172333
         499    -5.37827    -5.59334   0.0172042
         500    -5.37709    -5.59291   0.0171752
         501    -5.37534    -5.59247   0.0171464
         502    -5.37364    -5.59204   0.0171178
         503    -5.37153     -5.5916   0.0170894
         504    -5.36918    -5.59116   0.0170612
         505    -5.36674    -5.59071   0.0170332
         506    -5.36438    -5.59027   0.0170054
         507     -5.3615    -5.58981   0.0169778
         508    -5.35796    -5.58936   0.0169506
         509    -5.35514     -5.5889   0.0169235
         510    -5.35125    -5.58843   0.0168967
         511    -5.34752    -5.58796   0.0168702
         512    -5.34367    -5.58748    0.016844
         513    -5.33988      -5.587   0.0168181
         514    -5.33557    -5.58651   0.0167925
         515    -5.33167    -5.58602   0.0167672
         516    -5.32776    -5.58552   0.0167422
         517     -5.3231    -5.58501   0.0167175
         518    -5.31909     -5.5845   0.0166931
         519    -5.31497    -5.58398    0.016669
         520    -5.31108    -5.58345   0.0166452
         521    -5.30773    -5.58292   0.0166217
         522    -5.30418    -5.58239   0.0165984
         523    -5.30089    -5.58185   0.0165754
         524    -5.29727    -5.58131   0.0165526
         525    -5.29392    -5.58076   0.0165302
         526    -5.29038    -5.58021   0.0165079
         527    -5.28711    -5.57965    0.016486
         528    -5.28379    -5.57909   0.0164643
         529    -5.28089    -5.57853   0.0164428
         530    -5.27839    -5.57796   0.0164215
         531    -5.27553    -5.57739   0.0164005
         532    -5.27261    -5.57682   0.0163797
         533    -5.27009    -5.57624    0.016359
         534    -5.26782    -5.57567   0.0163386
         535    -5.26565    -5.57509   0.0163183
         536    -5.26373     -5.5745   0.0162982
         537    -5.26132    -5.57392   0.0162783
         538    -5.25934    -5.57334   0.0162585
         539    -5.25749    -5.57275   0.0162389
         540    -5.25566    -5.57216   0.0162195
         541    -5.25384    -5.57158   0.0162002
         542    -5.25297    -5.57099   0.0161809
         543    -5.25154     -5.5704   0.0161618
         544    -5.25035    -5.56981   0.0161428
         545     -5.2503    -5.56922   0.0161238
         546    -5.25006    -5.56864   0.0161049
         547    -5.24979    -5.56806    0.016086
         548     -5.2495    -5.56748   0.0160672
         549    -5.24981     -5.5669   0.0160483
         550    -5.25089    -5.56632   0.0160294
         551    -5.25212    -5.56575   0.0160105
         552    -5.25366    -5.56519   0.0159914
         553    -5.25521    -5.56463   0.0159723
         554    -5.25752    -5.56407   0.0159531
         555    -5.25969    -5.56352   0.0159338
         556    -5.26261    -5.56298   0.0159143
         557    -5.26566    -5.56245   0.0158947
         558    -5.26854    -5.56192   0.0158749
         559    -5.27154     -5.5614    0.015855
         560    -5.27554    -5.56089   0.0158349
         561    -5.27933    -5.56039   0.0158147
         562    -5.28304     -5.5599   0.0157942
         563    -5.28725    -5.55941   0.0157736
         564    -5.29211    -5.55894   0.0157527
         565    -5.29698    -5.55847   0.0157317
         566    -5.30201    -5.55802   0.0157104
         567    -5.30687    -5.55758    0.015689
         568    -5.31199    -5.55715   0.0156673
         569    -5.31752    -5.55673   0.0156454
         570    -5.32344    -5.55632   0.0156233
         571    -5.32913    -5.55592    0.015601
         572    -5.33442    -5.55553   0.0155786
         573    -5.33976    -5.55515   0.0155559
         574    -5.34574    -5.55479   0.0155331
         575    -5.35144    -5.55444   0.0155101
         576    -5.35715    -5.55409    0.015487
         577    -5.36303    -5.55376   0.0154637
         578    -5.36861    -5.55344   0.0154402
         579    -5.37404    -5.55313   0.0154167
         580    -5.37992    -5.55283    0.015393
         581     -5.3858    -5.55255   0.0153692
         582    -5.39137    -5.55227   0.0153453
         583     -5.3974      -5.552   0.0153212
         584    -5.40343    -5.55175   0.0152971
         585    -5.40901     -5.5515   0.0152729
         586    -5.41459    -5.55127   0.0152486
         587    -5.42078    -5.55105   0.0152243
         588    -5.42652    -5.55084   0.0151999
         589    -5.43181    -5.55064   0.0151754
         590    -5.43785    -5.55044   0.0151509
         591    -5.44357    -5.55026   0.0151263
         592    -5.44898    -5.55009   0.0151017
         593    -5.45481    -5.54993   0.0150771
         594    -5.46016    -5.54978   0.0150525
         595    -5.46575    -5.54964   0.0150279
         596    -5.47066    -5.54951   0.0150032
         597    -5.47639    -5.54938   0.0149786
         598    -5.48127    -5.54927    0.014954
         599    -5.48616    -5.54916   0.0149294
         600    -5.49121    -5.54907   0.0149048
         601    -5.49594    -5.54898   0.0148803
         602    -5.50065     -5.5489   0.0148558
         603    -5.50471    -5.54883   0.0148313
         604    -5.50915    -5.54876   0.0148069
         605    -5.51337     -5.5487   0.0147826
         606     -5.5172    -5.54865   0.0147583
         607    -5.52063     -5.5486    0.014734
         608    -5.52396    -5.54856   0.0147098
         609    -5.52688    -5.54853   0.0146857
         610    -5.52939     -5.5485   0.0146617
         611    -5.53134    -5.54847   0.0146377
         612    -5.53305    -5.54844   0.0146138
         613    -5.53467    -5.54842     0.01459
         614    -5.53636     -5.5484   0.0145662
         615    -5.53768    -5.54838   0.0145426
         616    -5.53894    -5.54837    0.014519
         617    -5.54002    -5.54835   0.0144954
         618    -5.54168    -5.54834    0.014472
         619    -5.54229    -5.54833   0.0144486
         620    -5.54321    -5.54833   0.0144253
         621    -5.54372    -5.54832   0.0144021
         622    -5.54443    -5.54831   0.0143789
         623     -5.5449    -5.54831   0.0143559
         624    -5.54501     -5.5483   0.0143329
         625    -5.54551     -5.5483   0.0143099
         626    -5.54536    -5.54829   0.0142871
         627    -5.54533    -5.54829   0.0142643
         628    -5.54542    -5.54828   0.0142416
         629     -5.5455    -5.54828   0.0142189
         630     -5.5454    -5.54827   0.0141964
         631    -5.54559    -5.54827   0.0141739
         632    -5.54591    -5.54827   0.0141514
         633    -5.54606    -5.54826   0.0141291
         634    -5.54589    -5.54826   0.0141068
         635    -5.54599    -5.54826   0.0140846
         636     -5.5459    -5.54825   0.0140624
         637    -5.54623    -5.54825   0.0140404
         638    -5.54591    -5.54824   0.0140183
         639    -5.54524    -5.54824   0.0139964
         640    -5.54482    -5.54823   0.0139745
         641    -5.54419    -5.54823   0.0139527
         642    -5.54351    -5.54822    0.013931
         643    -5.54382    -5.54821   0.0139093
         644    -5.54333    -5.54821   0.0138877
         645    -5.54279     -5.5482   0.0138662
         646    -5.54235    -5.54819   0.0138448
         647    -5.54172    -5.54818   0.0138234
         648    -5.54107    -5.54817    0.013802
         649    -5.54054    -5.54816   0.0137808
         650    -5.53986    -5.54814   0.0137596
         651    -5.53933    -5.54813   0.0137384
         652    -5.53866    -5.54812   0.0137174
         653    -5.53802     -5.5481   0.0136964
         654    -5.53696    -5.54808   0.0136755
         655     -5.5361    -5.54806   0.0136546
         656    -5.53468    -5.54804   0.0136338
         657    -5.53437    -5.54802   0.0136131
         658    -5.53412      -5.548   0.0135924
         659    -5.53377    -5.54798   0.0135718
         660    -5.53302    -5.54796   0.0135512
         661    -5.53278    -5.54794   0.0135307
         662    -5.53258    -5.54791   0.0135103
         663    -5.53272    -5.54789     0.01349
         664    -5.53273    -5.54787   0.0134697
         665    -5.53275    -5.54784   0.0134494
         666    -5.53247    -5.54782   0.0134293
         667    -5.53217     -5.5478   0.0134091
         668    -5.53171    -5.54777   0.0133891
         669    -5.53152    -5.54775   0.0133691
         670    -5.53113    -5.54772   0.0133492
         671    -5.53115     -5.5477   0.0133293
         672    -5.53022    -5.54767   0.0133095
         673    -5.52983    -5.54765   0.0132897
         674    -5.52924    -5.54762   0.0132701
         675    -5.52859    -5.54759   0.0132504
         676    -5.52789    -5.54756   0.0132309
         677    -5.52731    -5.54753   0.0132113
         678    -5.52669     -5.5475   0.0131919
         679    -5.52634    -5.54747   0.0131725
         680    -5.52583    -5.54744   0.0131532
         681    -5.52502    -5.54741   0.0131339
         682    -5.52467    -5.54737   0.0131147
         683    -5.52435    -5.54734   0.0130955
         684    -5.52393     -5.5473   0.0130764
         685    -5.52326    -5.54727   0.0130574
         686    -5.52267    -5.54723   0.0130384
         687    -5.52201     -5.5472   0.0130195
         688    -5.52177    -5.54716   0.0130006
         689    -5.52179    -5.54712   0.0129818
         690    -5.52209    -5.54709    0.012963
         691    -5.52224    -5.54705   0.0129443
         692    -5.52238    -5.54701   0.0129257
         693    -5.52268    -5.54698    0.012907
         694    -5.52345    -5.54695   0.0128885
         695    -5.52392    -5.54691     0.01287
         696    -5.52457    -5.54688   0.0128515
         697    -5.52585    -5.54685   0.0128331
         698    -5.52698    -5.54682   0.0128148
         699    -5.52827     -5.5468   0.0127965
         700    -5.53016    -5.54677   0.0127782
         701    -5.53189    -5.54675     0.01276
         702    -5.53375    -5.54673   0.0127418
         703    -5.53572    -5.54672   0.0127237
         704    -5.53763     -5.5467   0.0127057
         705    -5.53991    -5.54669   0.0126876
         706     -5.5418    -5.54669   0.0126697
         707    -5.54447    -5.54668   0.0126518
         708    -5.54671    -5.54668   0.0126339
         709    -5.54862    -5.54669   0.0126161
         710     -5.5502    -5.54669   0.0125983
         711    -5.55263     -5.5467   0.0125806
         712    -5.55437    -5.54671   0.0125629
         713    -5.55661    -5.54672   0.0125453
         714    -5.55873    -5.54674   0.0125277
         715    -5.56069    -5.54676   0.0125102
         716    -5.56218    -5.54678   0.0124928
         717    -5.56379    -5.54681   0.0124754
         718    -5.56504    -5.54683    0.012458
         719    -5.56622    -5.54686   0.0124407
         720    -5.56717    -5.54689   0.0124235
         721    -5.56788    -5.54692   0.0124063
         722     -5.5682    -5.54694   0.0123891
         723    -5.56811    -5.54697    0.012372
         724    -5.56777      -5.547    0.012355
         725    -5.56703    -5.54703    0.012338
         726    -5.56694    -5.54706    0.012321
         727    -5.56586    -5.54708   0.0123041
         728    -5.56485    -5.54711   0.0122872
         729    -5.56316    -5.54713   0.0122704
         730     -5.5611    -5.54715   0.0122536
         731    -5.55885    -5.54717   0.0122368
         732    -5.55703    -5.54718   0.0122201
         733    -5.55504    -5.54719   0.0122035
         734    -5.55246     -5.5472   0.0121868
         735    -5.55006     -5.5472   0.0121703
         736    -5.54741     -5.5472   0.0121537
         737    -5.54468     -5.5472   0.0121372
         738     -5.5419    -5.54719   0.0121208
         739       -5.54    -5.54718   0.0121044
         740    -5.53719    -5.54717    0.012088
         741    -5.53456    -5.54715   0.0120717
         742    -5.53227    -5.54713   0.0120555
         743     -5.5293    -5.54711   0.0120393
         744    -5.52657    -5.54708   0.0120231
         745    -5.52367    -5.54705    0.012007
         746     -5.5212    -5.54701    0.011991
         747     -5.5189    -5.54697    0.011975
         748    -5.51737    -5.54694   0.0119591
         749    -5.51544    -5.54689   0.0119432
         750    -5.51386    -5.54685   0.0119273
         751    -5.51251     -5.5468   0.0119115
         752    -5.51198    -5.54676   0.0118958
         753    -5.51153    -5.54671   0.0118801
         754    -5.51057    -5.54666   0.0118644
         755    -5.51014    -5.54661   0.0118488
         756    -5.50994    -5.54657   0.0118332
         757    -5.51027    -5.54652   0.0118177
         758     -5.5102    -5.54647   0.0118022
         759    -5.51048    -5.54642   0.0117867
         760    -5.51108    -5.54638   0.0117713
         761    -5.51185    -5.54633   0.0117559
         762     -5.5126    -5.54629   0.0117406
         763    -5.51347    -5.54624   0.0117253
         764    -5.51458     -5.5462     0.01171
         765    -5.51531    -5.54616   0.0116948
         766    -5.51624    -5.54612   0.0116796
         767    -5.51765    -5.54609   0.0116644
         768    -5.51905    -5.54605   0.0116493
         769    -5.52029    -5.54602   0.0116342
         770    -5.52104    -5.54598   0.0116191
         771    -5.52219    -5.54595   0.0116041
         772    -5.52311    -5.54592   0.0115891
         773    -5.52411     -5.5459   0.0115741
         774    -5.52532    -5.54587   0.0115592
         775    -5.52599    -5.54584   0.0115443
         776    -5.52654    -5.54582   0.0115295
         777    -5.52714    -5.54579   0.0115147
         778    -5.52793    -5.54577   0.0114999
         779     -5.5283    -5.54575   0.0114851
         780    -5.52857    -5.54573   0.0114704
         781    -5.52917    -5.54571   0.0114558
         782    -5.52892    -5.54568   0.0114411
         783    -5.52916    -5.54566   0.0114265
         784     -5.5284    -5.54564    0.011412
         785    -5.52846    -5.54562   0.0113975
         786    -5.52769     -5.5456    0.011383
         787    -5.52729    -5.54557   0.0113686
         788    -5.52668    -5.54555   0.0113542
         789    -5.52603    -5.54552   0.0113398
         790    -5.52533     -5.5455   0.0113255
         791    -5.52446    -5.54547   0.0113112
         792    -5.52389    -5.54544   0.0112969
         793    -5.52377    -5.54542   0.0112827
         794    -5.52337    -5.54539   0.0112685
         795     -5.5227    -5.54536   0.0112544
         796    -5.52238    -5.54533   0.0112403
         797    -5.52229     -5.5453   0.0112262
         798    -5.52198    -5.54527   0.0112122
         799    -5.52101    -5.54524   0.0111982
         800    -5.52136    -5.54521   0.0111843
         801    -5.52183    -5.54518   0.0111703
         802    -5.52182    -5.54516   0.0111564
         803    -5.52194    -5.54513   0.0111426
         804    -5.52251     -5.5451   0.0111288
         805    -5.52262    -5.54507    0.011115
         806    -5.52302    -5.54504   0.0111012
         807    -5.52387    -5.54502   0.0110875
         808    -5.52515    -5.54499   0.0110738
         809    -5.52566    -5.54497   0.0110601
         810    -5.52644    -5.54495   0.0110465
         811    -5.52777    -5.54492   0.0110329
         812    -5.52935    -5.54491   0.0110193
         813     -5.5307    -5.54489   0.0110058
         814    -5.53272    -5.54487   0.0109923
         815    -5.53433    -5.54486   0.0109788
         816    -5.53596    -5.54485   0.0109653
         817    -5.53761    -5.54484   0.0109519
         818    -5.53924    -5.54483   0.0109385
         819    -5.54086    -5.54483   0.0109252
         820    -5.54228    -5.54483   0.0109119
         821    -5.54336    -5.54482   0.0108986
         822    -5.54452    -5.54482   0.0108853
         823    -5.54636    -5.54483   0.0108721
         824    -5.54722    -5.54483   0.0108589
         825    -5.54875    -5.54483   0.0108457
         826    -5.54974    -5.54484   0.0108326
         827    -5.55063    -5.54485   0.0108195
         828    -5.55203    -5.54485   0.0108064
         829    -5.55304    -5.54486   0.0107934
         830    -5.55365    -5.54487   0.0107804
         831    -5.55433    -5.54489   0.0107674
         832    -5.55522     -5.5449   0.0107545
         833    -5.55604    -5.54491   0.0107416
         834    -5.55634    -5.54493   0.0107287
         835    -5.55658    -5.54494   0.0107159
         836    -5.55738    -5.54495   0.0107031
         837    -5.55767    -5.54497   0.0106903
         838    -5.55824    -5.54499   0.0106776
         839    -5.55864      -5.545   0.0106649
         840    -5.55872    -5.54502   0.0106522
         841    -5.55925    -5.54504   0.0106395
         842    -5.55903    -5.54505   0.0106269
         843    -5.55928    -5.54507   0.0106143
         844     -5.5594    -5.54509   0.0106017
         845    -5.56001     -5.5451   0.0105892
         846     -5.5602    -5.54512   0.0105767
         847     -5.5603    -5.54514   0.0105642
         848     -5.5606    -5.54516   0.0105518
         849    -5.56082    -5.54518   0.0105394
         850    -5.56141    -5.54519    0.010527
         851    -5.56238    -5.54522   0.0105147
         852    -5.56282    -5.54524   0.0105023
         853    -5.56334    -5.54526     0.01049
         854     -5.5641    -5.54528   0.0104778
         855     -5.5651     -5.5453   0.0104655
         856    -5.56604    -5.54533   0.0104534
         857    -5.56751    -5.54535   0.0104412
         858    -5.56877    -5.54538   0.0104291
         859    -5.57026    -5.54541    0.010417
         860    -5.57168    -5.54544   0.0104049
         861    -5.57271    -5.54547   0.0103928
         862    -5.57395     -5.5455   0.0103808
         863    -5.57555    -5.54554   0.0103689
         864    -5.57764    -5.54558   0.0103569
         865    -5.57915    -5.54561    0.010345
         866    -5.58054    -5.54565   0.0103332
         867    -5.58238     -5.5457   0.0103213
         868     -5.5839    -5.54574   0.0103095
         869     -5.5857    -5.54579   0.0102978
         870     -5.5873    -5.54583   0.0102861
         871    -5.58885    -5.54588   0.0102744
         872    -5.59047    -5.54594   0.0102627
         873    -5.59184    -5.54599   0.0102511
         874    -5.59281    -5.54604   0.0102395
         875    -5.59411     -5.5461   0.0102279
         876    -5.59542    -5.54615   0.0102164
         877    -5.59658    -5.54621   0.0102049
         878    -5.59728    -5.54627   0.0101935
         879    -5.59794    -5.54633   0.0101821
         880    -5.59812    -5.54639   0.0101707
         881     -5.5981    -5.54644   0.0101593
         882    -5.59727     -5.5465   0.0101479
         883    -5.59699    -5.54656   0.0101366
         884    -5.59619    -5.54662   0.0101253
         885    -5.59548    -5.54667    0.010114
         886    -5.59439    -5.54672   0.0101027
         887    -5.59368    -5.54678   0.0100915
         888    -5.59276    -5.54683   0.0100802
         889    -5.59131    -5.54688    0.010069
         890     -5.5895    -5.54693   0.0100578
         891    -5.58747    -5.54697   0.0100466
         892    -5.58538    -5.54702   0.0100355
         893    -5.58293    -5.54706   0.0100243
         894    -5.58042    -5.54709   0.0100132
         895    -5.57757    -5.54713    0.010002
         896    -5.57481    -5.54716  0.00999092
         897    -5.57171    -5.54719  0.00997982
         898    -5.56782    -5.54721  0.00996873
         899    -5.56448    -5.54723  0.00995766
         900    -5.56081    -5.54724  0.00994661
         901    -5.55678    -5.54725  0.00993557
         902    -5.55211    -5.54726  0.00992456
         903    -5.54754    -5.54726  0.00991357
         904    -5.54231    -5.54725   0.0099026
         905    -5.53824    -5.54724  0.00989167
         906    -5.53304    -5.54723  0.00988076
         907    -5.52823    -5.54721  0.00986989
         908    -5.52258    -5.54718  0.00985906
         909    -5.51624    -5.54715  0.00984827
         910     -5.5101    -5.54711  0.00983753
         911    -5.50386    -5.54706  0.00982685
         912    -5.49735      -5.547  0.00981622
         913    -5.49072    -5.54694  0.00980566
         914    -5.48365    -5.54687  0.00979518
         915    -5.47629     -5.5468  0.00978478
         916    -5.46879    -5.54671  0.00977447
         917    -5.46038    -5.54662  0.00976426
         918    -5.45183    -5.54651  0.00975417
         919    -5.44313     -5.5464  0.00974421
         920     -5.4346    -5.54628  0.00973437
         921    -5.42562    -5.54615  0.00972469
         922    -5.41592    -5.54601  0.00971516
         923    -5.40625    -5.54586  0.00970582
         924    -5.39589    -5.54569  0.00969667
         925    -5.38546    -5.54552  0.00968773
         926    -5.37558    -5.54534  0.00967901
         927    -5.36524    -5.54514  0.00967052
         928    -5.35477    -5.54494  0.00966227
         929    -5.34375    -5.54472   0.0096543
         930    -5.33284    -5.54449  0.00964661
         931    -5.32315    -5.54425  0.00963917
         932    -5.31245    -5.54401  0.00963204
         933    -5.30158    -5.54375  0.00962522
         934    -5.29164    -5.54348   0.0096187
         935    -5.28209     -5.5432  0.00961247
         936     -5.2724    -5.54291  0.00960656
         937    -5.26247    -5.54261  0.00960097
         938    -5.25312     -5.5423  0.00959569
         939    -5.24425    -5.54198  0.00959072
         940    -5.23593    -5.54166  0.00958604
         941    -5.22926    -5.54132   0.0095816
         942    -5.22246    -5.54099  0.00957741
         943    -5.21617    -5.54064  0.00957344
         944    -5.21147    -5.54029  0.00956965
         945    -5.20641    -5.53994  0.00956604
         946    -5.20266    -5.53958  0.00956257
         947    -5.19932    -5.53922  0.00955922
         948    -5.19682    -5.53886  0.00955596
         949    -5.19516     -5.5385  0.00955275
         950    -5.19402    -5.53814  0.00954958
         951    -5.19324    -5.53778  0.00954642
         952    -5.19323    -5.53741  0.00954325
         953     -5.1937    -5.53705  0.00954005
         954    -5.19507    -5.53669  0.00953678
         955    -5.19673    -5.53634  0.00953343
         956    -5.19897    -5.53599  0.00952999
         957    -5.20208    -5.53564  0.00952642
         958    -5.20531    -5.53529  0.00952271
         959    -5.20986    -5.53495  0.00951883
         960    -5.21421    -5.53462  0.00951477
         961    -5.21898    -5.53429  0.00951054
         962    -5.22431    -5.53397  0.00950611
         963    -5.23019    -5.53365  0.00950147
         964    -5.23707    -5.53334   0.0094966
         965    -5.24465    -5.53304  0.00949147
         966    -5.25245    -5.53275  0.00948608
         967    -5.26091    -5.53247  0.00948044
         968    -5.26957     -5.5322  0.00947453
         969    -5.27915    -5.53194  0.00946835
         970    -5.28872    -5.53169  0.00946191
         971    -5.29915    -5.53145   0.0094552
         972    -5.31024    -5.53122  0.00944821
         973     -5.3206    -5.53101  0.00944098
         974    -5.33214     -5.5308  0.00943349
         975    -5.34346    -5.53061  0.00942577
         976    -5.35494    -5.53043  0.00941784
         977    -5.36639    -5.53026  0.00940969
         978    -5.37819    -5.53011  0.00940136
         979    -5.38984    -5.52996  0.00939284
         980    -5.40172    -5.52983  0.00938417
         981    -5.41349    -5.52971  0.00937535
         982    -5.42477    -5.52961  0.00936642
         983    -5.43627    -5.52951  0.00935737
         984    -5.44748    -5.52943  0.00934823
         985     -5.4579    -5.52936  0.00933902
         986    -5.46807    -5.52929  0.00932976
         987    -5.47843    -5.52924  0.00932045
         988    -5.48786     -5.5292  0.00931111
         989    -5.49694    -5.52917  0.00930175
         990    -5.50504    -5.52914  0.00929239
         991    -5.51334    -5.52913  0.00928302
         992    -5.52015    -5.52912  0.00927367
         993    -5.52667    -5.52912  0.00926433
         994    -5.53213    -5.52912  0.00925501
         995    -5.53699    -5.52913  0.00924571
         996    -5.54138    -5.52914  0.00923644
         997    -5.54561    -5.52916  0.00922719
         998    -5.54909    -5.52918  0.00921797
         999    -5.55182     -5.5292  0.00920877
        1000    -5.55411    -5.52922  0.00919959
        1001    -5.55568    -5.52925  0.00919044
        1002    -5.55686    -5.52928  0.00918131
        1003    -5.55751    -5.52931   0.0091722
        1004    -5.55841    -5.52933  0.00916311
        1005    -5.55792    -5.52936  0.00915403
        1006    -5.55697    -5.52939  0.00914498
        1007    -5.55545    -5.52942  0.00913593
        1008    -5.55337    -5.52944   0.0091269
        1009    -5.55137    -5.52946  0.00911788
        1010    -5.54825    -5.52948  0.00910887
        1011    -5.54602     -5.5295  0.00909988
        1012    -5.54303    -5.52951  0.00909089
        1013    -5.53991    -5.52952  0.00908192
        1014    -5.53652    -5.52953  0.00907297
        1015    -5.53274    -5.52953  0.00906403
        1016    -5.52872    -5.52953  0.00905511
        1017     -5.5251    -5.52953  0.00904621
        1018    -5.52066    -5.52952  0.00903733
        1019    -5.51573     -5.5295  0.00902847
        1020    -5.51077    -5.52948  0.00901963
        1021    -5.50563    -5.52946  0.00901083
        1022    -5.50033    -5.52943  0.00900206
        1023    -5.49458     -5.5294  0.00899332
        1024    -5.48884    -5.52936  0.00898463
        1025    -5.48327    -5.52931  0.00897598
        1026    -5.47727    -5.52926  0.00896737
        1027    -5.47194    -5.52921  0.00895881
        1028    -5.46576    -5.52915  0.00895031
        1029    -5.45952    -5.52908  0.00894187
        1030    -5.45339      -5.529  0.00893349
        1031    -5.44786    -5.52893  0.00892517
        1032    -5.44248    -5.52884  0.00891691
        1033    -5.43655    -5.52875  0.00890873
        1034    -5.43068    -5.52866  0.00890062
        1035    -5.42523    -5.52856  0.00889258
        1036    -5.41962    -5.52845  0.00888462
        1037    -5.41464    -5.52834  0.00887673
        1038    -5.40913    -5.52823  0.00886892
        1039    -5.40418    -5.52811  0.00886119
        1040    -5.39863    -5.52798  0.00885354
        1041    -5.39448    -5.52786  0.00884597
        1042    -5.39071    -5.52772  0.00883846
        1043     -5.3872    -5.52759  0.00883101
        1044    -5.38428    -5.52745  0.00882362
        1045    -5.38139    -5.52731  0.00881628
        1046    -5.37901    -5.52717  0.00880899
        1047    -5.37745    -5.52703  0.00880174
        1048    -5.37645    -5.52688  0.00879451
        1049    -5.37585    -5.52674  0.00878731
        1050    -5.37598     -5.5266  0.00878011
        1051    -5.37699    -5.52645  0.00877291
        1052    -5.37857    -5.52631   0.0087657
        1053    -5.38027    -5.52618  0.00875847
        1054    -5.38313    -5.52604  0.00875121
        1055    -5.38622    -5.52591  0.00874392
        1056    -5.38999    -5.52578  0.00873659
        1057    -5.39395    -5.52565  0.00872921
        1058    -5.39867    -5.52553  0.00872179
        1059    -5.40321    -5.52542  0.00871432
        1060    -5.40831    -5.52531   0.0087068
        1061     -5.4139     -5.5252  0.00869922
        1062    -5.41996     -5.5251   0.0086916
        1063    -5.42628    -5.52501  0.00868392
        1064    -5.43238    -5.52492  0.00867619
        1065    -5.43911    -5.52484  0.00866842
        1066    -5.44583    -5.52477   0.0086606
        1067    -5.45263     -5.5247  0.00865275
        1068    -5.45979    -5.52464  0.00864486
        1069    -5.46681    -5.52459  0.00863694
        1070    -5.47349    -5.52454    0.008629
        1071    -5.48039     -5.5245  0.00862105
        1072    -5.48719    -5.52446  0.00861307
        1073    -5.49353    -5.52443   0.0086051
        1074    -5.49938    -5.52441  0.00859711
        1075    -5.50547    -5.52439  0.00858914
        1076    -5.51116    -5.52438  0.00858116
        1077    -5.51627    -5.52437   0.0085732
        1078    -5.52154    -5.52437  0.00856525
        1079    -5.52663    -5.52437  0.00855731
        1080    -5.53153    -5.52438  0.00854939
        1081    -5.53592    -5.52439  0.00854148
        1082    -5.53948     -5.5244   0.0085336
        1083     -5.5428    -5.52442  0.00852574
        1084    -5.54633    -5.52444   0.0085179
        1085    -5.54884    -5.52446  0.00851008
        1086     -5.5508    -5.52449  0.00850228
        1087    -5.55235    -5.52451  0.00849449
        1088     -5.5538    -5.52454  0.00848673
        1089    -5.55544    -5.52457  0.00847898
        1090    -5.55594     -5.5246  0.00847125
        1091    -5.55574    -5.52463  0.00846353
        1092    -5.55563    -5.52465  0.00845583
        1093    -5.55531    -5.52468  0.00844814
        1094    -5.55479    -5.52471  0.00844046
        1095    -5.55364    -5.52474   0.0084328
        1096    -5.55203    -5.52476  0.00842514
        1097    -5.54999    -5.52478  0.00841749
        1098    -5.54767     -5.5248  0.00840985
        1099    -5.54572    -5.52482  0.00840222
        1100     -5.5434    -5.52484   0.0083946
        1101    -5.54059    -5.52486  0.00838699
        1102    -5.53775    -5.52487  0.00837938
        1103    -5.53508    -5.52488  0.00837179
        1104    -5.53183    -5.52488  0.00836421
        1105     -5.5291    -5.52489  0.00835664
        1106     -5.5257    -5.52489  0.00834909
        1107    -5.52241    -5.52488  0.00834155
        1108     -5.5191    -5.52488  0.00833402
        1109    -5.51549    -5.52487  0.00832651
        1110    -5.51191    -5.52486  0.00831902
        1111    -5.50868    -5.52484  0.00831154
        1112    -5.50521    -5.52483  0.00830408
        1113    -5.50227    -5.52481  0.00829665
        1114    -5.49883    -5.52478  0.00828923
        1115    -5.49596    -5.52476  0.00828184
        1116    -5.49274    -5.52473  0.00827447
        1117    -5.48981     -5.5247  0.00826712
        1118    -5.48716    -5.52466  0.00825979
        1119    -5.48524    -5.52463  0.00825249
        1120    -5.48361    -5.52459   0.0082452
        1121    -5.48166    -5.52455  0.00823793
        1122    -5.47968    -5.52451  0.00823069
        1123    -5.47783    -5.52447  0.00822346
        1124    -5.47608    -5.52443  0.00821626
        1125    -5.47459    -5.52439  0.00820908
        1126    -5.47379    -5.52434  0.00820191
        1127    -5.47261    -5.52429  0.00819476
        1128    -5.47149    -5.52425  0.00818763
        1129    -5.46966     -5.5242  0.00818052
        1130    -5.46847    -5.52415  0.00817343
        1131    -5.46729     -5.5241  0.00816636
        1132    -5.46612    -5.52405   0.0081593
        1133    -5.46464      -5.524  0.00815227
        1134    -5.46329    -5.52394  0.00814526
        1135    -5.46221    -5.52389  0.00813826
        1136    -5.46078    -5.52383  0.00813129
        1137    -5.45931    -5.52378  0.00812433
        1138    -5.45777    -5.52372   0.0081174
        1139    -5.45632    -5.52366  0.00811049
        1140    -5.45512     -5.5236   0.0081036
        1141    -5.45354    -5.52354  0.00809673
        1142     -5.4513    -5.52347  0.00808989
        1143    -5.44991    -5.52341  0.00808307
        1144    -5.44786    -5.52334  0.00807627
        1145    -5.44637    -5.52328   0.0080695
        1146    -5.44438    -5.52321  0.00806275
        1147    -5.44237    -5.52314  0.00805603
        1148    -5.44049    -5.52306  0.00804933
        1149    -5.43846    -5.52299  0.00804266
        1150    -5.43659    -5.52292  0.00803602
        1151    -5.43474    -5.52284   0.0080294
        1152    -5.43248    -5.52276  0.00802282
        1153    -5.43058    -5.52268  0.00801626
        1154    -5.42904     -5.5226  0.00800972
        1155    -5.42759    -5.52252  0.00800321
        1156    -5.42609    -5.52243  0.00799672
        1157    -5.42424    -5.52235  0.00799026
        1158    -5.42265    -5.52226  0.00798382
        1159     -5.4212    -5.52218  0.00797741
        1160    -5.42033    -5.52209  0.00797102
        1161    -5.41915      -5.522  0.00796464
        1162    -5.41826    -5.52191  0.00795829
        1163    -5.41752    -5.52182  0.00795195
        1164    -5.41675    -5.52173  0.00794563
        1165    -5.41643    -5.52164  0.00793933
        1166    -5.41639    -5.52155  0.00793303
        1167    -5.41662    -5.52146  0.00792674
        1168    -5.41666    -5.52137  0.00792046
        1169    -5.41665    -5.52128  0.00791419
        1170    -5.41674    -5.52119  0.00790793
        1171    -5.41676     -5.5211  0.00790168
        1172    -5.41669    -5.52101  0.00789544
        1173    -5.41668    -5.52092  0.00788921
        1174    -5.41717    -5.52084  0.00788299
        1175    -5.41724    -5.52075  0.00787677
        1176    -5.41734    -5.52066  0.00787057
        1177    -5.41776    -5.52057  0.00786437
        1178    -5.41818    -5.52048  0.00785817
        1179    -5.41814     -5.5204  0.00785198
        1180    -5.41854    -5.52031   0.0078458
        1181    -5.41863    -5.52023  0.00783963
        1182    -5.41915    -5.52014  0.00783347
        1183    -5.41966    -5.52006  0.00782731
        1184    -5.42014    -5.51997  0.00782115
        1185    -5.42105    -5.51989    0.007815
        1186     -5.4212     -5.5198  0.00780885
        1187    -5.42148    -5.51972  0.00780271
        1188    -5.42206    -5.51964  0.00779657
        1189    -5.42203    -5.51956  0.00779045
        1190    -5.42232    -5.51948  0.00778433
        1191    -5.42203    -5.51939  0.00777823
        1192    -5.42238    -5.51931  0.00777213
        1193    -5.42308    -5.51923  0.00776603
        1194     -5.4234    -5.51915  0.00775994
        1195    -5.42424    -5.51907  0.00775385
        1196    -5.42487    -5.51899  0.00774777
        1197    -5.42515    -5.51891  0.00774169
        1198     -5.4263    -5.51884  0.00773562
        1199    -5.42727    -5.51876  0.00772954
        1200    -5.42884    -5.51869  0.00772346
        1201    -5.42978    -5.51861  0.00771739
        1202    -5.43072    -5.51854  0.00771131
        1203    -5.43225    -5.51847  0.00770524
        1204    -5.43392     -5.5184  0.00769916
        1205    -5.43572    -5.51833  0.00769307
        1206    -5.43825    -5.51826  0.00768698
        1207     -5.4403     -5.5182  0.00768089
        1208     -5.4426    -5.51813  0.00767478
        1209    -5.44483    -5.51807  0.00766867
        1210    -5.44775    -5.51802  0.00766256
        1211    -5.45057    -5.51796  0.00765643
        1212    -5.45283    -5.51791   0.0076503
        1213    -5.45572    -5.51786  0.00764417
        1214    -5.45817    -5.51781  0.00763803
        1215    -5.46076    -5.51776  0.00763189
        1216    -5.46304    -5.51771  0.00762574
        1217     -5.4653    -5.51767   0.0076196
        1218    -5.46797    -5.51763  0.00761345
        1219     -5.4703    -5.51759   0.0076073
        1220    -5.47259    -5.51755  0.00760116
        1221    -5.47469    -5.51752  0.00759501
        1222    -5.47688    -5.51749  0.00758887
        1223    -5.47918    -5.51745  0.00758273
        1224    -5.48143    -5.51743  0.00757659
        1225    -5.48363     -5.5174  0.00757046
        1226    -5.48547    -5.51737  0.00756433
        1227    -5.48818    -5.51735   0.0075582
        1228    -5.48963    -5.51733  0.00755208
        1229     -5.4912     -5.5173  0.00754597
        1230    -5.49271    -5.51728  0.00753986
        1231    -5.49402    -5.51727  0.00753376
        1232    -5.49589    -5.51725  0.00752766
        1233    -5.49785    -5.51723  0.00752157
        1234    -5.49991    -5.51722  0.00751549
        1235     -5.5013    -5.51721  0.00750942
        1236    -5.50262    -5.51719  0.00750335
        1237    -5.50417    -5.51718  0.00749729
        1238    -5.50548    -5.51717  0.00749124
        1239    -5.50671    -5.51717   0.0074852
        1240    -5.50708    -5.51716  0.00747917
        1241    -5.50781    -5.51715  0.00747314
        1242    -5.50841    -5.51714  0.00746713
        1243    -5.50905    -5.51714  0.00746113
        1244    -5.50895    -5.51713  0.00745513
        1245    -5.50918    -5.51712  0.00744915
        1246    -5.50987    -5.51712  0.00744317
        1247     -5.5098    -5.51711   0.0074372
        1248    -5.50989    -5.51711  0.00743125
        1249    -5.50998     -5.5171   0.0074253
        1250    -5.50961    -5.51709  0.00741936
        1251    -5.50908    -5.51709  0.00741343
        1252    -5.50824    -5.51708  0.00740751
        1253    -5.50755    -5.51707  0.00740161
        1254    -5.50685    -5.51706  0.00739571
        1255    -5.50631    -5.51706  0.00738982
        1256    -5.50518    -5.51705  0.00738394
        1257    -5.50375    -5.51704  0.00737808
        1258    -5.50266    -5.51702  0.00737222
        1259    -5.50114    -5.51701  0.00736638
        1260    -5.49951      -5.517  0.00736054
        1261    -5.49778    -5.51698  0.00735472
        1262    -5.49641    -5.51697  0.00734891
        1263    -5.49422    -5.51695  0.00734311
        1264    -5.49257    -5.51693  0.00733733
        1265    -5.49027    -5.51691  0.00733156
        1266    -5.48823    -5.51689   0.0073258
        1267    -5.48678    -5.51686  0.00732006
        1268    -5.48471    -5.51684  0.00731433
        1269     -5.4822    -5.51681  0.00730862
        1270       -5.48    -5.51678  0.00730292
        1271    -5.47859    -5.51675  0.00729724
        1272    -5.47631    -5.51672  0.00729157
        1273    -5.47484    -5.51669  0.00728592
        1274    -5.47268    -5.51665  0.00728028
        1275    -5.47044    -5.51661  0.00727466
        1276    -5.46843    -5.51658  0.00726906
        1277    -5.46667    -5.51654  0.00726347
        1278    -5.46515     -5.5165   0.0072579
        1279    -5.46359    -5.51646  0.00725234
        1280    -5.46259    -5.51641   0.0072468
        1281    -5.46156    -5.51637  0.00724127
        1282    -5.46079    -5.51633  0.00723575
        1283    -5.46014    -5.51628  0.00723024
        1284    -5.45931    -5.51624  0.00722475
        1285    -5.45891     -5.5162  0.00721926
        1286    -5.45817    -5.51615  0.00721379
        1287    -5.45771     -5.5161  0.00720833
        1288    -5.45751    -5.51606  0.00720287
        1289    -5.45727    -5.51601  0.00719743
        1290    -5.45699    -5.51597    0.007192
        1291    -5.45667    -5.51592  0.00718657
        1292    -5.45659    -5.51588  0.00718116
        1293    -5.45692    -5.51583  0.00717575
        1294    -5.45673    -5.51578  0.00717035
        1295    -5.45722    -5.51574  0.00716495
        1296    -5.45793    -5.51569  0.00715956
        1297    -5.45826    -5.51565  0.00715418
        1298    -5.45834    -5.51561   0.0071488
        1299    -5.45863    -5.51556  0.00714344
        1300     -5.4594    -5.51552  0.00713807
        1301    -5.45976    -5.51548  0.00713271
        1302    -5.45999    -5.51543  0.00712736
        1303    -5.46099    -5.51539  0.00712201
        1304    -5.46199    -5.51535  0.00711667
        1305    -5.46209    -5.51531  0.00711133
        1306    -5.46293    -5.51527    0.007106
        1307    -5.46299    -5.51523  0.00710068
        1308    -5.46363    -5.51519  0.00709536
        1309    -5.46407    -5.51515  0.00709005
        1310    -5.46462    -5.51511  0.00708474
        1311    -5.46481    -5.51507  0.00707944
        1312    -5.46524    -5.51504  0.00707414
        1313    -5.46546      -5.515  0.00706886
        1314     -5.4659    -5.51496  0.00706358
        1315    -5.46611    -5.51492   0.0070583
        1316    -5.46609    -5.51489  0.00705304
        1317    -5.46613    -5.51485  0.00704778
        1318    -5.46549    -5.51481  0.00704253
        1319    -5.46521    -5.51478  0.00703729
        1320     -5.4653    -5.51474  0.00703206
        1321      -5.465     -5.5147  0.00702684
        1322    -5.46431    -5.51466  0.00702163
        1323    -5.46401    -5.51462  0.00701642
        1324    -5.46394    -5.51459  0.00701123
        1325     -5.4632    -5.51455  0.00700604
        1326    -5.46286    -5.51451  0.00700087
        1327    -5.46264    -5.51447   0.0069957
        1328    -5.46208    -5.51443  0.00699055
        1329     -5.4612    -5.51439   0.0069854
        1330    -5.46062    -5.51435  0.00698026
        1331    -5.45991    -5.51431  0.00697514
        1332    -5.45967    -5.51427  0.00697002
        1333    -5.45858    -5.51422  0.00696492
        1334    -5.45831    -5.51418  0.00695983
        1335    -5.45827    -5.51414  0.00695474
        1336    -5.45819     -5.5141  0.00694966
        1337    -5.45777    -5.51406  0.00694459
        1338    -5.45809    -5.51402  0.00693952
        1339    -5.45842    -5.51397  0.00693447
        1340    -5.45847    -5.51393  0.00692941
        1341    -5.45963    -5.51389  0.00692437
        1342    -5.46039    -5.51385  0.00691932
        1343    -5.46152    -5.51381  0.00691428
        1344    -5.46259    -5.51377  0.00690924
        1345     -5.4639    -5.51374   0.0069042
        1346    -5.46548     -5.5137  0.00689916
        1347    -5.46673    -5.51367  0.00689413
        1348      -5.469    -5.51363   0.0068891
        1349     -5.4717     -5.5136  0.00688406
        1350    -5.47423    -5.51357  0.00687902
        1351    -5.47734    -5.51355  0.00687398
        1352    -5.48102    -5.51352  0.00686894
        1353    -5.48451     -5.5135   0.0068639
        1354     -5.4884    -5.51348  0.00685885
        1355    -5.49239    -5.51347  0.00685381
        1356     -5.4963    -5.51345  0.00684877
        1357    -5.50101    -5.51345  0.00684372
        1358    -5.50532    -5.51344  0.00683869
        1359    -5.51023    -5.51344  0.00683366
        1360    -5.51574    -5.51344  0.00682863
        1361    -5.52106    -5.51344  0.00682362
        1362    -5.52616    -5.51345  0.00681861
        1363    -5.53101    -5.51347  0.00681362
        1364    -5.53619    -5.51348  0.00680865
        1365     -5.5412     -5.5135  0.00680369
        1366    -5.54649    -5.51353  0.00679875
        1367     -5.5511    -5.51356  0.00679383
        1368    -5.55606    -5.51359  0.00678894
        1369    -5.56089    -5.51362  0.00678407
        1370    -5.56541    -5.51366  0.00677922
        1371    -5.57035     -5.5137   0.0067744
        1372    -5.57521    -5.51374  0.00676961
        1373    -5.57938    -5.51379  0.00676485
        1374    -5.58297    -5.51384  0.00676012
        1375    -5.58671     -5.5139  0.00675541
        1376    -5.58968    -5.51395  0.00675072
        1377      -5.592    -5.51401  0.00674606
        1378    -5.59441    -5.51407  0.00674141
        1379    -5.59629    -5.51413  0.00673679
        1380    -5.59791    -5.51419  0.00673218
        1381    -5.59941    -5.51425  0.00672759
        1382    -5.60048    -5.51431  0.00672301
        1383    -5.60049    -5.51437  0.00671844
        1384    -5.60021    -5.51443  0.00671387
        1385    -5.59992     -5.5145  0.00670931
        1386     -5.5987    -5.51456  0.00670474
        1387    -5.59657    -5.51462  0.00670017
        1388    -5.59442    -5.51467  0.00669559
        1389    -5.59181    -5.51473    0.006691
        1390    -5.58935    -5.51478   0.0066864
        1391    -5.58598    -5.51483  0.00668179
        1392    -5.58201    -5.51488  0.00667716
        1393    -5.57808    -5.51493  0.00667252
        1394    -5.57358    -5.51497  0.00666787
        1395    -5.56854    -5.51501   0.0066632
        1396    -5.56253    -5.51504  0.00665851
        1397    -5.55677    -5.51507  0.00665381
        1398    -5.55054     -5.5151   0.0066491
        1399    -5.54402    -5.51512  0.00664438
        1400    -5.53725    -5.51513  0.00663965
        1401    -5.53069    -5.51515  0.00663492
        1402     -5.5238    -5.51515  0.00663019
        1403    -5.51676    -5.51515  0.00662547
        1404     -5.5096    -5.51515  0.00662075
        1405    -5.50207    -5.51514  0.00661605
        1406    -5.49482    -5.51512  0.00661136
        1407    -5.48697     -5.5151  0.00660669
        1408    -5.47962    -5.51508  0.00660204
        1409    -5.47252    -5.51505  0.00659743
        1410    -5.46465    -5.51501  0.00659284
        1411    -5.45756    -5.51497   0.0065883
        1412    -5.45083    -5.51493  0.00658379
        1413    -5.44433    -5.51488  0.00657932
        1414    -5.43826    -5.51482  0.00657489
        1415    -5.43203    -5.51476   0.0065705
        1416    -5.42612     -5.5147  0.00656616
        1417     -5.4207    -5.51464  0.00656186
        1418    -5.41548    -5.51457  0.00655761
        1419    -5.41107    -5.51449  0.00655339
        1420    -5.40673    -5.51442  0.00654922
        1421    -5.40305    -5.51434  0.00654508
        1422    -5.40004    -5.51426  0.00654097
        1423    -5.39785    -5.51418  0.00653688
        1424     -5.3951    -5.51409  0.00653283
        1425      -5.393    -5.51401  0.00652879
        1426    -5.39123    -5.51392  0.00652478
        1427    -5.38963    -5.51383  0.00652079
        1428    -5.38862    -5.51375  0.00651681
        1429    -5.38715    -5.51366  0.00651286
        1430    -5.38625    -5.51357  0.00650891
        1431    -5.38576    -5.51348  0.00650498
        1432    -5.38521    -5.51339  0.00650105
        1433    -5.38535     -5.5133  0.00649713
        1434    -5.38539    -5.51321  0.00649321
        1435    -5.38595    -5.51312  0.00648929
        1436    -5.38639    -5.51304  0.00648537
        1437    -5.38702    -5.51295  0.00648145
        1438    -5.38782    -5.51286  0.00647753
        1439    -5.38862    -5.51277   0.0064736
        1440    -5.38973    -5.51269  0.00646967
        1441    -5.39052     -5.5126  0.00646573
        1442    -5.39175    -5.51252  0.00646179
        1443    -5.39295    -5.51244  0.00645785
        1444    -5.39472    -5.51236  0.00645389
        1445    -5.39658    -5.51228  0.00644992
        1446    -5.39824     -5.5122  0.00644594
        1447    -5.39998    -5.51212  0.00644195
        1448    -5.40209    -5.51204  0.00643795
        1449    -5.40441    -5.51197  0.00643394
        1450    -5.40677     -5.5119  0.00642991
        1451     -5.4087    -5.51183  0.00642587
        1452    -5.41035    -5.51176  0.00642183
        1453      -5.412    -5.51169  0.00641777
        1454    -5.41393    -5.51162  0.00641371
        1455    -5.41569    -5.51155  0.00640964
        1456     -5.4177    -5.51149  0.00640557
        1457     -5.4198    -5.51143  0.00640148
        1458    -5.42153    -5.51136  0.00639738
        1459    -5.42287     -5.5113  0.00639329
        1460    -5.42425    -5.51124  0.00638919
        1461    -5.42598    -5.51119  0.00638508
        1462     -5.4282    -5.51113  0.00638096
        1463    -5.42954    -5.51107  0.00637685
        1464    -5.43058    -5.51102  0.00637273
        1465     -5.4318    -5.51096  0.00636861
        1466    -5.43258    -5.51091  0.00636449
        1467    -5.43292    -5.51086  0.00636037
        1468    -5.43283     -5.5108  0.00635626
        1469    -5.43307    -5.51075  0.00635215
        1470     -5.4338     -5.5107  0.00634805
        1471    -5.43427    -5.51065  0.00634395
        1472     -5.4348     -5.5106  0.00633985
        1473    -5.43465    -5.51054  0.00633575
        1474    -5.43459    -5.51049  0.00633166
        1475     -5.4345    -5.51044  0.00632758
        1476    -5.43423    -5.51039   0.0063235
        1477    -5.43382    -5.51034  0.00631943
        1478    -5.43358    -5.51029  0.00631537
        1479    -5.43354    -5.51023  0.00631131
        1480    -5.43371    -5.51018  0.00630726
        1481     -5.4338    -5.51013  0.00630321
        1482     -5.4337    -5.51008  0.00629917
        1483    -5.43461    -5.51003  0.00629513
        1484    -5.43503    -5.50998  0.00629109
        1485    -5.43514    -5.50993  0.00628706
        1486    -5.43627    -5.50988  0.00628302
        1487    -5.43679    -5.50983  0.00627899
        1488    -5.43773    -5.50978  0.00627495
        1489    -5.43909    -5.50973  0.00627092
        1490    -5.44056    -5.50969  0.00626688
        1491    -5.44197    -5.50964  0.00626284
        1492    -5.44269     -5.5096  0.00625881
        1493    -5.44452    -5.50955  0.00625477
        1494    -5.44638    -5.50951  0.00625072
        1495    -5.44808    -5.50947  0.00624668
        1496    -5.44975    -5.50943  0.00624263
        1497    -5.45121    -5.50939  0.00623858
        1498    -5.45242    -5.50935  0.00623453
        1499    -5.45397    -5.50931  0.00623048
        1500    -5.45491    -5.50928  0.00622643
        1501    -5.45551    -5.50924  0.00622239
        1502    -5.45621    -5.50921  0.00621835
        1503    -5.45681    -5.50917  0.00621431
        1504    -5.45671    -5.50914  0.00621027
        1505    -5.45662     -5.5091  0.00620625
        1506    -5.45638    -5.50907  0.00620222
        1507    -5.45508    -5.50903  0.00619821
        1508     -5.4542      -5.509  0.00619421
        1509    -5.45299    -5.50896  0.00619021
        1510    -5.45176    -5.50892  0.00618623
        1511    -5.45003    -5.50888  0.00618226
        1512    -5.44753    -5.50884   0.0061783
        1513    -5.44547     -5.5088  0.00617436
        1514    -5.44265    -5.50876  0.00617044
        1515       -5.44    -5.50871  0.00616653
        1516    -5.43632    -5.50866  0.00616265
        1517     -5.4327    -5.50861  0.00615879
        1518    -5.42871    -5.50856  0.00615496
        1519    -5.42407     -5.5085  0.00615116
        1520    -5.41973    -5.50845  0.00614739
        1521    -5.41511    -5.50838  0.00614365
        1522    -5.41055    -5.50832  0.00613995
        1523    -5.40607    -5.50825  0.00613629
        1524    -5.40141    -5.50818  0.00613266
        1525    -5.39691    -5.50811  0.00612907
        1526    -5.39169    -5.50803  0.00612553
        1527    -5.38746    -5.50795  0.00612203
        1528    -5.38272    -5.50787  0.00611857
        1529    -5.37887    -5.50779  0.00611515
        1530    -5.37488     -5.5077  0.00611177
        1531    -5.37078    -5.50761  0.00610843
        1532     -5.3678    -5.50752  0.00610513
        1533     -5.3643    -5.50743  0.00610186
        1534    -5.36121    -5.50733  0.00609863
        1535    -5.35854    -5.50724  0.00609543
        1536    -5.35571    -5.50714  0.00609225
        1537    -5.35348    -5.50704  0.00608911
        1538    -5.35141    -5.50694  0.00608599
        1539    -5.34965    -5.50683   0.0060829
        1540    -5.34821    -5.50673  0.00607982
        1541    -5.34678    -5.50663  0.00607676
        1542    -5.34658    -5.50652   0.0060737
        1543    -5.34579    -5.50642  0.00607066
        1544    -5.34545    -5.50631  0.00606762
        1545    -5.34556    -5.50621  0.00606459
        1546    -5.34626    -5.50611  0.00606155
        1547    -5.34678      -5.506  0.00605851
        1548    -5.34785     -5.5059  0.00605545
        1549    -5.34948     -5.5058  0.00605239
        1550    -5.35058     -5.5057  0.00604931
        1551     -5.3522     -5.5056  0.00604622
        1552    -5.35387     -5.5055  0.00604311
        1553    -5.35572    -5.50541  0.00603999
        1554    -5.35789    -5.50531  0.00603685
        1555    -5.36021    -5.50522  0.00603369
        1556    -5.36281    -5.50513  0.00603051
        1557    -5.36554    -5.50504   0.0060273
        1558    -5.36867    -5.50495  0.00602407
        1559    -5.37157    -5.50486  0.00602081
        1560    -5.37395    -5.50478  0.00601754
        1561    -5.37713     -5.5047  0.00601424
        1562     -5.3805    -5.50462  0.00601091
        1563    -5.38344    -5.50454  0.00600757
        1564    -5.38623    -5.50447   0.0060042
        1565    -5.38885    -5.50439  0.00600082
        1566    -5.39176    -5.50432  0.00599742
        1567    -5.39462    -5.50425    0.005994
        1568    -5.39743    -5.50418  0.00599056
        1569    -5.40048    -5.50412  0.00598711
        1570    -5.40316    -5.50405  0.00598364
        1571    -5.40559    -5.50399  0.00598016
        1572    -5.40794    -5.50393  0.00597667
        1573    -5.41033    -5.50387  0.00597317
        1574    -5.41247    -5.50381  0.00596965
        1575    -5.41449    -5.50375  0.00596613
        1576     -5.4164     -5.5037   0.0059626
        1577    -5.41849    -5.50364  0.00595907
        1578    -5.42032    -5.50359  0.00595553
        1579    -5.42217    -5.50354  0.00595198
        1580    -5.42406    -5.50349  0.00594842
        1581    -5.42539    -5.50344  0.00594487
        1582    -5.42659    -5.50339  0.00594131
        1583    -5.42754    -5.50334  0.00593775
        1584    -5.42884     -5.5033  0.00593418
        1585     -5.4302    -5.50325  0.00593062
        1586    -5.43132    -5.50321  0.00592705
        1587    -5.43236    -5.50316  0.00592349
        1588    -5.43394    -5.50312  0.00591992
        1589    -5.43516    -5.50307  0.00591635
        1590    -5.43633    -5.50303  0.00591277
        1591    -5.43687    -5.50299   0.0059092
        1592    -5.43738    -5.50295  0.00590563
        1593    -5.43773    -5.50291  0.00590207
        1594    -5.43899    -5.50287   0.0058985
        1595    -5.43951    -5.50283  0.00589494
        1596    -5.44021    -5.50279  0.00589138
        1597    -5.44125    -5.50275  0.00588781
        1598    -5.44233    -5.50271  0.00588425
        1599    -5.44286    -5.50268  0.00588069
        1600     -5.4436    -5.50264  0.00587713
        1601    -5.44471     -5.5026  0.00587357
        1602    -5.44558    -5.50257  0.00587001
        1603    -5.44681    -5.50253  0.00586645
        1604    -5.44765     -5.5025  0.00586289
        1605    -5.44899    -5.50246  0.00585934
        1606    -5.45022    -5.50243  0.00585578
        1607    -5.45102     -5.5024  0.00585222
        1608    -5.45244    -5.50237  0.00584866
        1609      -5.454    -5.50234  0.00584511
        1610    -5.45523    -5.50231  0.00584155
        1611    -5.45641    -5.50228  0.00583799
        1612    -5.45736    -5.50225  0.00583444
        1613    -5.45882    -5.50223  0.00583088
        1614    -5.45971     -5.5022  0.00582733
        1615    -5.45999    -5.50217  0.00582378
        1616    -5.46102    -5.50215  0.00582023
        1617     -5.4617    -5.50212  0.00581669
        1618    -5.46186     -5.5021  0.00581314
        1619    -5.46163    -5.50207  0.00580961
        1620    -5.46116    -5.50205  0.00580608
        1621    -5.46042    -5.50202  0.00580255
        1622    -5.45956      -5.502  0.00579903
        1623    -5.45842    -5.50197  0.00579552
        1624    -5.45714    -5.50194  0.00579202
        1625    -5.45513    -5.50191  0.00578853
        1626      -5.453    -5.50188  0.00578505
        1627    -5.45074    -5.50185  0.00578157
        1628    -5.44823    -5.50182  0.00577812
        1629    -5.44562    -5.50178  0.00577467
        1630    -5.44218    -5.50175  0.00577125
        1631    -5.43869    -5.50171  0.00576784
        1632    -5.43532    -5.50167  0.00576445
        1633    -5.43133    -5.50163  0.00576108
        1634    -5.42737    -5.50158  0.00575773
        1635    -5.42286    -5.50153  0.00575441
        1636    -5.41904    -5.50148  0.00575111
        1637    -5.41563    -5.50143  0.00574784
        1638    -5.41176    -5.50137  0.00574459
        1639    -5.40821    -5.50132  0.00574137
        1640    -5.40488    -5.50126  0.00573817
        1641    -5.40057     -5.5012    0.005735
        1642    -5.39683    -5.50113  0.00573186
        1643    -5.39337    -5.50107  0.00572875
        1644    -5.39009      -5.501  0.00572566
        1645    -5.38683    -5.50093   0.0057226
        1646    -5.38423    -5.50086  0.00571956
        1647    -5.38171    -5.50079  0.00571655
        1648    -5.37957    -5.50071  0.00571355
        1649    -5.37723    -5.50064  0.00571058
        1650    -5.37529    -5.50056  0.00570762
        1651    -5.37437    -5.50049  0.00570468
        1652    -5.37342    -5.50041  0.00570174
        1653    -5.37229    -5.50033  0.00569882
        1654    -5.37142    -5.50025  0.00569591
        1655    -5.37112    -5.50018    0.005693
        1656    -5.37078     -5.5001   0.0056901
        1657    -5.37084    -5.50002   0.0056872
        1658    -5.37113    -5.49994   0.0056843
        1659    -5.37181    -5.49987   0.0056814
        1660    -5.37226    -5.49979  0.00567849
        1661    -5.37321    -5.49971  0.00567559
        1662    -5.37405    -5.49964  0.00567268
        1663    -5.37507    -5.49956  0.00566976
        1664    -5.37625    -5.49949  0.00566684
        1665    -5.37728    -5.49941  0.00566391
        1666    -5.37844    -5.49934  0.00566097
        1667    -5.38001    -5.49927  0.00565803
        1668    -5.38229     -5.4992  0.00565507
        1669    -5.38405    -5.49913  0.00565211
        1670    -5.38618    -5.49906  0.00564913
        1671    -5.38822      -5.499  0.00564613
        1672    -5.39015    -5.49893  0.00564313
        1673    -5.39226    -5.49887  0.00564012
        1674     -5.3947    -5.49881  0.00563709
        1675    -5.39684    -5.49875  0.00563406
        1676    -5.39868    -5.49869  0.00563101
        1677    -5.40052    -5.49863  0.00562796
        1678     -5.4022    -5.49857   0.0056249
        1679    -5.40462    -5.49851  0.00562183
        1680    -5.40642    -5.49846  0.00561875
        1681    -5.40834    -5.49841  0.00561566
        1682     -5.4104    -5.49835  0.00561257
        1683    -5.41245     -5.4983  0.00560946
        1684    -5.41479    -5.49825  0.00560635
        1685    -5.41697     -5.4982  0.00560323
        1686    -5.41901    -5.49816   0.0056001
        1687    -5.42091    -5.49811  0.00559697
        1688    -5.42315    -5.49807  0.00559383
        1689    -5.42528    -5.49802  0.00559069
        1690    -5.42793    -5.49798  0.00558753
        1691    -5.42989    -5.49794  0.00558437
        1692    -5.43226     -5.4979  0.00558121
        1693    -5.43397    -5.49787  0.00557804
        1694    -5.43657    -5.49783  0.00557486
        1695     -5.4393    -5.49779  0.00557168
        1696    -5.44204    -5.49776  0.00556849
        1697    -5.44494    -5.49773   0.0055653
        1698    -5.44831     -5.4977   0.0055621
        1699    -5.45154    -5.49767  0.00555889
        1700    -5.45495    -5.49765  0.00555568
        1701    -5.45853    -5.49763  0.00555246
        1702    -5.46196    -5.49761  0.00554924
        1703    -5.46568    -5.49759  0.00554601
        1704    -5.46966    -5.49757  0.00554278
        1705    -5.47375    -5.49756  0.00553954
        1706    -5.47791    -5.49754  0.00553631
        1707    -5.48271    -5.49754  0.00553307
        1708    -5.48678    -5.49753  0.00552984
        1709    -5.49097    -5.49753   0.0055266
        1710    -5.49512    -5.49752  0.00552337
        1711    -5.49949    -5.49753  0.00552014
        1712     -5.5036    -5.49753  0.00551692
        1713    -5.50756    -5.49753   0.0055137
        1714    -5.51182    -5.49754  0.00551049
        1715    -5.51527    -5.49755  0.00550729
        1716    -5.51837    -5.49757  0.00550409
        1717    -5.52183    -5.49758   0.0055009
        1718     -5.5246     -5.4976  0.00549773
        1719    -5.52757    -5.49761  0.00549455
        1720    -5.53011    -5.49763  0.00549139
        1721    -5.53207    -5.49765  0.00548824
        1722    -5.53375    -5.49767  0.00548509
        1723    -5.53576    -5.49769  0.00548195
        1724    -5.53702    -5.49772  0.00547882
        1725    -5.53756    -5.49774  0.00547569
        1726    -5.53828    -5.49776  0.00547257
        1727    -5.53903    -5.49779  0.00546945
        1728    -5.53936    -5.49781  0.00546634
        1729    -5.53929    -5.49784  0.00546323
        1730    -5.53912    -5.49786  0.00546013
        1731    -5.53872    -5.49788  0.00545702
        1732    -5.53793    -5.49791  0.00545392
        1733    -5.53738    -5.49793  0.00545082
        1734    -5.53646    -5.49795  0.00544772
        1735     -5.5352    -5.49797  0.00544463
        1736    -5.53374    -5.49799  0.00544153
        1737    -5.53179    -5.49801  0.00543843
        1738    -5.52982    -5.49803  0.00543533
        1739    -5.52784    -5.49805  0.00543223
        1740    -5.52569    -5.49806  0.00542914
        1741     -5.5231    -5.49808  0.00542604
        1742    -5.52067    -5.49809  0.00542294
        1743     -5.5178     -5.4981  0.00541984
        1744    -5.51541    -5.49811  0.00541674
        1745    -5.51213    -5.49812  0.00541364
        1746     -5.5092    -5.49813  0.00541054
        1747    -5.50601    -5.49813  0.00540745
        1748    -5.50241    -5.49813  0.00540436
        1749    -5.49902    -5.49814  0.00540127
        1750    -5.49583    -5.49813  0.00539818
        1751    -5.49196    -5.49813   0.0053951
        1752    -5.48831    -5.49812  0.00539202
        1753    -5.48504    -5.49812  0.00538895
        1754     -5.4811    -5.49811  0.00538589
        1755     -5.4771     -5.4981  0.00538283
        1756    -5.47335    -5.49808  0.00537978
        1757    -5.46924    -5.49807  0.00537675
        1758     -5.4651    -5.49805  0.00537372
        1759    -5.46121    -5.49803  0.00537071
        1760    -5.45745      -5.498  0.00536771
        1761     -5.4532    -5.49798  0.00536472
        1762    -5.44925    -5.49795  0.00536174
        1763    -5.44528    -5.49792  0.00535879
        1764      -5.441    -5.49789  0.00535585
        1765    -5.43657    -5.49785  0.00535292
        1766    -5.43244    -5.49782  0.00535002
        1767    -5.42864    -5.49778  0.00534714
        1768    -5.42454    -5.49773  0.00534427
        1769    -5.42093    -5.49769  0.00534143
        1770     -5.4172    -5.49765   0.0053386
        1771    -5.41275     -5.4976   0.0053358
        1772    -5.40895    -5.49755  0.00533303
        1773    -5.40521     -5.4975  0.00533027
        1774    -5.40107    -5.49744  0.00532755
        1775     -5.3973    -5.49739  0.00532484
        1776     -5.3936    -5.49733  0.00532217
        1777    -5.39059    -5.49727  0.00531951
        1778    -5.38707     -5.4972  0.00531688
        1779    -5.38364    -5.49714  0.00531427
        1780    -5.38048    -5.49708  0.00531169
        1781    -5.37728    -5.49701  0.00530914
        1782    -5.37406    -5.49694   0.0053066
        1783    -5.37128    -5.49687   0.0053041
        1784     -5.3685     -5.4968  0.00530161
        1785    -5.36557    -5.49672  0.00529915
        1786    -5.36372    -5.49665  0.00529671
        1787    -5.36174    -5.49657  0.00529428
        1788    -5.35935     -5.4965  0.00529188
        1789    -5.35731    -5.49642  0.00528949
        1790    -5.35578    -5.49634  0.00528712
        1791      -5.354    -5.49626  0.00528476
        1792    -5.35228    -5.49618  0.00528243
        1793     -5.3514     -5.4961   0.0052801
        1794    -5.35043    -5.49602  0.00527778
        1795    -5.34985    -5.49594  0.00527547
        1796    -5.34933    -5.49586  0.00527316
        1797    -5.34874    -5.49577  0.00527086
        1798    -5.34881    -5.49569  0.00526856
        1799    -5.34895    -5.49561  0.00526627
        1800    -5.34945    -5.49553  0.00526397
        1801    -5.35014    -5.49545  0.00526166
        1802    -5.35116    -5.49537  0.00525935
        1803    -5.35176    -5.49529  0.00525704
        1804    -5.35281    -5.49521  0.00525472
        1805    -5.35447    -5.49513  0.00525238
        1806     -5.3558    -5.49505  0.00525004
        1807      -5.358    -5.49498  0.00524768
        1808     -5.3594     -5.4949  0.00524532
        1809    -5.36118    -5.49483  0.00524294
        1810    -5.36317    -5.49476  0.00524055
        1811    -5.36476    -5.49468  0.00523814
        1812    -5.36654    -5.49461  0.00523573
        1813    -5.36879    -5.49454   0.0052333
        1814    -5.37044    -5.49448  0.00523087
        1815    -5.37238    -5.49441  0.00522842
        1816    -5.37416    -5.49434  0.00522596
        1817    -5.37651    -5.49428  0.00522348
        1818    -5.37837    -5.49421    0.005221
        1819    -5.38048    -5.49415   0.0052185
        1820    -5.38223    -5.49409    0.005216
        1821    -5.38422    -5.49403  0.00521348
        1822    -5.38524    -5.49397  0.00521096
        1823    -5.38678    -5.49391  0.00520844
        1824    -5.38781    -5.49385  0.00520591
        1825    -5.38966     -5.4938  0.00520337
        1826    -5.39098    -5.49374  0.00520082
        1827    -5.39176    -5.49368  0.00519827
        1828    -5.39277    -5.49363  0.00519572
        1829    -5.39356    -5.49357  0.00519317
        1830    -5.39427    -5.49352  0.00519062
        1831    -5.39507    -5.49347  0.00518806
        1832    -5.39565    -5.49341   0.0051855
        1833    -5.39677    -5.49336  0.00518294
        1834    -5.39785    -5.49331  0.00518038
        1835    -5.39858    -5.49326  0.00517781
        1836    -5.39928    -5.49321  0.00517524
        1837    -5.39996    -5.49315  0.00517268
        1838    -5.40109     -5.4931   0.0051701
        1839    -5.40147    -5.49305  0.00516753
        1840    -5.40188      -5.493  0.00516496
        1841    -5.40278    -5.49296  0.00516239
        1842    -5.40343    -5.49291  0.00515982
        1843    -5.40462    -5.49286  0.00515724
        1844    -5.40546    -5.49281  0.00515466
        1845    -5.40687    -5.49277  0.00515208
        1846    -5.40843    -5.49272  0.00514949
        1847    -5.40985    -5.49267  0.00514689
        1848     -5.4113    -5.49263   0.0051443
        1849    -5.41296    -5.49259   0.0051417
        1850      -5.415    -5.49255  0.00513909
        1851    -5.41697     -5.4925  0.00513647
        1852    -5.41949    -5.49247  0.00513385
        1853    -5.42228    -5.49243  0.00513122
        1854    -5.42534    -5.49239  0.00512858
        1855    -5.42836    -5.49236  0.00512593
        1856    -5.43165    -5.49232  0.00512327
        1857     -5.4358    -5.49229  0.00512061
        1858     -5.4399    -5.49227  0.00511793
        1859    -5.44409    -5.49224  0.00511524
        1860    -5.44879    -5.49222  0.00511254
        1861    -5.45353     -5.4922  0.00510984
        1862    -5.45829    -5.49218  0.00510713
        1863    -5.46349    -5.49216  0.00510441
        1864    -5.46895    -5.49215  0.00510169
        1865    -5.47388    -5.49214  0.00509896
        1866    -5.47962    -5.49213  0.00509623
        1867    -5.48522    -5.49213   0.0050935
        1868    -5.49065    -5.49213  0.00509078
        1869    -5.49588    -5.49213  0.00508805
        1870    -5.50134    -5.49214  0.00508533
        1871    -5.50654    -5.49214  0.00508262
        1872    -5.51114    -5.49215  0.00507992
        1873    -5.51619    -5.49217  0.00507722
        1874    -5.52045    -5.49218  0.00507453
        1875    -5.52464     -5.4922  0.00507186
        1876    -5.52876    -5.49222  0.00506919
        1877    -5.53262    -5.49224  0.00506654
        1878    -5.53606    -5.49226  0.00506389
        1879    -5.53921    -5.49229  0.00506126
        1880    -5.54206    -5.49231  0.00505864
        1881     -5.5446    -5.49234  0.00505602
        1882    -5.54651    -5.49237  0.00505342
        1883    -5.54855     -5.4924  0.00505082
        1884    -5.55039    -5.49243  0.00504824
        1885    -5.55188    -5.49246  0.00504566
        1886    -5.55333     -5.4925  0.00504308
        1887    -5.55397    -5.49253  0.00504052
        1888    -5.55457    -5.49256  0.00503795
        1889    -5.55453    -5.49259  0.00503539
        1890    -5.55415    -5.49263  0.00503284
        1891    -5.55315    -5.49266  0.00503028
        1892    -5.55229    -5.49269  0.00502772
        1893    -5.55115    -5.49272  0.00502515
        1894    -5.54927    -5.49275  0.00502259
        1895    -5.54716    -5.49278  0.00502002
        1896    -5.54467    -5.49281  0.00501745
        1897    -5.54274    -5.49283  0.00501487
        1898    -5.54005    -5.49286  0.00501229
        1899    -5.53706    -5.49288  0.00500971
        1900    -5.53427     -5.4929  0.00500712
        1901     -5.5314    -5.49292  0.00500452
        1902    -5.52894    -5.49294  0.00500193
        1903    -5.52645    -5.49296  0.00499933
        1904    -5.52336    -5.49298  0.00499673
        1905    -5.52044    -5.49299  0.00499413
        1906    -5.51787      -5.493  0.00499153
        1907    -5.51505    -5.49301  0.00498892
        1908    -5.51246    -5.49302  0.00498632
        1909     -5.5101    -5.49303  0.00498371
        1910    -5.50784    -5.49304  0.00498111
        1911    -5.50551    -5.49305  0.00497851
        1912    -5.50342    -5.49305  0.00497591
        1913    -5.50157    -5.49306  0.00497331
        1914    -5.49935    -5.49306  0.00497071
        1915     -5.4975    -5.49306  0.00496812
        1916    -5.49602    -5.49306  0.00496552
        1917     -5.4943    -5.49307  0.00496293
        1918    -5.49233    -5.49307  0.00496035
        1919    -5.49039    -5.49306  0.00495776
        1920    -5.48833    -5.49306  0.00495518
        1921    -5.48643    -5.49306   0.0049526
        1922    -5.48484    -5.49305  0.00495003
        1923    -5.48265    -5.49305  0.00494745
        1924    -5.48075    -5.49304  0.00494489
        1925    -5.47914    -5.49303  0.00494232
        1926     -5.4769    -5.49303  0.00493976
        1927    -5.47433    -5.49302  0.00493721
        1928    -5.47249    -5.49301  0.00493466
        1929    -5.47046    -5.49299  0.00493212
        1930    -5.46914    -5.49298  0.00492958
        1931    -5.46733    -5.49297  0.00492704
        1932    -5.46519    -5.49295  0.00492451
        1933     -5.4633    -5.49294  0.00492199
        1934    -5.46093    -5.49292  0.00491947
        1935    -5.45883     -5.4929  0.00491696
        1936    -5.45671    -5.49289  0.00491446
        1937    -5.45517    -5.49287  0.00491196
        1938    -5.45317    -5.49285  0.00490947
        1939    -5.45116    -5.49282  0.00490698
        1940    -5.44932     -5.4928   0.0049045
        1941    -5.44689    -5.49278  0.00490203
        1942    -5.44495    -5.49275  0.00489957
        1943    -5.44291    -5.49273  0.00489712
        1944    -5.44077     -5.4927  0.00489467
        1945    -5.43917    -5.49267  0.00489223
        1946     -5.4372    -5.49265   0.0048898
        1947    -5.43548    -5.49262  0.00488738
        1948    -5.43389    -5.49259  0.00488496
        1949    -5.43244    -5.49255  0.00488255
        1950    -5.43144    -5.49252  0.00488015
        1951     -5.4303    -5.49249  0.00487775
        1952    -5.42904    -5.49246  0.00487536
        1953    -5.42782    -5.49243  0.00487298
        1954     -5.4265    -5.49239   0.0048706
        1955     -5.4263    -5.49236  0.00486823
        1956    -5.42618    -5.49232  0.00486586
        1957     -5.4263    -5.49229  0.00486349
        1958    -5.42682    -5.49226  0.00486112
        1959    -5.42759    -5.49222  0.00485875
        1960    -5.42878    -5.49219  0.00485638
        1961    -5.42994    -5.49216    0.004854
        1962    -5.43138    -5.49213  0.00485163
        1963    -5.43311     -5.4921  0.00484925
        1964    -5.43496    -5.49207  0.00484687
        1965    -5.43711    -5.49204  0.00484448
        1966    -5.43908    -5.49202  0.00484209
        1967    -5.44195    -5.49199   0.0048397
        1968    -5.44479    -5.49197   0.0048373
        1969    -5.44819    -5.49194  0.00483489
        1970      -5.452    -5.49192  0.00483248
        1971    -5.45574    -5.49191  0.00483006
        1972    -5.45999    -5.49189  0.00482764
        1973    -5.46443    -5.49187  0.00482522
        1974    -5.46843    -5.49186  0.00482279
        1975    -5.47286    -5.49185  0.00482035
        1976    -5.47768    -5.49185  0.00481792
        1977    -5.48242    -5.49184  0.00481548
        1978    -5.48733    -5.49184  0.00481305
        1979    -5.49224    -5.49184  0.00481062
        1980    -5.49679    -5.49184  0.00480819
        1981    -5.50157    -5.49185  0.00480576
        1982     -5.5064    -5.49185  0.00480335
        1983    -5.51078    -5.49186  0.00480093
        1984    -5.51514    -5.49188  0.00479853
        1985    -5.51946    -5.49189  0.00479613
        1986    -5.52312    -5.49191  0.00479374
        1987    -5.52701    -5.49192  0.00479136
        1988    -5.52991    -5.49194  0.00478899
        1989    -5.53271    -5.49196  0.00478663
        1990    -5.53541    -5.49198  0.00478427
        1991    -5.53847    -5.49201  0.00478192
        1992    -5.54051    -5.49203  0.00477958
        1993    -5.54292    -5.49206  0.00477725
        1994    -5.54523    -5.49208  0.00477493
        1995     -5.5464    -5.49211  0.00477262
        1996    -5.54809    -5.49214  0.00477031
        1997    -5.54925    -5.49217  0.00476801
        1998    -5.54974     -5.4922  0.00476571
        1999    -5.55048    -5.49223  0.00476341
        2000    -5.55115    -5.49226  0.00476112
