#     BLOCK:   ACTUAL_P:     P_AVE:       ERROR:       P_TAIL=-0.855522
           1    -5.29255    -5.29255           0
           2    -5.29009    -5.29132 0.000867631
           3    -5.28608    -5.28957  0.00153805
           4    -5.28052    -5.28731  0.00227475
           5     -5.2734    -5.28453  0.00308328
           6    -5.26471    -5.28122  0.00396118
           7    -5.25446     -5.2774  0.00490514
           8    -5.24263    -5.27305   0.0059122
           9     -5.2292    -5.26818  0.00697985
          10    -5.21418    -5.26278  0.00810606
          11    -5.19753    -5.25685   0.0092892
          12    -5.17925    -5.25038    0.010528
          13    -5.15883    -5.24334   0.0118415
          14    -5.13722    -5.23576   0.0132008
          15    -5.11365    -5.22762   0.0146168
          16    -5.08788    -5.21889   0.0161024
          17    -5.06035    -5.20956   0.0176502
          18    -5.03128    -5.19966   0.0192492
          19    -5.00037    -5.18917   0.0208992
          20    -4.96736    -5.17808   0.0226061
          21    -4.93294     -5.1664   0.0243577
          22    -4.89562     -5.1541   0.0261764
          23    -4.85655    -5.14116   0.0280534
          24    -4.81571     -5.1276   0.0299834
          25    -4.77231    -5.11339   0.0319751
          26     -4.7268    -5.09852   0.0340272
          27     -4.6796      -5.083   0.0361315
          28    -4.62923     -5.0668   0.0383035
          29    -4.57732    -5.04992   0.0405313
          30    -4.52237    -5.03233   0.0428254
          31    -4.46601    -5.01406   0.0451727
          32    -4.40626    -4.99507    0.047587
          33    -4.34452    -4.97536    0.050062
          34    -4.28049    -4.95492    0.052596
          35    -4.21484    -4.93377   0.0551803
          36    -4.14608    -4.91189    0.057823
          37    -4.07369    -4.88924   0.0605355
          38    -3.99931    -4.86582   0.0633107
          39     -3.9212     -4.8416   0.0661585
          40    -3.84079    -4.81658   0.0690739
          41    -3.75732    -4.79074    0.072059
          42    -3.67149     -4.7641   0.0751094
          43     -3.5833    -4.73663   0.0782216
          44      -3.492    -4.70835    0.081398
          45    -3.39787    -4.67923   0.0846385
          46    -3.30162    -4.64928   0.0879373
          47    -3.20378    -4.61852   0.0912862
          48    -3.10151    -4.58692   0.0946974
          49    -2.99703    -4.55447   0.0981662
          50    -2.88947    -4.52117    0.101694
          51    -2.78035    -4.48704    0.105273
          52    -2.66787    -4.45205    0.108906
          53    -2.55286    -4.41622    0.112593
          54    -2.43621    -4.37955    0.116325
          55    -2.31808    -4.34207    0.120097
          56    -2.19864     -4.3038    0.123901
          57    -2.07688    -4.26473    0.127739
          58    -1.95421    -4.22489    0.131602
          59    -1.82965    -4.18429    0.135488
          60    -1.70462    -4.14297    0.139391
          61    -1.57839    -4.10092    0.143306
          62    -1.45169    -4.05819    0.147227
          63    -1.32571    -4.01482    0.151144
          64    -1.19973    -3.97084    0.155051
          65    -1.07352    -3.92626    0.158943
          66   -0.947794    -3.88113    0.162816
          67   -0.821813    -3.83547    0.166665
          68   -0.697974    -3.78933    0.170481
          69   -0.574813    -3.74274     0.17426
          70   -0.453272    -3.69575    0.177994
          71   -0.333556     -3.6484    0.181677
          72   -0.215628    -3.60072    0.185304
          73  -0.0987235    -3.55275    0.188873
          74   0.0160032    -3.50452     0.19238
          75    0.127159     -3.4561    0.195814
          76    0.235763    -3.40752    0.199172
          77    0.341636    -3.35883    0.202449
          78    0.445565    -3.31006    0.205645
          79    0.545452    -3.26125    0.208753
          80    0.642815    -3.21245    0.211771
          81     0.73653     -3.1637    0.214695
          82    0.826439    -3.11504    0.217521
          83    0.913117    -3.06651    0.220248
          84    0.996661    -3.01814    0.222874
          85     1.07501    -2.96998    0.225394
          86     1.14901    -2.92209    0.227805
          87     1.21952    -2.87448    0.230107
          88     1.28548    -2.82721    0.232297
          89      1.3473     -2.7803    0.234375
          90     1.40373    -2.73382    0.236336
          91     1.45617    -2.68777    0.238182
          92     1.50415    -2.64221    0.239912
          93     1.54816    -2.59715    0.241526
          94      1.5873    -2.55263    0.243024
          95     1.62262    -2.50868    0.244408
          96     1.65423    -2.46532    0.245679
          97     1.68106    -2.42257    0.246837
          98     1.70425    -2.38046    0.247884
          99     1.72423      -2.339    0.248824
         100     1.73979    -2.29821    0.249656
         101     1.75238    -2.25811    0.250385
         102     1.76175     -2.2187    0.251012
         103     1.76915    -2.17998    0.251544
         104     1.77341    -2.14197    0.251981
         105     1.77649    -2.10465    0.252329
         106     1.77697    -2.06803    0.252592
         107      1.7761     -2.0321    0.252773
         108     1.77366    -1.99687    0.252877
         109     1.77012    -1.96231    0.252908
         110     1.76525    -1.92842    0.252869
         111     1.75997    -1.89519    0.252764
         112     1.75447     -1.8626    0.252599
         113     1.74869    -1.83065    0.252377
         114     1.74302     -1.7993    0.252103
         115     1.73759    -1.76854     0.25178
         116     1.73226    -1.73836    0.251412
         117      1.7264    -1.70875    0.251001
         118     1.72104    -1.67968    0.250551
         119      1.7155    -1.65115    0.250065
         120      1.7115    -1.62313    0.249546
         121     1.70715    -1.59561    0.248997
         122     1.70388    -1.56856     0.24842
         123     1.70074    -1.54198    0.247818
         124     1.69673    -1.51586    0.247192
         125     1.69353    -1.49019    0.246545
         126     1.69061    -1.46494    0.245877
         127     1.68868    -1.44011    0.245192
         128     1.68672    -1.41568     0.24449
         129     1.68543    -1.39165    0.243774
         130     1.68379    -1.36799    0.243044
         131     1.68226     -1.3447    0.242301
         132     1.67983    -1.32179    0.241546
         133     1.67888    -1.29923    0.240782
         134     1.67746    -1.27701    0.240007
         135      1.6765    -1.25514    0.239225
         136     1.67598    -1.23358    0.238434
         137      1.6735    -1.21236    0.237636
         138     1.67264    -1.19146    0.236832
         139     1.67124    -1.17086    0.236022
         140     1.66907    -1.15058    0.235206
         141     1.66732    -1.13059    0.234386
         142     1.66555     -1.1109    0.233561
         143     1.66326     -1.0915    0.232732
         144     1.66192    -1.07238      0.2319
         145     1.66035    -1.05354    0.231065
         146     1.65879    -1.03496    0.230228
         147      1.6563    -1.01665    0.229389
         148     1.65555   -0.998595    0.228548
         149      1.6534   -0.980796    0.227706
         150     1.65155   -0.963247    0.226863
         151        1.65   -0.945941     0.22602
         152     1.64851   -0.928872    0.225177
         153     1.64706   -0.912036    0.224334
         154     1.64587   -0.895426    0.223491
         155      1.6442   -0.879041    0.222649
         156     1.64323   -0.862873    0.221808
         157     1.64148   -0.846922    0.220968
         158      1.6394   -0.831186    0.220129
         159     1.63791   -0.815657    0.219292
         160     1.63602   -0.800334    0.218456
         161     1.63296    -0.78522    0.217621
         162     1.62968   -0.770313    0.216788
         163     1.62711   -0.755605    0.215956
         164     1.62355   -0.741098    0.215126
         165      1.6202   -0.726787    0.214298
         166      1.6173   -0.712666    0.213471
         167     1.61343   -0.698738    0.212647
         168      1.6086   -0.685003    0.211824
         169     1.60456   -0.671456    0.211004
         170     1.60063    -0.65809    0.210185
         171     1.59686   -0.644904    0.209369
         172     1.59213   -0.631898    0.208556
         173     1.58796   -0.619066    0.207745
         174     1.58466   -0.606401    0.206936
         175     1.58136   -0.593899    0.206131
         176     1.57718   -0.581564    0.205329
         177     1.57411   -0.569385     0.20453
         178     1.57128   -0.557359    0.203734
         179     1.56947   -0.545477    0.202942
         180     1.56897    -0.53373    0.202154
         181      1.5684   -0.522116     0.20137
         182     1.56801   -0.510632    0.200591
         183      1.5688   -0.499269    0.199817
         184     1.57053    -0.48802    0.199047
         185     1.57297   -0.476879    0.198283
         186     1.57513   -0.465847    0.197523
         187     1.57891   -0.454913     0.19677
         188     1.58308   -0.444072    0.196021
         189      1.5883   -0.433319    0.195279
         190     1.59356   -0.422651    0.194542
         191     1.59953   -0.412064    0.193812
         192     1.60517   -0.401557    0.193087
         193      1.6121   -0.391124    0.192368
         194     1.61928   -0.380761    0.191655
         195     1.62616   -0.370469    0.190949
         196      1.6329   -0.360248    0.190248
         197     1.63969   -0.350096    0.189553
         198     1.64644   -0.340012    0.188863
         199     1.65285   -0.329998     0.18818
         200     1.65861   -0.320055    0.187501
         201     1.66536   -0.310177    0.186828
         202     1.67159   -0.300366    0.186161
         203     1.67724   -0.290625    0.185498
         204     1.68276   -0.280951    0.184841
         205     1.68809   -0.271346    0.184189
         206     1.69224   -0.261814    0.183541
         207     1.69612   -0.252355    0.182898
         208     1.70019   -0.242968     0.18226
         209     1.70344   -0.233655    0.181625
         210     1.70584    -0.22442    0.180995
         211     1.70736   -0.215264    0.180369
         212     1.70796   -0.206192    0.179746
         213     1.70808   -0.197205    0.179127
         214     1.70769   -0.188304    0.178511
         215     1.70578   -0.179494    0.177898
         216     1.70303   -0.170779    0.177287
         217      1.6999   -0.162158     0.17668
         218     1.69682   -0.153631    0.176075
         219     1.69207   -0.145203    0.175473
         220     1.68657   -0.136877    0.174872
         221     1.67982   -0.128656    0.174274
         222      1.6718   -0.120546    0.173678
         223     1.66298   -0.112548    0.173083
         224      1.6524   -0.104669     0.17249
         225     1.64125  -0.0969093    0.171897
         226     1.62884  -0.0892733    0.171306
         227      1.6157  -0.0817624    0.170716
         228     1.60163  -0.0743791    0.170127
         229     1.58693  -0.0671244    0.169539
         230     1.57169  -0.0599991    0.168951
         231     1.55526  -0.0530067    0.168365
         232     1.53896  -0.0461448    0.167779
         233     1.51999  -0.0394231    0.167193
         234     1.50187  -0.0328364    0.166608
         235     1.48397  -0.0263819    0.166024
         236     1.46572  -0.0200595    0.165441
         237     1.44722  -0.0138684    0.164859
         238     1.42909 -0.00780558    0.164278
         239      1.4107 -0.00187039    0.163698
         240     1.39315  0.00394221    0.163119
         241     1.37605  0.00963559    0.162541
         242     1.35923   0.0152124    0.161965
         243     1.34208   0.0206728    0.161391
         244     1.32657   0.0260248    0.160818
         245     1.31205   0.0312739    0.160247
         246     1.29808   0.0364235    0.159678
         247     1.28516   0.0414792    0.159112
         248     1.27357   0.0464473    0.158548
         249      1.2626   0.0513314    0.157986
         250     1.25272    0.056137    0.157428
         251     1.24321   0.0608664    0.156871
         252     1.23406   0.0655219    0.156318
         253     1.22644   0.0701105    0.155767
         254     1.21889   0.0746333     0.15522
         255     1.21233   0.0790948    0.154675
         256     1.20651   0.0834988    0.154134
         257      1.2016   0.0878494    0.153595
         258     1.19686   0.0921479     0.15306
         259     1.19345      0.0964    0.152528
         260     1.19037    0.100608       0.152
         261     1.18877    0.104777    0.151474
         262     1.18645    0.108905    0.150952
         263     1.18506    0.112997    0.150434
         264     1.18408    0.117054    0.149919
         265     1.18371    0.121079    0.149407
         266     1.18296    0.125071    0.148899
         267     1.18324    0.129035    0.148394
         268     1.18309    0.132968    0.147892
         269     1.18318    0.136872    0.147394
         270     1.18423    0.140751    0.146899
         271     1.18501    0.144604    0.146408
         272     1.18599    0.148433    0.145919
         273      1.1874    0.152239    0.145434
         274     1.18848    0.156021    0.144953
         275     1.19142    0.159786    0.144475
         276     1.19282    0.163529       0.144
         277     1.19463    0.167251    0.143528
         278      1.1961    0.170952    0.143059
         279      1.1987    0.174635    0.142594
         280     1.20001    0.178298    0.142132
         281     1.20198    0.181941    0.141673
         282     1.20462    0.185567    0.141217
         283      1.2084    0.189181    0.140764
         284     1.21167    0.192782    0.140314
         285     1.21469    0.196367    0.139868
         286     1.21842    0.199941    0.139424
         287     1.22241    0.203504    0.138984
         288      1.2262    0.207055    0.138547
         289     1.23101    0.210598    0.138113
         290     1.23589    0.214133    0.137682
         291     1.24087    0.217661    0.137254
         292     1.24594    0.221183    0.136829
         293     1.25163      0.2247    0.136407
         294      1.2577    0.228213    0.135988
         295     1.26439    0.231726    0.135573
         296     1.27197     0.23524     0.13516
         297     1.27922    0.238755    0.134751
         298     1.28688    0.242273    0.134345
         299     1.29518    0.245794    0.133941
         300     1.30363     0.24932    0.133541
         301     1.31222    0.252851    0.133144
         302      1.3219    0.256391    0.132751
         303     1.33168     0.25994     0.13236
         304     1.34107    0.263496    0.131972
         305     1.35148    0.267064    0.131588
         306     1.36217    0.270642    0.131206
         307     1.37309    0.274233    0.130828
         308       1.384    0.277836    0.130453
         309     1.39581    0.281454    0.130081
         310     1.40778    0.285088    0.129712
         311     1.41939    0.288735    0.129346
         312     1.43063    0.292395    0.128983
         313     1.44219    0.296068    0.128624
         314     1.45429    0.299757    0.128267
         315     1.46549    0.303458    0.127913
         316      1.4772    0.307172    0.127562
         317     1.48895      0.3109    0.127214
         318     1.50072    0.314642    0.126869
         319     1.51205    0.318395    0.126527
         320     1.52413    0.322163    0.126188
         321     1.53624    0.325945    0.125851
         322     1.54865    0.329743    0.125518
         323     1.56062    0.333553    0.125187
         324     1.57289    0.337379    0.124859
         325     1.58449    0.341216    0.124534
         326     1.59688    0.345068    0.124211
         327     1.60908    0.348933    0.123892
         328     1.62109    0.352812    0.123575
         329     1.63289    0.356702     0.12326
         330     1.64471    0.360605    0.122948
         331     1.65749    0.364523    0.122639
         332     1.66974    0.368455    0.122333
         333      1.6819    0.372399    0.122029
         334     1.69442    0.376357    0.121728
         335     1.70676    0.380329    0.121429
         336     1.71861    0.384312    0.121133
         337     1.72992    0.388305     0.12084
         338     1.74158    0.392308    0.120549
         339     1.75304    0.396322     0.12026
         340     1.76304    0.400342    0.119973
         341     1.77221    0.404365    0.119689
         342     1.78122    0.408391    0.119407
         343     1.78879    0.412415    0.119126
         344      1.7963    0.416438    0.118848
         345     1.80274    0.420457    0.118571
         346     1.80876    0.424469    0.118296
         347     1.81409    0.428474    0.118023
         348     1.81773    0.432466    0.117752
         349     1.82059    0.436443    0.117481
         350     1.82218    0.440403    0.117212
         351     1.82248     0.44434    0.116945
         352      1.8222    0.448254    0.116678
         353     1.82038    0.452141    0.116412
         354     1.81678    0.455996    0.116147
         355     1.81406    0.459822    0.115883
         356     1.80936    0.463613    0.115619
         357     1.80319    0.467365    0.115356
         358     1.79678    0.471079    0.115094
         359     1.78946    0.474751    0.114832
         360     1.78127     0.47838     0.11457
         361     1.77202    0.481964    0.114309
         362     1.76201      0.4855    0.114048
         363     1.75154    0.488987    0.113787
         364     1.74066    0.492426    0.113526
         365     1.72801    0.495811    0.113266
         366     1.71558    0.499144    0.113005
         367     1.70247    0.502423    0.112745
         368     1.68972    0.505649    0.112485
         369     1.67691    0.508823    0.112225
         370     1.66363    0.511944    0.111965
         371     1.64994    0.515012    0.111705
         372      1.6364    0.518026    0.111445
         373     1.62185    0.520985    0.111186
         374     1.60757    0.523891    0.110926
         375     1.59409    0.526745    0.110667
         376      1.5805    0.529547    0.110408
         377     1.56684    0.532299     0.11015
         378      1.5539    0.535001    0.109892
         379     1.54001    0.537653    0.109634
         380     1.52763    0.540258    0.109376
         381     1.51536    0.542818    0.109119
         382     1.50321    0.545332    0.108862
         383     1.49196    0.547803    0.108606
         384     1.47993    0.550231     0.10835
         385     1.46957    0.552619    0.108095
         386     1.45969    0.554968    0.107841
         387      1.4501    0.557281    0.107587
         388     1.44128     0.55956    0.107334
         389      1.4328    0.561805    0.107081
         390     1.42493    0.564018     0.10683
         391     1.41648    0.566198    0.106579
         392     1.40894    0.568348    0.106328
         393     1.40258    0.570471    0.106079
         394     1.39695    0.572568    0.105831
         395     1.39233    0.574644    0.105583
         396     1.38922    0.576701    0.105336
         397     1.38621     0.57874    0.105091
         398     1.38455    0.580764    0.104846
         399     1.38279    0.582774    0.104603
         400      1.3817    0.584772     0.10436
         401     1.38223     0.58676    0.104119
         402     1.38343    0.588742    0.103879
         403     1.38577     0.59072     0.10364
         404     1.38924    0.592696    0.103402
         405     1.39213     0.59467    0.103166
         406     1.39726    0.596647    0.102931
         407     1.40315    0.598629    0.102697
         408     1.41021    0.600618    0.102464
         409     1.41738    0.602615    0.102233
         410     1.42457     0.60462    0.102004
         411     1.43288    0.606635    0.101775
         412     1.44098     0.60866    0.101548
         413     1.44898    0.610695    0.101323
         414     1.45579    0.612736    0.101099
         415     1.46345    0.614786    0.100876
         416     1.47112    0.616844    0.100654
         417     1.47916    0.618912    0.100434
         418     1.48626    0.620987    0.100215
         419     1.49257    0.623067   0.0999978
         420     1.49826    0.625151   0.0997814
         421     1.50377    0.627238   0.0995663
         422     1.50786    0.629325   0.0993522
         423     1.51222    0.631412   0.0991392
         424     1.51519    0.633497   0.0989273
         425     1.51777    0.635577   0.0987164
         426     1.52027    0.637654   0.0985065
         427     1.52084    0.639722   0.0982976
         428      1.5215    0.641783   0.0980895
         429     1.52235    0.643835   0.0978823
         430     1.52278    0.645879    0.097676
         431     1.52314    0.647915   0.0974706
         432     1.52377    0.649942   0.0972661
         433     1.52428    0.651961   0.0970624
         434       1.525    0.653973   0.0968596
         435     1.52578    0.655977   0.0966576
         436     1.52787    0.657977   0.0964566
         437     1.52891     0.65997   0.0962565
         438      1.5316     0.66196   0.0960573
         439     1.53426    0.663947    0.095859
         440     1.53906    0.665936   0.0956618
         441     1.54262    0.667924   0.0954655
         442      1.5471    0.669913   0.0952703
         443     1.55174    0.671903    0.095076
         444     1.55674    0.673896   0.0948828
         445      1.5623    0.675893   0.0946905
         446     1.56861    0.677894   0.0944994
         447      1.5749    0.679901   0.0943093
         448     1.58038    0.681911   0.0941202
         449     1.58717    0.683927   0.0939322
         450     1.59378    0.685949   0.0937452
         451     1.60014    0.687976   0.0935592
         452     1.60719     0.69001   0.0933743
         453      1.6132    0.692048   0.0931905
         454     1.61957    0.694091   0.0930076
         455     1.62507    0.696137   0.0928257
         456     1.63112    0.698187   0.0926447
         457     1.63674    0.700241   0.0924648
         458     1.64216    0.702298   0.0922858
         459     1.64639    0.704354   0.0921076
         460     1.65136    0.706413   0.0919304
         461     1.65633    0.708474   0.0917541
         462     1.66058    0.710535   0.0915786
         463     1.66433    0.712595    0.091404
         464     1.66902    0.714656   0.0912302
         465     1.67295    0.716717   0.0910573
         466     1.67611    0.718775   0.0908852
         467     1.67849    0.720831   0.0907138
         468     1.68076    0.722882   0.0905431
         469     1.68269    0.724928   0.0903732
         470     1.68472     0.72697    0.090204
         471     1.68635    0.729007   0.0900355
         472     1.68756    0.731038   0.0898676
         473     1.68832    0.733062   0.0897004
         474     1.68863    0.735078   0.0895338
         475     1.68849    0.737085   0.0893678
         476     1.68838    0.739084   0.0892024
         477     1.68734    0.741072   0.0890376
         478     1.68565    0.743048   0.0888732
         479     1.68407    0.745012   0.0887094
         480     1.68119    0.746963    0.088546
         481     1.67829    0.748899   0.0883831
         482     1.67566    0.750821   0.0882206
         483     1.67267     0.75273   0.0880586
         484      1.6694    0.754624   0.0878971
         485     1.66665    0.756505   0.0877359
         486     1.66428    0.758372   0.0875753
         487     1.66188    0.760228   0.0874151
         488     1.65931     0.76207   0.0872554
         489      1.6576    0.763901   0.0870962
         490      1.6554    0.765721   0.0869374
         491     1.65349    0.767529   0.0867792
         492     1.65387     0.76933   0.0866215
         493     1.65371    0.771124   0.0864644
         494     1.65498    0.772913   0.0863078
         495      1.6558    0.774697   0.0861519
         496     1.65788    0.776478   0.0859966
         497     1.66174    0.778259    0.085842
         498     1.66572    0.780041   0.0856882
         499     1.67006    0.781824    0.085535
         500     1.67574    0.783612   0.0853826
         501     1.68276    0.785407    0.085231
         502     1.69015    0.787209   0.0850803
         503     1.69862    0.789021   0.0849305
         504     1.70789    0.790844   0.0847815
         505     1.71772     0.79268   0.0846335
         506     1.72782    0.794528   0.0844864
         507     1.73911    0.796391   0.0843403
         508     1.75177    0.798272   0.0841953
         509     1.76359    0.800168   0.0840512
         510      1.7774    0.802084   0.0839082
         511     1.79118     0.80402   0.0837663
         512     1.80535    0.805976   0.0836256
         513     1.81958    0.807951   0.0834859
         514     1.83476    0.809949   0.0833474
         515     1.84936    0.811967     0.08321
         516       1.864    0.814006   0.0830737
         517     1.87982    0.816068   0.0829386
         518     1.89458     0.81815   0.0828046
         519     1.90941    0.820252   0.0826717
         520     1.92377    0.822374     0.08254
         521     1.93713    0.824514   0.0824093
         522     1.95064    0.826671   0.0822796
         523     1.96356    0.828845    0.082151
         524     1.97682    0.831036   0.0820235
         525     1.98945    0.833243   0.0818969
         526     2.00216    0.835465   0.0817713
         527     2.01424    0.837702   0.0816468
         528     2.02617    0.839952   0.0815231
         529     2.03723    0.842216   0.0814005
         530     2.04742     0.84449   0.0812786
         531     2.05796    0.846775   0.0811577
         532     2.06835    0.849071   0.0810376
         533     2.07787    0.851377   0.0809183
         534     2.08675     0.85369   0.0807999
         535     2.09521    0.856011   0.0806822
         536     2.10297    0.858337   0.0805652
         537     2.11121     0.86067   0.0804489
         538     2.11843    0.863008   0.0803333
         539     2.12507    0.865349   0.0802184
         540     2.13132    0.867694   0.0801041
         541     2.13711     0.87004   0.0799904
         542     2.14095    0.872385   0.0798772
         543     2.14518    0.874729   0.0797645
         544     2.14854    0.877071   0.0796522
         545     2.14952    0.879405   0.0795403
         546     2.15024    0.881733   0.0794286
         547     2.15042    0.884052   0.0793173
         548     2.15001    0.886363   0.0792062
         549     2.14802    0.888661   0.0790952
         550     2.14418    0.890943   0.0789844
         551     2.13944    0.893209   0.0788735
         552     2.13356    0.895456   0.0787626
         553       2.127    0.897683   0.0786517
         554     2.11857    0.899887   0.0785406
         555     2.10975    0.902067   0.0784293
         556     2.09909     0.90422   0.0783178
         557      2.0876    0.906344    0.078206
         558      2.0758     0.90844   0.0780939
         559     2.06323    0.910506   0.0779815
         560     2.04851    0.912538   0.0778688
         561     2.03361    0.914537   0.0777556
         562     2.01834    0.916501    0.077642
         563     2.00179    0.918428   0.0775281
         564     1.98378    0.920317   0.0774136
         565     1.96533    0.922167   0.0772987
         566     1.94625    0.923976   0.0771833
         567      1.9271    0.925745   0.0770674
         568      1.9072    0.927473   0.0769511
         569     1.88637    0.929158   0.0768343
         570     1.86466      0.9308   0.0767171
         571      1.8431    0.932397   0.0765993
         572     1.82195    0.933953   0.0764812
         573     1.80057    0.935465   0.0763627
         574     1.77801    0.936933   0.0762438
         575     1.75577    0.938357   0.0761245
         576     1.73339    0.939737   0.0760048
         577     1.71066    0.941073   0.0758848
         578     1.68833    0.942366   0.0757645
         579     1.66618    0.943616    0.075644
         580     1.64327    0.944823   0.0755232
         581     1.62032    0.945985   0.0754022
         582     1.59783    0.947105   0.0752809
         583     1.57461    0.948182   0.0751595
         584     1.55137    0.949214   0.0750379
         585     1.52886    0.950205   0.0749162
         586     1.50635    0.951154   0.0747943
         587     1.48289     0.95206   0.0746724
         588     1.46019    0.952924   0.0745504
         589     1.43826    0.953748   0.0744284
         590      1.4152     0.95453   0.0743063
         591     1.39271    0.955272   0.0741843
         592     1.37085    0.955974   0.0740623
         593     1.34843    0.956636   0.0739404
         594     1.32696    0.957259   0.0738185
         595     1.30528    0.957844   0.0736968
         596     1.28489    0.958393   0.0735752
         597     1.26345    0.958904   0.0734537
         598     1.24366     0.95938   0.0733324
         599     1.22416    0.959822   0.0732113
         600     1.20475     0.96023   0.0730905
         601     1.18623    0.960606   0.0729698
         602     1.16817    0.960951   0.0728494
         603     1.15158    0.961267   0.0727293
         604     1.13484    0.961554   0.0726094
         605     1.11896    0.961815   0.0724899
         606     1.10419     0.96205   0.0723706
         607     1.09059    0.962261   0.0722517
         608     1.07767    0.962451   0.0721331
         609     1.06594    0.962621   0.0720149
         610      1.0554    0.962773    0.071897
         611     1.04628     0.96291   0.0717795
         612     1.03808    0.963033   0.0716623
         613     1.03054    0.963143   0.0715455
         614     1.02338    0.963241    0.071429
         615      1.0173    0.963329   0.0713129
         616     1.01177    0.963407   0.0711972
         617     1.00698    0.963478   0.0710818
         618     1.00168     0.96354   0.0709668
         619    0.998451    0.963596   0.0708522
         620    0.995082    0.963647    0.070738
         621    0.992723    0.963694   0.0706241
         622    0.990357    0.963737   0.0705105
         623    0.988654    0.963777   0.0703974
         624    0.987814    0.963815   0.0702846
         625    0.986591    0.963852   0.0701721
         626    0.986633    0.963888     0.07006
         627    0.986705    0.963925   0.0699483
         628     0.98678    0.963961   0.0698369
         629    0.987084    0.963998   0.0697259
         630    0.987846    0.964036   0.0696152
         631    0.988335    0.964074   0.0695049
         632    0.988787    0.964113    0.069395
         633    0.989692    0.964154   0.0692853
         634    0.991299    0.964196   0.0691761
         635    0.992649    0.964241   0.0690671
         636    0.994477    0.964289   0.0689586
         637    0.995832    0.964338   0.0688503
         638     0.99841    0.964392   0.0687424
         639     1.00174     0.96445   0.0686349
         640     1.00486    0.964513   0.0685277
         641      1.0085    0.964582   0.0684208
         642     1.01241    0.964656   0.0683143
         643     1.01491    0.964735   0.0682081
         644     1.01887    0.964819   0.0681022
         645     1.02307    0.964909   0.0679967
         646     1.02725    0.965005   0.0678915
         647     1.03186    0.965109   0.0677866
         648     1.03663    0.965219   0.0676821
         649     1.04129    0.965336   0.0675779
         650     1.04627    0.965461   0.0674741
         651     1.05108    0.965592   0.0673706
         652     1.05614    0.965731   0.0672674
         653     1.06118    0.965877   0.0671645
         654     1.06689    0.966032    0.067062
         655     1.07229    0.966194   0.0669598
         656     1.07854    0.966365    0.066858
         657       1.083    0.966543   0.0667564
         658     1.08733    0.966726   0.0666552
         659     1.09177    0.966916   0.0665544
         660     1.09681    0.967113   0.0664538
         661     1.10102    0.967316   0.0663536
         662     1.10512    0.967524   0.0662537
         663     1.10867    0.967737   0.0661541
         664     1.11242    0.967954   0.0660548
         665     1.11614    0.968177   0.0659559
         666     1.12036    0.968406   0.0658572
         667     1.12461     0.96864   0.0657589
         668     1.12918     0.96888   0.0656609
         669     1.13334    0.969126   0.0655632
         670     1.13786    0.969378   0.0654658
         671     1.14179    0.969635   0.0653688
         672     1.14729    0.969899    0.065272
         673     1.15196     0.97017   0.0651756
         674     1.15701    0.970447   0.0650795
         675     1.16217    0.970731   0.0649837
         676     1.16744    0.971022   0.0648882
         677     1.17254     0.97132   0.0647931
         678     1.17769    0.971624   0.0646982
         679     1.18237    0.971934   0.0646037
         680     1.18727    0.972251   0.0645094
         681     1.19257    0.972575   0.0644155
         682     1.19704    0.972904   0.0643219
         683     1.20133    0.973238   0.0642286
         684     1.20565    0.973578   0.0641356
         685     1.21018    0.973923   0.0640429
         686     1.21439    0.974274   0.0639505
         687     1.21847    0.974629   0.0638584
         688     1.22166    0.974988   0.0637666
         689     1.22415     0.97535   0.0636751
         690      1.2259    0.975713   0.0635838
         691      1.2276    0.976078   0.0634929
         692     1.22898    0.976443   0.0634022
         693     1.22978    0.976809   0.0633117
         694      1.2295    0.977173   0.0632215
         695     1.22934    0.977536   0.0631316
         696     1.22856    0.977896   0.0630419
         697     1.22645    0.978253   0.0629525
         698     1.22423    0.978605   0.0628633
         699     1.22144    0.978953   0.0627743
         700     1.21737    0.979293   0.0626856
         701     1.21327    0.979627    0.062597
         702      1.2087    0.979954   0.0625087
         703     1.20371    0.980272   0.0624206
         704      1.1986    0.980582   0.0623327
         705     1.19269    0.980883    0.062245
         706     1.18726    0.981175   0.0621576
         707     1.18044    0.981457   0.0620703
         708     1.17425    0.981729   0.0619832
         709     1.16851    0.981993   0.0618963
         710     1.16329    0.982248   0.0618097
         711     1.15675    0.982493   0.0617232
         712     1.15136    0.982731    0.061637
         713     1.14528    0.982959    0.061551
         714     1.13952    0.983178   0.0614652
         715     1.13418    0.983389   0.0613796
         716     1.12978    0.983594   0.0612942
         717     1.12542    0.983791    0.061209
         718     1.12188    0.983984   0.0611241
         719     1.11871    0.984171   0.0610393
         720     1.11619    0.984354   0.0609548
         721     1.11435    0.984535   0.0608706
         722     1.11346    0.984713   0.0607865
         723     1.11353    0.984891   0.0607027
         724     1.11432     0.98507   0.0606191
         725     1.11607    0.985251   0.0605358
         726     1.11708    0.985432   0.0604527
         727     1.11998    0.985618   0.0603698
         728     1.12306    0.985806   0.0602872
         729     1.12749    0.986001   0.0602048
         730     1.13275    0.986202   0.0601226
         731     1.13856     0.98641   0.0600408
         732     1.14388    0.986625   0.0599591
         733     1.14965    0.986848   0.0598777
         734      1.1565    0.987079   0.0597966
         735     1.16319    0.987318   0.0597157
         736     1.17034    0.987567   0.0596351
         737     1.17766    0.987825   0.0595547
         738     1.18507    0.988092   0.0594747
         739     1.19105    0.988367   0.0593948
         740     1.19841    0.988651   0.0593152
         741     1.20538    0.988943   0.0592359
         742     1.21166    0.989243   0.0591568
         743     1.21884    0.989552    0.059078
         744     1.22542    0.989869   0.0589995
         745     1.23204    0.990195   0.0589212
         746     1.23768    0.990526   0.0588431
         747     1.24276    0.990864   0.0587653
         748     1.24626    0.991205   0.0586877
         749     1.25007    0.991551   0.0586104
         750     1.25293      0.9919   0.0585333
         751     1.25505     0.99225   0.0584564
         752     1.25546      0.9926   0.0583797
         753     1.25534    0.992949   0.0583032
         754     1.25564    0.993297   0.0582269
         755      1.2547    0.993643   0.0581508
         756     1.25301    0.993987   0.0580749
         757     1.25012    0.994325   0.0579992
         758      1.2475    0.994659   0.0579236
         759     1.24401    0.994987   0.0578483
         760     1.23969    0.995309    0.057773
         761     1.23485    0.995624    0.057698
         762      1.2298    0.995932   0.0576231
         763     1.22436    0.996231   0.0575483
         764     1.21837    0.996522   0.0574737
         765     1.21285    0.996804   0.0573993
         766     1.20693    0.997079    0.057325
         767     1.20018    0.997344   0.0572509
         768     1.19341    0.997599   0.0571769
         769     1.18692    0.997845   0.0571031
         770     1.18124    0.998083   0.0570294
         771     1.17498    0.998313   0.0569559
         772     1.16916    0.998534   0.0568826
         773     1.16333    0.998747   0.0568094
         774     1.15728    0.998952   0.0567364
         775     1.15224     0.99915   0.0566635
         776     1.14752    0.999341   0.0565908
         777     1.14288    0.999526   0.0565183
         778     1.13811    0.999704   0.0564459
         779     1.13415    0.999876   0.0563737
         780     1.13054     1.00004   0.0563017
         781     1.12654     1.00021   0.0562298
         782     1.12407     1.00036   0.0561582
         783     1.12096     1.00052   0.0560867
         784     1.11959     1.00067   0.0560153
         785     1.11705     1.00082   0.0559442
         786     1.11597     1.00096   0.0558732
         787      1.1144     1.00111   0.0558024
         788     1.11326     1.00125   0.0557317
         789     1.11228     1.00139   0.0556613
         790     1.11142     1.00153    0.055591
         791     1.11089     1.00167   0.0555209
         792     1.10993     1.00181   0.0554509
         793     1.10823     1.00194   0.0553812
         794     1.10698     1.00207   0.0553116
         795     1.10611      1.0022   0.0552422
         796     1.10462     1.00233   0.0551729
         797     1.10271     1.00246   0.0551038
         798     1.10104     1.00258   0.0550349
         799     1.10032      1.0027   0.0549662
         800     1.09736     1.00282   0.0548976
         801     1.09408     1.00294   0.0548292
         802     1.09141     1.00305   0.0547609
         803     1.08835     1.00315   0.0546928
         804     1.08443     1.00325   0.0546249
         805     1.08108     1.00335   0.0545571
         806     1.07711     1.00344   0.0544895
         807     1.07228     1.00353   0.0544221
         808      1.0666     1.00361   0.0543548
         809     1.06205     1.00368   0.0542876
         810     1.05695     1.00374   0.0542206
         811     1.05088      1.0038   0.0541538
         812     1.04435     1.00385   0.0540872
         813     1.03814     1.00389   0.0540206
         814     1.03086     1.00393   0.0539543
         815     1.02424     1.00395   0.0538881
         816     1.01761     1.00397   0.0538221
         817     1.01104     1.00398   0.0537562
         818     1.00456     1.00398   0.0536905
         819    0.998237     1.00397   0.0536249
         820    0.992345     1.00396   0.0535595
         821    0.987172     1.00394   0.0534943
         822    0.982027     1.00391   0.0534292
         823     0.97598     1.00388   0.0533643
         824      0.9717     1.00384   0.0532996
         825     0.96656     1.00379    0.053235
         826      0.9625     1.00374   0.0531705
         827    0.958807     1.00369   0.0531063
         828    0.954511     1.00363   0.0530422
         829    0.951054     1.00356   0.0529782
         830    0.948433      1.0035   0.0529144
         831     0.94591     1.00343   0.0528508
         832    0.943226     1.00336   0.0527873
         833    0.940837     1.00328    0.052724
         834    0.939442      1.0032   0.0526609
         835    0.938293     1.00313   0.0525978
         836    0.936399     1.00305    0.052535
         837    0.935413     1.00297   0.0524723
         838    0.934101     1.00288   0.0524097
         839    0.933154      1.0028   0.0523473
         840     0.93278     1.00272   0.0522851
         841    0.931744     1.00263    0.052223
         842    0.931941     1.00255    0.052161
         843    0.931412     1.00246   0.0520992
         844    0.931091     1.00238   0.0520376
         845    0.929985     1.00229    0.051976
         846    0.929511     1.00221   0.0519147
         847    0.929158     1.00212   0.0518535
         848    0.928423     1.00204   0.0517924
         849    0.927768     1.00195   0.0517315
         850    0.926441     1.00186   0.0516707
         851    0.924434     1.00177     0.05161
         852    0.923177     1.00168   0.0515495
         853    0.921691     1.00158   0.0514892
         854    0.919726     1.00149    0.051429
         855    0.917274     1.00139   0.0513689
         856    0.914821     1.00129    0.051309
         857    0.911407     1.00118   0.0512493
         858    0.908241     1.00107   0.0511896
         859    0.904615     1.00096   0.0511302
         860    0.901025     1.00085   0.0510708
         861    0.897973     1.00073   0.0510117
         862    0.894523      1.0006   0.0509526
         863    0.890465     1.00047   0.0508938
         864    0.885589     1.00034    0.050835
         865    0.881617      1.0002   0.0507764
         866    0.877874     1.00006    0.050718
         867     0.87344    0.999917   0.0506597
         868    0.869566    0.999767   0.0506016
         869     0.86534    0.999612   0.0505436
         870    0.861532    0.999454   0.0504857
         871    0.857957    0.999291    0.050428
         872    0.854425    0.999125   0.0503705
         873     0.85147    0.998956   0.0503131
         874    0.849383    0.998785   0.0502558
         875    0.847013    0.998611   0.0501987
         876     0.84489    0.998436   0.0501417
         877    0.843297    0.998259   0.0500848
         878    0.842758    0.998082   0.0500281
         879    0.842593    0.997905   0.0499715
         880    0.843557     0.99773    0.049915
         881      0.8452    0.997556   0.0498586
         882     0.84851    0.997387   0.0498024
         883     0.85134    0.997222   0.0497463
         884    0.855393    0.997062   0.0496902
         885    0.859722    0.996906   0.0496343
         886    0.865057    0.996758   0.0495785
         887    0.870195    0.996615   0.0495229
         888    0.876104    0.996479   0.0494673
         889    0.883262    0.996352   0.0494118
         890    0.891421    0.996234   0.0493564
         891    0.900335    0.996126   0.0493011
         892    0.909758    0.996029    0.049246
         893    0.920164    0.995945   0.0491909
         894    0.931057    0.995872   0.0491359
         895    0.942912    0.995813   0.0490811
         896    0.954996    0.995767   0.0490263
         897    0.968027    0.995736   0.0489716
         898    0.982721    0.995722   0.0489171
         899    0.996907    0.995723   0.0488627
         900     1.01203    0.995741   0.0488084
         901      1.0281    0.995777   0.0487543
         902      1.0456    0.995832   0.0487002
         903     1.06333    0.995907   0.0486464
         904     1.08252    0.996003   0.0485926
         905     1.10027    0.996118   0.0485391
         906     1.12023    0.996255   0.0484857
         907     1.14001    0.996414   0.0484325
         908     1.16155    0.996596   0.0483795
         909     1.18464    0.996802   0.0483267
         910     1.20785    0.997034   0.0482742
         911     1.23169    0.997292   0.0482219
         912     1.25643    0.997576   0.0481698
         913     1.28182    0.997887   0.0481181
         914     1.30839    0.998227   0.0480666
         915     1.33589    0.998596   0.0480155
         916     1.36409    0.998995   0.0479648
         917      1.3942    0.999426   0.0479144
         918       1.425     0.99989   0.0478644
         919     1.45648     1.00039   0.0478149
         920     1.48814     1.00092   0.0477659
         921      1.5209     1.00148   0.0477174
         922      1.5552     1.00208   0.0476694
         923     1.58979     1.00272    0.047622
         924      1.6258     1.00339   0.0475752
         925     1.66219     1.00411   0.0475291
         926      1.6979     1.00485   0.0474837
         927     1.73451     1.00564    0.047439
         928     1.77141     1.00647   0.0473951
         929      1.8092     1.00733   0.0473519
         930     1.84674     1.00823   0.0473096
         931      1.8822     1.00917   0.0472681
         932       1.919     1.01015   0.0472275
         933     1.95575     1.01116   0.0471877
         934     1.99057     1.01221   0.0471489
         935     2.02422     1.01329   0.0471109
         936     2.05746     1.01441   0.0470737
         937     2.09034     1.01556   0.0470375
         938     2.12145     1.01674   0.0470021
         939     2.15086     1.01794   0.0469676
         940     2.17839     1.01918   0.0469338
         941     2.20221     1.02044   0.0469008
         942     2.22509     1.02171   0.0468684
         943     2.24596     1.02301   0.0468367
         944     2.26306     1.02433   0.0468055
         945     2.27948     1.02565   0.0467748
         946     2.29253     1.02699   0.0467446
         947     2.30367     1.02834   0.0467146
         948     2.31218      1.0297    0.046685
         949      2.3181     1.03105   0.0466555
         950     2.32195     1.03241   0.0466262
         951     2.32402     1.03377   0.0465969
         952     2.32364     1.03513   0.0465677
         953     2.32134     1.03647   0.0465384
         954     2.31643     1.03782   0.0465089
         955     2.30993     1.03915   0.0464793
         956     2.30138     1.04047   0.0464494
         957     2.29032     1.04177   0.0464193
         958     2.27799     1.04307   0.0463887
         959     2.26246     1.04434   0.0463578
         960     2.24617     1.04559   0.0463264
         961     2.22816     1.04682   0.0462945
         962     2.20821     1.04803   0.0462621
         963     2.18635     1.04921   0.0462292
         964     2.16188     1.05036   0.0461957
         965     2.13534     1.05149   0.0461615
         966     2.10748     1.05258   0.0461266
         967     2.07766     1.05364   0.0460911
         968     2.04667     1.05467   0.0460549
         969     2.01341     1.05566    0.046018
         970     1.97944     1.05661   0.0459804
         971     1.94342     1.05752   0.0459421
         972     1.90573     1.05839   0.0459031
         973      1.8687     1.05923   0.0458635
         974     1.82935     1.06002   0.0458232
         975     1.79004     1.06077   0.0457824
         976      1.7502     1.06147   0.0457409
         977     1.71028     1.06214   0.0456989
         978     1.66975     1.06276   0.0456564
         979     1.62952     1.06334   0.0456134
         980     1.58907     1.06387   0.0455701
         981     1.54906     1.06437   0.0455263
         982     1.51018     1.06482   0.0454822
         983     1.47141     1.06524   0.0454378
         984     1.43363     1.06561   0.0453932
         985     1.39774     1.06595   0.0453483
         986     1.36294     1.06625   0.0453033
         987     1.32862     1.06651   0.0452582
         988     1.29662     1.06675    0.045213
         989     1.26607     1.06695   0.0451677
         990     1.23805     1.06712   0.0451224
         991      1.2107     1.06727   0.0450772
         992     1.18675     1.06739   0.0450319
         993     1.16432     1.06748   0.0449866
         994     1.14465     1.06756   0.0449414
         995     1.12705     1.06762   0.0448963
         996     1.11128     1.06767   0.0448513
         997     1.09687     1.06769   0.0448063
         998     1.08475     1.06771   0.0447614
         999     1.07491     1.06772   0.0447166
        1000     1.06681     1.06772   0.0446719
        1001      1.0609     1.06771   0.0446272
        1002     1.05663      1.0677   0.0445827
        1003     1.05418     1.06769   0.0445383
        1004     1.05227     1.06767   0.0444939
        1005     1.05348     1.06766   0.0444496
        1006     1.05627     1.06765   0.0444054
        1007     1.06081     1.06764   0.0443613
        1008     1.06701     1.06764   0.0443173
        1009     1.07382     1.06764   0.0442734
        1010     1.08308     1.06766   0.0442296
        1011     1.09159     1.06768   0.0441858
        1012     1.10192     1.06772   0.0441422
        1013     1.11303     1.06776   0.0440986
        1014     1.12509     1.06782   0.0440552
        1015     1.13829     1.06789   0.0440118
        1016     1.15231     1.06797   0.0439686
        1017     1.16616     1.06807   0.0439255
        1018     1.18169     1.06818   0.0438825
        1019      1.1984     1.06831   0.0438396
        1020      1.2155     1.06845   0.0437968
        1021      1.2332     1.06861   0.0437542
        1022     1.25146     1.06879   0.0437118
        1023     1.27071     1.06899   0.0436695
        1024     1.29018     1.06921   0.0436274
        1025      1.3096     1.06944   0.0435855
        1026     1.32985     1.06969   0.0435437
        1027     1.34921     1.06997   0.0435022
        1028     1.36999     1.07026   0.0434608
        1029     1.39094     1.07057   0.0434197
        1030     1.41172      1.0709   0.0433788
        1031     1.43153     1.07125   0.0433382
        1032     1.45099     1.07162   0.0432977
        1033      1.4712     1.07201   0.0432575
        1034     1.49109     1.07241   0.0432176
        1035     1.51006     1.07283   0.0431779
        1036     1.52896     1.07327   0.0431385
        1037     1.54645     1.07373   0.0430993
        1038     1.56434      1.0742   0.0430604
        1039     1.58082     1.07469   0.0430217
        1040     1.59767     1.07519   0.0429833
        1041     1.61165     1.07571   0.0429451
        1042     1.62433     1.07623   0.0429071
        1043     1.63583     1.07677   0.0428693
        1044     1.64557     1.07732   0.0428317
        1045     1.65442     1.07787   0.0427943
        1046     1.66157     1.07843    0.042757
        1047     1.66646     1.07899   0.0427198
        1048     1.66952     1.07955   0.0426828
        1049     1.67095     1.08012   0.0426458
        1050     1.67024     1.08068   0.0426089
        1051     1.66714     1.08124    0.042572
        1052     1.66215     1.08179   0.0425351
        1053       1.656     1.08233   0.0424982
        1054     1.64707     1.08287   0.0424613
        1055     1.63683     1.08339   0.0424243
        1056     1.62465     1.08391   0.0423872
        1057     1.61133     1.08441     0.04235
        1058       1.596     1.08489   0.0423128
        1059     1.58023     1.08536   0.0422754
        1060     1.56292     1.08581   0.0422379
        1061     1.54421     1.08624   0.0422003
        1062     1.52422     1.08665   0.0421626
        1063     1.50334     1.08704   0.0421248
        1064     1.48243     1.08742   0.0420868
        1065     1.46019     1.08777   0.0420488
        1066     1.43773     1.08809   0.0420106
        1067     1.41495      1.0884   0.0419723
        1068     1.39151     1.08868    0.041934
        1069     1.36827     1.08895   0.0418956
        1070     1.34561     1.08919   0.0418571
        1071      1.3227      1.0894   0.0418186
        1072     1.30015      1.0896     0.04178
        1073     1.27856     1.08978   0.0417415
        1074     1.25804     1.08993   0.0417029
        1075     1.23751     1.09007   0.0416643
        1076     1.21801     1.09019   0.0416258
        1077      1.1999     1.09029   0.0415873
        1078     1.18204     1.09038   0.0415488
        1079     1.16501     1.09044   0.0415103
        1080     1.14887      1.0905   0.0414719
        1081     1.13416     1.09054   0.0414336
        1082     1.12141     1.09057   0.0413953
        1083     1.10971     1.09059   0.0413571
        1084     1.09837     1.09059   0.0413189
        1085     1.08934     1.09059   0.0412808
        1086      1.0819     1.09058   0.0412428
        1087     1.07584     1.09057   0.0412049
        1088     1.07065     1.09055    0.041167
        1089     1.06585     1.09053   0.0411292
        1090      1.0636      1.0905   0.0410915
        1091     1.06312     1.09048   0.0410538
        1092      1.0632     1.09045   0.0410163
        1093     1.06426     1.09043   0.0409787
        1094     1.06625     1.09041   0.0409413
        1095     1.06985     1.09039   0.0409039
        1096     1.07476     1.09038   0.0408666
        1097     1.08091     1.09037   0.0408293
        1098     1.08798     1.09036   0.0407921
        1099     1.09495     1.09037    0.040755
        1100     1.10292     1.09038    0.040718
        1101     1.11208      1.0904    0.040681
        1102     1.12161     1.09043   0.0406441
        1103     1.13119     1.09046   0.0406073
        1104     1.14194     1.09051   0.0405705
        1105     1.15209     1.09057   0.0405338
        1106     1.16349     1.09063   0.0404972
        1107     1.17486     1.09071   0.0404607
        1108     1.18635      1.0908   0.0404243
        1109     1.19837     1.09089    0.040388
        1110     1.21038       1.091   0.0403517
        1111     1.22182     1.09112   0.0403156
        1112     1.23359     1.09125   0.0402795
        1113     1.24444     1.09138   0.0402436
        1114       1.256     1.09153   0.0402077
        1115     1.26656     1.09169    0.040172
        1116      1.2775     1.09185   0.0401363
        1117     1.28786     1.09203   0.0401008
        1118      1.2976     1.09221   0.0400653
        1119       1.306     1.09241     0.04003
        1120     1.31378      1.0926   0.0399947
        1121     1.32189     1.09281   0.0399596
        1122     1.32986     1.09302   0.0399245
        1123     1.33749     1.09324   0.0398895
        1124     1.34478     1.09346   0.0398547
        1125     1.35153     1.09369   0.0398199
        1126     1.35705     1.09392   0.0397852
        1127     1.36305     1.09416   0.0397507
        1128     1.36885     1.09441   0.0397162
        1129      1.3757     1.09466   0.0396818
        1130     1.38147     1.09491   0.0396475
        1131     1.38715     1.09517   0.0396132
        1132      1.3928     1.09543   0.0395791
        1133     1.39892      1.0957   0.0395451
        1134     1.40483     1.09597   0.0395112
        1135     1.41031     1.09625   0.0394773
        1136     1.41637     1.09653   0.0394436
        1137     1.42252     1.09682   0.0394099
        1138     1.42881     1.09711   0.0393764
        1139     1.43498      1.0974   0.0393429
        1140      1.4408     1.09771   0.0393096
        1141     1.44724     1.09801   0.0392763
        1142     1.45476     1.09832   0.0392432
        1143     1.46095     1.09864   0.0392101
        1144     1.46819     1.09896   0.0391772
        1145     1.47455     1.09929   0.0391443
        1146     1.48166     1.09963   0.0391116
        1147     1.48878     1.09997    0.039079
        1148     1.49562     1.10031   0.0390464
        1149     1.50263     1.10066    0.039014
        1150     1.50928     1.10102   0.0389817
        1151     1.51577     1.10138   0.0389495
        1152     1.52277     1.10174   0.0389174
        1153     1.52903     1.10211   0.0388854
        1154     1.53451     1.10249   0.0388535
        1155     1.53965     1.10287   0.0388217
        1156     1.54465     1.10325     0.03879
        1157     1.54994     1.10363   0.0387584
        1158     1.55454     1.10402   0.0387269
        1159     1.55867     1.10442   0.0386955
        1160     1.56157     1.10481   0.0386641
        1161     1.56468     1.10521   0.0386329
        1162     1.56704      1.1056   0.0386017
        1163     1.56887       1.106   0.0385705
        1164     1.57044      1.1064   0.0385395
        1165     1.57103      1.1068   0.0385084
        1166      1.5709      1.1072   0.0384775
        1167     1.57008     1.10759   0.0384465
        1168     1.56931     1.10799   0.0384157
        1169     1.56838     1.10838   0.0383848
        1170     1.56709     1.10878    0.038354
        1171     1.56571     1.10917   0.0383232
        1172     1.56429     1.10955   0.0382925
        1173     1.56262     1.10994   0.0382618
        1174     1.56001     1.11032   0.0382311
        1175     1.55794      1.1107   0.0382005
        1176     1.55572     1.11108   0.0381699
        1177     1.55292     1.11146   0.0381393
        1178     1.55003     1.11183   0.0381088
        1179     1.54781      1.1122   0.0380782
        1180     1.54483     1.11257   0.0380477
        1181     1.54232     1.11293   0.0380172
        1182     1.53909     1.11329   0.0379868
        1183     1.53586     1.11365   0.0379564
        1184     1.53265       1.114    0.037926
        1185     1.52873     1.11435   0.0378956
        1186     1.52602      1.1147   0.0378652
        1187     1.52307     1.11504   0.0378349
        1188     1.51962     1.11538   0.0378045
        1189      1.5171     1.11572   0.0377743
        1190     1.51403     1.11606    0.037744
        1191     1.51183     1.11639   0.0377138
        1192     1.50853     1.11672   0.0376836
        1193     1.50459     1.11704   0.0376534
        1194     1.50118     1.11736   0.0376232
        1195     1.49681     1.11768   0.0375931
        1196     1.49265       1.118    0.037563
        1197      1.4889     1.11831   0.0375329
        1198     1.48363     1.11861   0.0375028
        1199     1.47847     1.11891   0.0374727
        1200     1.47222     1.11921   0.0374426
        1201     1.46677     1.11949   0.0374126
        1202     1.46118     1.11978   0.0373825
        1203     1.45447     1.12006   0.0373525
        1204     1.44739     1.12033   0.0373224
        1205     1.43995     1.12059   0.0372924
        1206     1.43122     1.12085   0.0372624
        1207     1.42316      1.1211   0.0372323
        1208      1.4146     1.12135   0.0372023
        1209     1.40608     1.12158   0.0371723
        1210     1.39643     1.12181   0.0371423
        1211     1.38691     1.12203   0.0371122
        1212     1.37829     1.12224   0.0370822
        1213      1.3687     1.12244   0.0370522
        1214     1.35986     1.12264   0.0370222
        1215     1.35085     1.12282   0.0369922
        1216     1.34242     1.12301   0.0369622
        1217     1.33414     1.12318   0.0369323
        1218     1.32529     1.12334   0.0369023
        1219     1.31711      1.1235   0.0368724
        1220     1.30913     1.12366   0.0368425
        1221     1.30159      1.1238   0.0368126
        1222     1.29403     1.12394   0.0367827
        1223     1.28644     1.12407   0.0367529
        1224     1.27907      1.1242   0.0367231
        1225     1.27192     1.12432   0.0366933
        1226     1.26546     1.12444   0.0366636
        1227     1.25778     1.12454   0.0366338
        1228     1.25223     1.12465   0.0366041
        1229     1.24666     1.12475   0.0365745
        1230     1.24131     1.12484   0.0365449
        1231     1.23644     1.12493   0.0365153
        1232     1.23083     1.12502   0.0364858
        1233     1.22523      1.1251   0.0364563
        1234     1.21966     1.12518   0.0364268
        1235     1.21532     1.12525   0.0363974
        1236     1.21129     1.12532    0.036368
        1237     1.20709     1.12539   0.0363387
        1238     1.20347     1.12545   0.0363094
        1239     1.20022     1.12551   0.0362801
        1240     1.19857     1.12557   0.0362509
        1241      1.1966     1.12563   0.0362217
        1242     1.19508     1.12568   0.0361926
        1243     1.19379     1.12574   0.0361635
        1244     1.19394     1.12579   0.0361345
        1245     1.19388     1.12585   0.0361055
        1246     1.19337      1.1259   0.0360766
        1247     1.19437     1.12595   0.0360477
        1248     1.19544     1.12601   0.0360189
        1249     1.19683     1.12607   0.0359901
        1250     1.19926     1.12613   0.0359613
        1251     1.20226     1.12619   0.0359326
        1252     1.20607     1.12625    0.035904
        1253     1.20996     1.12632   0.0358754
        1254     1.21415     1.12639   0.0358469
        1255     1.21839     1.12646   0.0358184
        1256     1.22387     1.12654   0.0357899
        1257     1.23007     1.12662   0.0357616
        1258     1.23602     1.12671   0.0357332
        1259     1.24288      1.1268    0.035705
        1260     1.25014      1.1269   0.0356768
        1261     1.25776       1.127   0.0356486
        1262     1.26499     1.12711   0.0356205
        1263      1.2737     1.12723   0.0355925
        1264     1.28169     1.12735   0.0355646
        1265     1.29084     1.12748   0.0355367
        1266     1.29967     1.12761   0.0355089
        1267     1.30764     1.12776   0.0354812
        1268     1.31664     1.12791   0.0354535
        1269     1.32638     1.12806   0.0354259
        1270     1.33562     1.12823   0.0353984
        1271      1.3436     1.12839   0.0353709
        1272     1.35291     1.12857   0.0353436
        1273     1.36089     1.12875   0.0353163
        1274     1.36989     1.12894   0.0352891
        1275     1.37892     1.12914   0.0352619
        1276     1.38747     1.12934   0.0352349
        1277     1.39551     1.12955   0.0352079
        1278     1.40302     1.12976    0.035181
        1279     1.41045     1.12998   0.0351542
        1280     1.41683     1.13021   0.0351274
        1281     1.42309     1.13044   0.0351007
        1282     1.42875     1.13067   0.0350741
        1283     1.43404     1.13091   0.0350476
        1284     1.43943     1.13115   0.0350211
        1285     1.44395     1.13139   0.0349947
        1286     1.44882     1.13164   0.0349684
        1287     1.45306     1.13189   0.0349421
        1288      1.4567     1.13214   0.0349159
        1289     1.46021     1.13239   0.0348897
        1290     1.46361     1.13265   0.0348636
        1291     1.46691     1.13291   0.0348376
        1292     1.46964     1.13317   0.0348116
        1293     1.47158     1.13343   0.0347856
        1294     1.47419     1.13369   0.0347598
        1295     1.47557     1.13396   0.0347339
        1296     1.47647     1.13422   0.0347081
        1297     1.47786     1.13449   0.0346824
        1298     1.47954     1.13475   0.0346567
        1299      1.4808     1.13502    0.034631
        1300     1.48119     1.13529   0.0346054
        1301     1.48218     1.13555   0.0345798
        1302     1.48331     1.13582   0.0345543
        1303     1.48317     1.13609   0.0345288
        1304     1.48299     1.13635   0.0345034
        1305     1.48425     1.13662   0.0344779
        1306      1.4843     1.13688   0.0344526
        1307      1.4856     1.13715   0.0344272
        1308     1.48601     1.13742    0.034402
        1309     1.48675     1.13768   0.0343767
        1310     1.48736     1.13795   0.0343515
        1311     1.48859     1.13822   0.0343263
        1312     1.48949     1.13849   0.0343012
        1313     1.49081     1.13876   0.0342762
        1314     1.49184     1.13902   0.0342511
        1315     1.49331     1.13929   0.0342261
        1316     1.49524     1.13956   0.0342012
        1317     1.49714     1.13984   0.0341763
        1318     1.50022     1.14011   0.0341515
        1319      1.5028     1.14038   0.0341267
        1320     1.50488     1.14066   0.0341019
        1321     1.50764     1.14094   0.0340773
        1322     1.51107     1.14122   0.0340526
        1323     1.51395      1.1415   0.0340281
        1324      1.5165     1.14178   0.0340035
        1325     1.52013     1.14207   0.0339791
        1326     1.52313     1.14236   0.0339547
        1327     1.52595     1.14264   0.0339303
        1328     1.52925     1.14294    0.033906
        1329     1.53301     1.14323   0.0338818
        1330     1.53622     1.14352   0.0338576
        1331     1.53953     1.14382   0.0338334
        1332     1.54195     1.14412   0.0338094
        1333     1.54557     1.14442   0.0337853
        1334      1.5477     1.14472   0.0337614
        1335     1.54925     1.14503   0.0337374
        1336     1.55063     1.14533   0.0337136
        1337     1.55227     1.14564   0.0336897
        1338     1.55242     1.14594   0.0336659
        1339     1.55224     1.14624   0.0336421
        1340     1.55215     1.14655   0.0336184
        1341     1.54994     1.14685   0.0335947
        1342     1.54796     1.14715    0.033571
        1343     1.54496     1.14744   0.0335473
        1344     1.54163     1.14774   0.0335236
        1345     1.53746     1.14803   0.0334999
        1346     1.53241     1.14831   0.0334762
        1347     1.52743     1.14859   0.0334526
        1348     1.52034     1.14887   0.0334289
        1349      1.5121     1.14914   0.0334052
        1350     1.50367      1.1494   0.0333815
        1351     1.49387     1.14965   0.0333578
        1352      1.4827      1.1499    0.033334
        1353     1.47142     1.15014   0.0333102
        1354     1.45909     1.15037   0.0332864
        1355     1.44624     1.15059   0.0332625
        1356     1.43318     1.15079   0.0332387
        1357      1.4185     1.15099   0.0332147
        1358     1.40423     1.15118   0.0331908
        1359     1.38874     1.15135   0.0331668
        1360     1.37213     1.15151   0.0331429
        1361     1.35568     1.15166   0.0331188
        1362     1.33949      1.1518   0.0330948
        1363     1.32366     1.15193   0.0330708
        1364     1.30733     1.15204   0.0330467
        1365     1.29132     1.15214   0.0330227
        1366     1.27499     1.15223   0.0329986
        1367     1.25992     1.15231   0.0329746
        1368     1.24451     1.15238   0.0329505
        1369     1.22958     1.15244   0.0329265
        1370     1.21548     1.15248   0.0329025
        1371      1.2011     1.15252   0.0328785
        1372     1.18726     1.15254   0.0328546
        1373       1.175     1.15256   0.0328307
        1374     1.16417     1.15257   0.0328068
        1375     1.15366     1.15257   0.0327829
        1376     1.14499     1.15256   0.0327591
        1377     1.13798     1.15255   0.0327353
        1378      1.1315     1.15254   0.0327115
        1379     1.12658     1.15252   0.0326878
        1380     1.12278      1.1525   0.0326641
        1381     1.11993     1.15247   0.0326405
        1382     1.11854     1.15245   0.0326169
        1383      1.1196     1.15243   0.0325933
        1384     1.12195      1.1524   0.0325698
        1385     1.12511     1.15238   0.0325463
        1386     1.13055     1.15237   0.0325228
        1387     1.13827     1.15236   0.0324993
        1388     1.14681     1.15235   0.0324759
        1389     1.15688     1.15236   0.0324525
        1390      1.1675     1.15237   0.0324292
        1391     1.18033     1.15239   0.0324059
        1392     1.19483     1.15242   0.0323826
        1393     1.21001     1.15246   0.0323594
        1394     1.22675     1.15251   0.0323362
        1395       1.245     1.15258   0.0323131
        1396     1.26541     1.15266   0.0322901
        1397     1.28596     1.15276   0.0322671
        1398     1.30777     1.15287   0.0322442
        1399      1.3305     1.15299   0.0322214
        1400     1.35405     1.15314   0.0321987
        1401     1.37756      1.1533   0.0321761
        1402      1.4019     1.15348   0.0321537
        1403     1.42668     1.15367   0.0321313
        1404     1.45178     1.15388   0.0321092
        1405     1.47754     1.15411   0.0320871
        1406     1.50288     1.15436   0.0320653
        1407     1.52909     1.15463   0.0320436
        1408     1.55435     1.15491   0.0320221
        1409     1.57901     1.15521   0.0320008
        1410     1.60463     1.15553   0.0319797
        1411     1.62867     1.15587   0.0319588
        1412     1.65175     1.15622   0.0319381
        1413       1.674     1.15658   0.0319176
        1414     1.69508     1.15696   0.0318973
        1415     1.71587     1.15736   0.0318772
        1416     1.73557     1.15777   0.0318573
        1417     1.75389     1.15819   0.0318376
        1418     1.77127     1.15862    0.031818
        1419     1.78671     1.15906   0.0317987
        1420      1.8014     1.15952   0.0317795
        1421     1.81436     1.15998   0.0317605
        1422      1.8256     1.16044   0.0317416
        1423      1.8349     1.16092   0.0317228
        1424     1.84444      1.1614   0.0317042
        1425     1.85234     1.16188   0.0316857
        1426      1.8591     1.16237   0.0316672
        1427     1.86502     1.16286   0.0316488
        1428     1.86941     1.16336   0.0316306
        1429     1.87401     1.16386   0.0316123
        1430     1.87718     1.16436   0.0315942
        1431     1.87922     1.16486    0.031576
        1432     1.88088     1.16536   0.0315579
        1433     1.88101     1.16585   0.0315399
        1434     1.88086     1.16635   0.0315218
        1435     1.87951     1.16685   0.0315038
        1436     1.87795     1.16735   0.0314857
        1437     1.87577     1.16784   0.0314677
        1438     1.87298     1.16833   0.0314496
        1439     1.86986     1.16882   0.0314315
        1440     1.86598      1.1693   0.0314134
        1441     1.86234     1.16978   0.0313953
        1442     1.85775     1.17026   0.0313772
        1443     1.85298     1.17073    0.031359
        1444      1.8471      1.1712   0.0313408
        1445     1.84088     1.17166   0.0313225
        1446     1.83483     1.17212   0.0313042
        1447     1.82851     1.17258   0.0312858
        1448     1.82149     1.17302   0.0312675
        1449     1.81404     1.17347    0.031249
        1450     1.80646      1.1739   0.0312305
        1451     1.79951     1.17433    0.031212
        1452       1.793     1.17476   0.0311934
        1453      1.7865     1.17518   0.0311747
        1454     1.77956      1.1756   0.0311561
        1455     1.77298     1.17601   0.0311374
        1456     1.76606     1.17641   0.0311186
        1457      1.7591     1.17681   0.0310998
        1458     1.75287     1.17721    0.031081
        1459     1.74741      1.1776   0.0310622
        1460     1.74203     1.17798   0.0310433
        1461     1.73628     1.17837   0.0310244
        1462     1.72995     1.17874   0.0310055
        1463     1.72523     1.17912   0.0309865
        1464     1.72117     1.17949   0.0309676
        1465     1.71707     1.17986   0.0309486
        1466     1.71388     1.18022   0.0309296
        1467      1.7116     1.18058   0.0309107
        1468      1.7102     1.18094   0.0308917
        1469     1.70848      1.1813   0.0308728
        1470     1.70615     1.18166   0.0308538
        1471      1.7044     1.18201   0.0308349
        1472     1.70268     1.18237    0.030816
        1473     1.70216     1.18272   0.0307971
        1474     1.70158     1.18307   0.0307782
        1475     1.70112     1.18342   0.0307594
        1476     1.70096     1.18377   0.0307405
        1477     1.70103     1.18412   0.0307217
        1478      1.7008     1.18447   0.0307029
        1479      1.7002     1.18482   0.0306841
        1480     1.69917     1.18517   0.0306654
        1481     1.69815     1.18552   0.0306466
        1482     1.69733     1.18586   0.0306279
        1483     1.69474     1.18621   0.0306091
        1484     1.69277     1.18655   0.0305904
        1485     1.69116     1.18689   0.0305717
        1486     1.68773     1.18722    0.030553
        1487     1.68515     1.18756   0.0305343
        1488     1.68173     1.18789   0.0305156
        1489     1.67752     1.18822   0.0304968
        1490     1.67303     1.18854   0.0304781
        1491     1.66857     1.18887   0.0304594
        1492     1.66514     1.18919   0.0304406
        1493     1.65994      1.1895   0.0304219
        1494     1.65474     1.18981   0.0304031
        1495     1.64986     1.19012   0.0303843
        1496     1.64515     1.19042   0.0303655
        1497     1.64095     1.19073   0.0303467
        1498     1.63735     1.19102   0.0303279
        1499     1.63349     1.19132   0.0303091
        1500      1.6309     1.19161   0.0302904
        1501     1.62921      1.1919   0.0302716
        1502     1.62777     1.19219   0.0302528
        1503      1.6269     1.19248   0.0302341
        1504     1.62764     1.19277   0.0302154
        1505     1.62885     1.19306   0.0301967
        1506     1.63081     1.19335    0.030178
        1507     1.63503     1.19365   0.0301594
        1508     1.63911     1.19394   0.0301409
        1509     1.64428     1.19424   0.0301224
        1510     1.65007     1.19454   0.0301039
        1511     1.65718     1.19485   0.0300856
        1512     1.66608     1.19516   0.0300673
        1513      1.6748     1.19548   0.0300491
        1514     1.68524      1.1958    0.030031
        1515     1.69588     1.19613    0.030013
        1516     1.70859     1.19647   0.0299951
        1517     1.72161     1.19681   0.0299773
        1518     1.73557     1.19717   0.0299596
        1519     1.75085     1.19753   0.0299421
        1520     1.76593     1.19791   0.0299248
        1521     1.78166     1.19829   0.0299076
        1522     1.79744     1.19868   0.0298905
        1523     1.81318     1.19909   0.0298736
        1524     1.82923      1.1995   0.0298569
        1525     1.84501     1.19992   0.0298403
        1526     1.86185     1.20036   0.0298239
        1527     1.87699      1.2008   0.0298076
        1528     1.89274     1.20125   0.0297916
        1529     1.90683     1.20172   0.0297757
        1530     1.92086     1.20219   0.0297599
        1531     1.93473     1.20266   0.0297443
        1532     1.94643     1.20315   0.0297289
        1533     1.95855     1.20364   0.0297136
        1534     1.96956     1.20414   0.0296984
        1535      1.9794     1.20465   0.0296833
        1536     1.98901     1.20516   0.0296684
        1537     1.99712     1.20567   0.0296536
        1538     2.00444     1.20619   0.0296388
        1539     2.01069     1.20672   0.0296242
        1540     2.01586     1.20724   0.0296096
        1541     2.02044     1.20777   0.0295951
        1542     2.02249      1.2083   0.0295806
        1543     2.02491     1.20883   0.0295662
        1544     2.02605     1.20936   0.0295518
        1545     2.02593     1.20988   0.0295374
        1546     2.02434     1.21041    0.029523
        1547     2.02251     1.21094   0.0295085
        1548     2.01929     1.21146   0.0294941
        1549     2.01471     1.21198   0.0294796
        1550     2.01051     1.21249   0.0294651
        1551     2.00505       1.213   0.0294505
        1552      1.9991     1.21351   0.0294359
        1553     1.99247     1.21401   0.0294212
        1554     1.98497     1.21451   0.0294065
        1555      1.9769       1.215   0.0293917
        1556     1.96806     1.21548   0.0293768
        1557     1.95876     1.21596   0.0293618
        1558     1.94857     1.21643   0.0293467
        1559     1.93849     1.21689   0.0293315
        1560     1.92908     1.21735   0.0293163
        1561      1.9182      1.2178   0.0293009
        1562     1.90689     1.21824   0.0292855
        1563     1.89615     1.21867     0.02927
        1564     1.88556      1.2191   0.0292543
        1565     1.87517     1.21952   0.0292387
        1566     1.86431     1.21993   0.0292229
        1567     1.85349     1.22033    0.029207
        1568     1.84276     1.22073   0.0291911
        1569     1.83169     1.22112   0.0291751
        1570     1.82128      1.2215    0.029159
        1571     1.81131     1.22188   0.0291429
        1572     1.80158     1.22225   0.0291267
        1573     1.79187     1.22261   0.0291104
        1574     1.78269     1.22296   0.0290941
        1575     1.77382     1.22331   0.0290777
        1576     1.76527     1.22366   0.0290613
        1577     1.75657       1.224   0.0290448
        1578     1.74845     1.22433   0.0290283
        1579     1.74043     1.22466   0.0290118
        1580     1.73251     1.22498   0.0289952
        1581     1.72565     1.22529   0.0289786
        1582     1.71913     1.22561    0.028962
        1583     1.71316     1.22591   0.0289453
        1584     1.70678     1.22622   0.0289286
        1585     1.70044     1.22652   0.0289119
        1586      1.6946     1.22681   0.0288952
        1587       1.689      1.2271   0.0288784
        1588     1.68265     1.22739   0.0288617
        1589     1.67696     1.22767   0.0288449
        1590     1.67141     1.22795   0.0288281
        1591     1.66695     1.22823   0.0288113
        1592     1.66258      1.2285   0.0287945
        1593     1.65849     1.22877   0.0287777
        1594     1.65296     1.22904   0.0287609
        1595     1.64862      1.2293   0.0287441
        1596     1.64398     1.22956   0.0287272
        1597     1.63879     1.22982   0.0287104
        1598     1.63349     1.23007   0.0286935
        1599     1.62904     1.23032   0.0286767
        1600      1.6242     1.23056   0.0286598
        1601     1.61874     1.23081   0.0286429
        1602     1.61362     1.23105    0.028626
        1603     1.60789     1.23128   0.0286091
        1604     1.60277     1.23151   0.0285922
        1605     1.59684     1.23174   0.0285753
        1606      1.5911     1.23196   0.0285584
        1607     1.58607     1.23218   0.0285415
        1608     1.58013      1.2324   0.0285246
        1609     1.57406     1.23261   0.0285076
        1610     1.56863     1.23282   0.0284907
        1611     1.56344     1.23303   0.0284737
        1612     1.55881     1.23323   0.0284568
        1613      1.5536     1.23343   0.0284398
        1614     1.54958     1.23362   0.0284229
        1615     1.54681     1.23382    0.028406
        1616      1.5432     1.23401    0.028389
        1617     1.54051      1.2342   0.0283721
        1618     1.53905     1.23439   0.0283552
        1619     1.53862     1.23457   0.0283383
        1620     1.53904     1.23476   0.0283214
        1621     1.54034     1.23495   0.0283046
        1622     1.54231     1.23514   0.0282878
        1623      1.5452     1.23533    0.028271
        1624     1.54879     1.23552   0.0282542
        1625     1.55402     1.23572   0.0282375
        1626     1.55993     1.23592   0.0282209
        1627     1.56648     1.23612   0.0282043
        1628     1.57387     1.23633   0.0281877
        1629     1.58181     1.23654   0.0281712
        1630     1.59145     1.23676   0.0281547
        1631     1.60151     1.23698   0.0281384
        1632     1.61169     1.23721   0.0281221
        1633     1.62309     1.23745   0.0281058
        1634     1.63466     1.23769   0.0280897
        1635     1.64727     1.23794   0.0280736
        1636     1.65889      1.2382   0.0280576
        1637     1.66992     1.23846   0.0280417
        1638     1.68169     1.23873   0.0280259
        1639      1.6929     1.23901   0.0280102
        1640     1.70369      1.2393   0.0279946
        1641     1.71589     1.23959    0.027979
        1642     1.72701     1.23988   0.0279635
        1643     1.73744     1.24019   0.0279482
        1644     1.74735     1.24049   0.0279329
        1645      1.7569     1.24081   0.0279176
        1646     1.76506     1.24113   0.0279025
        1647     1.77276     1.24145   0.0278874
        1648     1.77945     1.24178   0.0278724
        1649     1.78606     1.24211   0.0278575
        1650      1.7916     1.24244   0.0278426
        1651     1.79508     1.24277   0.0278277
        1652     1.79817     1.24311   0.0278129
        1653     1.80111     1.24345   0.0277981
        1654     1.80318     1.24379   0.0277834
        1655      1.8039     1.24412   0.0277687
        1656     1.80426     1.24446   0.0277539
        1657     1.80355      1.2448   0.0277392
        1658     1.80204     1.24514   0.0277246
        1659     1.79952     1.24547   0.0277099
        1660     1.79698      1.2458   0.0276952
        1661     1.79327     1.24613   0.0276804
        1662     1.78939     1.24646   0.0276657
        1663     1.78489     1.24678    0.027651
        1664     1.77983      1.2471   0.0276362
        1665     1.77474     1.24742   0.0276214
        1666     1.76918     1.24773   0.0276066
        1667      1.7627     1.24804   0.0275918
        1668     1.75489     1.24835   0.0275769
        1669     1.74772     1.24864    0.027562
        1670     1.73977     1.24894   0.0275471
        1671     1.73181     1.24923   0.0275321
        1672      1.7239     1.24951   0.0275171
        1673     1.71557     1.24979   0.0275021
        1674     1.70663     1.25006    0.027487
        1675     1.69807     1.25033   0.0274719
        1676     1.68991     1.25059   0.0274568
        1677      1.6817     1.25085   0.0274416
        1678     1.67369      1.2511   0.0274264
        1679     1.66445     1.25135   0.0274112
        1680     1.65617     1.25159   0.0273959
        1681     1.64763     1.25182   0.0273806
        1682     1.63884     1.25205   0.0273653
        1683     1.63003     1.25228     0.02735
        1684      1.6207      1.2525   0.0273346
        1685     1.61156     1.25271   0.0273192
        1686     1.60258     1.25292   0.0273038
        1687     1.59373     1.25312   0.0272884
        1688     1.58426     1.25332   0.0272729
        1689     1.57483     1.25351   0.0272574
        1690     1.56445     1.25369   0.0272419
        1691     1.55501     1.25387   0.0272264
        1692     1.54476     1.25404   0.0272108
        1693     1.53535     1.25421   0.0271953
        1694     1.52434     1.25437   0.0271797
        1695     1.51288     1.25452   0.0271641
        1696     1.50119     1.25466   0.0271484
        1697       1.489      1.2548   0.0271328
        1698     1.47583     1.25493   0.0271171
        1699     1.46264     1.25506   0.0271014
        1700     1.44895     1.25517   0.0270857
        1701      1.4348     1.25528     0.02707
        1702      1.4207     1.25537   0.0270543
        1703     1.40599     1.25546   0.0270386
        1704     1.39074     1.25554   0.0270228
        1705     1.37526     1.25561    0.027007
        1706     1.35964     1.25567   0.0269913
        1707     1.34301     1.25572   0.0269755
        1708     1.32763     1.25576   0.0269598
        1709     1.31217      1.2558    0.026944
        1710     1.29696     1.25582   0.0269283
        1711     1.28162     1.25584   0.0269125
        1712     1.26698     1.25584   0.0268968
        1713     1.25289     1.25584   0.0268811
        1714     1.23871     1.25583   0.0268654
        1715     1.22621     1.25581   0.0268498
        1716     1.21473     1.25579   0.0268341
        1717     1.20312     1.25576   0.0268185
        1718     1.19314     1.25572   0.0268029
        1719     1.18337     1.25568   0.0267874
        1720     1.17481     1.25563   0.0267718
        1721     1.16774     1.25558   0.0267563
        1722     1.16167     1.25553   0.0267408
        1723     1.15567     1.25547   0.0267254
        1724     1.15141     1.25541     0.02671
        1725     1.14889     1.25535   0.0266945
        1726     1.14666     1.25529   0.0266792
        1727     1.14494     1.25522   0.0266638
        1728     1.14444     1.25516   0.0266484
        1729     1.14513     1.25509   0.0266331
        1730     1.14651     1.25503   0.0266178
        1731     1.14879     1.25497   0.0266025
        1732      1.1522     1.25491   0.0265872
        1733     1.15572     1.25485   0.0265719
        1734     1.16031      1.2548   0.0265566
        1735     1.16592     1.25475   0.0265414
        1736     1.17228      1.2547   0.0265261
        1737     1.17986     1.25466   0.0265109
        1738     1.18789     1.25462   0.0264957
        1739     1.19634     1.25458   0.0264804
        1740     1.20543     1.25456   0.0264652
        1741     1.21561     1.25453     0.02645
        1742     1.22589     1.25452   0.0264349
        1743     1.23721     1.25451   0.0264197
        1744     1.24809      1.2545   0.0264046
        1745     1.26068     1.25451   0.0263894
        1746     1.27302     1.25452   0.0263743
        1747     1.28605     1.25454   0.0263592
        1748     1.29998     1.25456   0.0263442
        1749     1.31383      1.2546   0.0263291
        1750     1.32758     1.25464   0.0263141
        1751     1.34263     1.25469   0.0262991
        1752     1.35753     1.25475   0.0262842
        1753       1.372     1.25481   0.0262693
        1754      1.3877     1.25489   0.0262544
        1755     1.40364     1.25497   0.0262396
        1756     1.41932     1.25507   0.0262248
        1757     1.43567     1.25517   0.0262101
        1758     1.45218     1.25528   0.0261954
        1759     1.46835      1.2554   0.0261808
        1760     1.48439     1.25553   0.0261662
        1761     1.50123     1.25567   0.0261518
        1762     1.51765     1.25582   0.0261373
        1763     1.53409     1.25598    0.026123
        1764     1.55102     1.25615   0.0261087
        1765     1.56816     1.25632   0.0260945
        1766     1.58477     1.25651   0.0260804
        1767     1.60083      1.2567   0.0260664
        1768     1.61726     1.25691   0.0260524
        1769     1.63283     1.25712   0.0260386
        1770     1.64848     1.25734   0.0260248
        1771     1.66515     1.25757   0.0260111
        1772     1.68064     1.25781   0.0259975
        1773     1.69588     1.25806    0.025984
        1774     1.71158     1.25831   0.0259707
        1775     1.72649     1.25858   0.0259574
        1776     1.74107     1.25885   0.0259442
        1777     1.75432     1.25913   0.0259311
        1778     1.76814     1.25941   0.0259181
        1779     1.78152     1.25971   0.0259052
        1780     1.79421     1.26001   0.0258923
        1781     1.80664     1.26032   0.0258796
        1782     1.81878     1.26063    0.025867
        1783     1.82987     1.26095   0.0258545
        1784     1.84059     1.26127    0.025842
        1785     1.85116      1.2616   0.0258297
        1786     1.85962     1.26194   0.0258174
        1787     1.86786     1.26228   0.0258051
        1788     1.87632     1.26262    0.025793
        1789     1.88379     1.26297   0.0257809
        1790     1.88999     1.26332   0.0257689
        1791      1.8961     1.26367   0.0257569
        1792     1.90163     1.26403    0.025745
        1793     1.90537     1.26439   0.0257331
        1794     1.90873     1.26474   0.0257213
        1795     1.91101      1.2651   0.0257095
        1796     1.91269     1.26546   0.0256977
        1797     1.91402     1.26583   0.0256859
        1798      1.9138     1.26619   0.0256742
        1799     1.91302     1.26655   0.0256624
        1800     1.91123      1.2669   0.0256507
        1801     1.90869     1.26726   0.0256389
        1802     1.90521     1.26761   0.0256271
        1803     1.90202     1.26797   0.0256153
        1804     1.89773     1.26832   0.0256035
        1805     1.89214     1.26866   0.0255916
        1806     1.88674       1.269   0.0255798
        1807     1.87967     1.26934   0.0255678
        1808     1.87362     1.26968   0.0255559
        1809     1.86672     1.27001   0.0255439
        1810     1.85926     1.27033   0.0255318
        1811     1.85227     1.27065   0.0255198
        1812     1.84482     1.27097   0.0255077
        1813     1.83649     1.27128   0.0254955
        1814       1.829     1.27159   0.0254833
        1815     1.82095     1.27189    0.025471
        1816      1.8131     1.27219   0.0254588
        1817      1.8043     1.27248   0.0254464
        1818     1.79625     1.27277   0.0254341
        1819     1.78778     1.27305   0.0254217
        1820     1.77988     1.27333   0.0254092
        1821     1.77161     1.27361   0.0253967
        1822     1.76491     1.27388   0.0253842
        1823      1.7574     1.27414   0.0253717
        1824     1.75076      1.2744   0.0253591
        1825     1.74284     1.27466   0.0253465
        1826     1.73582     1.27491   0.0253339
        1827     1.72968     1.27516   0.0253213
        1828     1.72324      1.2754   0.0253086
        1829      1.7172     1.27565   0.0252959
        1830     1.71132     1.27588   0.0252832
        1831     1.70534     1.27612   0.0252705
        1832     1.69973     1.27635   0.0252578
        1833     1.69327     1.27658    0.025245
        1834     1.68689      1.2768   0.0252322
        1835     1.68105     1.27702   0.0252194
        1836     1.67524     1.27724   0.0252066
        1837     1.66942     1.27745   0.0251938
        1838     1.66283     1.27766    0.025181
        1839     1.65734     1.27787   0.0251681
        1840     1.65171     1.27807   0.0251553
        1841     1.64516     1.27827   0.0251424
        1842     1.63884     1.27847   0.0251295
        1843     1.63148     1.27866   0.0251166
        1844     1.62446     1.27885   0.0251037
        1845     1.61628     1.27903   0.0250908
        1846      1.6076     1.27921   0.0250778
        1847     1.59883     1.27938   0.0250648
        1848     1.58967     1.27955   0.0250518
        1849     1.57983     1.27971   0.0250388
        1850     1.56901     1.27987   0.0250257
        1851      1.5579     1.28002   0.0250127
        1852      1.5455     1.28016   0.0249996
        1853     1.53227      1.2803   0.0249865
        1854      1.5182     1.28042   0.0249733
        1855     1.50377     1.28054   0.0249601
        1856     1.48852     1.28066   0.0249469
        1857     1.47151     1.28076   0.0249337
        1858     1.45423     1.28085   0.0249205
        1859     1.43649     1.28094   0.0249072
        1860     1.41764     1.28101   0.0248939
        1861     1.39847     1.28107   0.0248806
        1862     1.37907     1.28113   0.0248673
        1863     1.35882     1.28117    0.024854
        1864     1.33804      1.2812   0.0248407
        1865     1.31805     1.28122   0.0248274
        1866     1.29678     1.28123   0.0248141
        1867     1.27579     1.28122   0.0248008
        1868     1.25517     1.28121   0.0247875
        1869     1.23504     1.28118   0.0247743
        1870     1.21476     1.28115    0.024761
        1871     1.19517      1.2811   0.0247479
        1872     1.17683     1.28105   0.0247347
        1873     1.15815     1.28098   0.0247216
        1874     1.14113     1.28091   0.0247085
        1875     1.12465     1.28082   0.0246955
        1876     1.10878     1.28073   0.0246825
        1877     1.09382     1.28063   0.0246695
        1878     1.08008     1.28053   0.0246566
        1879     1.06737     1.28041   0.0246437
        1880     1.05574     1.28029   0.0246309
        1881     1.04523     1.28017   0.0246182
        1882     1.03636     1.28004   0.0246054
        1883     1.02795      1.2799   0.0245927
        1884     1.02051     1.27977     0.02458
        1885     1.01429     1.27963   0.0245674
        1886     1.00883     1.27948   0.0245548
        1887     1.00531     1.27934   0.0245422
        1888     1.00254     1.27919   0.0245297
        1889     1.00145     1.27904   0.0245171
        1890     1.00153      1.2789   0.0245046
        1891     1.00323     1.27875   0.0244921
        1892     1.00529     1.27861   0.0244795
        1893     1.00839     1.27846    0.024467
        1894     1.01318     1.27832   0.0244545
        1895     1.01885     1.27819    0.024442
        1896     1.02557     1.27805   0.0244295
        1897     1.03181     1.27792   0.0244169
        1898     1.03965      1.2778   0.0244044
        1899     1.04826     1.27768   0.0243918
        1900     1.05685     1.27756   0.0243793
        1901     1.06579     1.27745   0.0243667
        1902     1.07427     1.27734   0.0243541
        1903     1.08293     1.27724   0.0243415
        1904     1.09265     1.27714   0.0243289
        1905     1.10216     1.27705   0.0243163
        1906     1.11116     1.27696   0.0243037
        1907     1.12056     1.27688   0.0242911
        1908     1.12958     1.27681   0.0242785
        1909     1.13821     1.27673   0.0242659
        1910     1.14665     1.27666   0.0242533
        1911     1.15513      1.2766   0.0242407
        1912     1.16317     1.27654   0.0242281
        1913     1.17078     1.27649   0.0242155
        1914     1.17892     1.27644   0.0242029
        1915     1.18641     1.27639   0.0241903
        1916     1.19327     1.27635   0.0241777
        1917     1.20047     1.27631   0.0241651
        1918     1.20806     1.27627   0.0241526
        1919     1.21557     1.27624     0.02414
        1920     1.22328     1.27621   0.0241274
        1921     1.23071     1.27619   0.0241149
        1922     1.23767     1.27617   0.0241024
        1923      1.2456     1.27615   0.0240898
        1924      1.2531     1.27614   0.0240773
        1925     1.26018     1.27613   0.0240648
        1926     1.26829     1.27613   0.0240523
        1927     1.27697     1.27613   0.0240398
        1928     1.28454     1.27613   0.0240274
        1929     1.29247     1.27614   0.0240149
        1930     1.29929     1.27615   0.0240025
        1931     1.30694     1.27617     0.02399
        1932     1.31518     1.27619   0.0239776
        1933     1.32304     1.27621   0.0239652
        1934     1.33169     1.27624   0.0239529
        1935     1.33994     1.27627   0.0239405
        1936     1.34824     1.27631   0.0239282
        1937     1.35561     1.27635   0.0239159
        1938      1.3637      1.2764   0.0239036
        1939     1.37176     1.27645   0.0238913
        1940     1.37951      1.2765    0.023879
        1941     1.38813     1.27656   0.0238668
        1942     1.39589     1.27662   0.0238546
        1943     1.40369     1.27668   0.0238424
        1944     1.41151     1.27675   0.0238302
        1945     1.41833     1.27683   0.0238181
        1946     1.42554      1.2769    0.023806
        1947     1.43215     1.27698   0.0237939
        1948     1.43832     1.27706   0.0237818
        1949     1.44403     1.27715   0.0237698
        1950     1.44873     1.27724   0.0237577
        1951     1.45336     1.27733   0.0237457
        1952     1.45786     1.27742   0.0237337
        1953     1.46196     1.27752   0.0237218
        1954     1.46584     1.27761   0.0237098
        1955     1.46756     1.27771   0.0236979
        1956     1.46876     1.27781    0.023686
        1957     1.46916      1.2779   0.0236741
        1958      1.4685       1.278   0.0236622
        1959     1.46699      1.2781   0.0236503
        1960     1.46436     1.27819   0.0236384
        1961     1.46131     1.27829   0.0236266
        1962     1.45735     1.27838   0.0236147
        1963     1.45245     1.27847   0.0236028
        1964     1.44686     1.27855    0.023591
        1965     1.44034     1.27864   0.0235791
        1966      1.4336     1.27871   0.0235673
        1967     1.42498     1.27879   0.0235554
        1968     1.41595     1.27886   0.0235435
        1969     1.40559     1.27892   0.0235317
        1970     1.39418     1.27898   0.0235198
        1971      1.3825     1.27903   0.0235079
        1972     1.36966     1.27908    0.023496
        1973     1.35622     1.27912   0.0234842
        1974     1.34322     1.27915   0.0234723
        1975     1.32933     1.27918   0.0234604
        1976     1.31465     1.27919   0.0234485
        1977     1.30001      1.2792   0.0234367
        1978     1.28505     1.27921   0.0234248
        1979     1.27011      1.2792    0.023413
        1980     1.25578     1.27919   0.0234012
        1981     1.24121     1.27917   0.0233894
        1982     1.22674     1.27915   0.0233776
        1983     1.21318     1.27911   0.0233658
        1984     1.19991     1.27907   0.0233541
        1985     1.18698     1.27903   0.0233424
        1986     1.17544     1.27897   0.0233307
        1987     1.16388     1.27892    0.023319
        1988     1.15427     1.27885   0.0233074
        1989      1.1452     1.27879   0.0232957
        1990     1.13669     1.27871   0.0232841
        1991     1.12803     1.27864   0.0232726
        1992     1.12138     1.27856    0.023261
        1993     1.11458     1.27848   0.0232495
        1994     1.10834     1.27839    0.023238
        1995     1.10433     1.27831   0.0232265
        1996     1.09989     1.27822    0.023215
        1997     1.09669     1.27812   0.0232036
        1998     1.09496     1.27803   0.0231922
        1999     1.09323     1.27794   0.0231807
        2000     1.09198     1.27785   0.0231693
