#     BLOCK:   ACTUAL_T:     T_AVE:       ERROR:
           1           2           2           0
           2     1.99993     1.99996 2.54488e-05
           3     1.99971     1.99988 7.05694e-05
           4     1.99935     1.99975 0.000125779
           5     1.99885     1.99957 0.000189608
           6      1.9982     1.99934 0.000261144
           7     1.99741     1.99906 0.000339791
           8     1.99647     1.99874 0.000425147
           9     1.99537     1.99837  0.00051694
          10     1.99413     1.99794 0.000614991
          11     1.99272     1.99747 0.000719195
          12     1.99116     1.99694 0.000829505
          13     1.98943     1.99636  0.00094592
          14     1.98753     1.99573  0.00106842
          15     1.98545     1.99505  0.00119704
          16     1.98319     1.99431  0.00133193
          17     1.98075     1.99351  0.00147315
          18     1.97811     1.99265  0.00162082
          19     1.97527     1.99174  0.00177511
          20     1.97221     1.99076  0.00193623
          21     1.96894     1.98972  0.00210442
          22     1.96544     1.98862  0.00227992
          23      1.9617     1.98745  0.00246299
          24     1.95771     1.98621  0.00265387
          25     1.95345      1.9849  0.00285285
          26     1.94893     1.98352  0.00306022
          27     1.94412     1.98206  0.00327627
          28     1.93902     1.98052  0.00350135
          29      1.9336      1.9789  0.00373576
          30     1.92786      1.9772  0.00397981
          31     1.92179     1.97541  0.00423382
          32     1.91537     1.97354  0.00449814
          33     1.90858     1.97157  0.00477313
          34     1.90141      1.9695  0.00505915
          35     1.89384     1.96734  0.00535656
          36     1.88587     1.96508  0.00566573
          37     1.87747     1.96271  0.00598701
          38     1.86863     1.96024   0.0063207
          39     1.85934     1.95765  0.00666712
          40     1.84958     1.95495  0.00702654
          41     1.83935     1.95213  0.00739924
          42     1.82863     1.94919  0.00778547
          43      1.8174     1.94612  0.00818543
          44     1.80567     1.94293  0.00859929
          45     1.79343     1.93961  0.00902718
          46     1.78066     1.93615  0.00946917
          47     1.76737     1.93256   0.0099253
          48     1.75356     1.92883   0.0103955
          49     1.73923     1.92496   0.0108797
          50     1.72439     1.92095   0.0113776
          51     1.70905      1.9168    0.011889
          52     1.69321      1.9125   0.0124136
          53      1.6769     1.90805   0.0129508
          54     1.66013     1.90346   0.0135003
          55     1.64294     1.89872   0.0140612
          56     1.62534     1.89384   0.0146331
          57     1.60738     1.88882   0.0152149
          58     1.58907     1.88365    0.015806
          59     1.57047     1.87834   0.0164052
          60      1.5516     1.87289   0.0170116
          61     1.53252     1.86731   0.0176241
          62     1.51326      1.8616   0.0182416
          63     1.49386     1.85577   0.0188629
          64     1.47438     1.84981   0.0194867
          65     1.45486     1.84373   0.0201119
          66     1.43534     1.83754   0.0207372
          67     1.41587     1.83125   0.0213614
          68     1.39649     1.82486   0.0219833
          69     1.37724     1.81837   0.0226016
          70     1.35817      1.8118   0.0232152
          71     1.33931     1.80514   0.0238229
          72     1.32071     1.79841   0.0244237
          73      1.3024     1.79162   0.0250164
          74     1.28441     1.78476   0.0256001
          75     1.26679     1.77786   0.0261738
          76     1.24957     1.77091   0.0267365
          77     1.23278     1.76392   0.0272874
          78     1.21646      1.7569   0.0278255
          79     1.20063     1.74986   0.0283502
          80     1.18534      1.7428   0.0288607
          81     1.17061     1.73574   0.0293562
          82     1.15648     1.72867    0.029836
          83     1.14297     1.72162   0.0302996
          84     1.13011     1.71457   0.0307462
          85     1.11794     1.70755   0.0311755
          86     1.10648     1.70057   0.0315867
          87     1.09575     1.69361   0.0319795
          88     1.08577     1.68671   0.0323535
          89     1.07657     1.67985   0.0327082
          90     1.06816     1.67305   0.0330433
          91     1.06056     1.66632   0.0333587
          92     1.05376     1.65967    0.033654
          93     1.04778     1.65309   0.0339292
          94      1.0426     1.64659   0.0341842
          95     1.03823     1.64019   0.0344189
          96     1.03464     1.63388   0.0346336
          97     1.03181     1.62767   0.0348283
          98     1.02971     1.62157   0.0350033
          99     1.02831     1.61558    0.035159
         100     1.02757      1.6097   0.0352957
         101     1.02744     1.60393   0.0354139
         102     1.02788     1.59829   0.0355141
         103     1.02883     1.59276   0.0355971
         104     1.03024     1.58735   0.0356634
         105     1.03204     1.58206   0.0357137
         106      1.0342     1.57689   0.0357488
         107     1.03664     1.57184   0.0357695
         108     1.03931     1.56691   0.0357765
         109     1.04216      1.5621   0.0357708
         110     1.04514      1.5574    0.035753
         111      1.0482     1.55281   0.0357239
         112      1.0513     1.54833   0.0356845
         113      1.0544     1.54396   0.0356354
         114     1.05746     1.53969   0.0355775
         115     1.06046     1.53553   0.0355113
         116     1.06338     1.53146   0.0354377
         117     1.06619     1.52748   0.0353572
         118     1.06888     1.52359   0.0352705
         119     1.07144     1.51979   0.0351782
         120     1.07385     1.51608   0.0350808
         121     1.07612     1.51244   0.0349788
         122     1.07825     1.50888   0.0348726
         123     1.08024      1.5054   0.0347628
         124     1.08208     1.50198   0.0346497
         125     1.08379     1.49864   0.0345336
         126     1.08538     1.49536   0.0344149
         127     1.08685     1.49214   0.0342939
         128     1.08822     1.48899   0.0341709
         129      1.0895     1.48589   0.0340461
         130     1.09069     1.48285   0.0339196
         131      1.0918     1.47986   0.0337918
         132     1.09286     1.47693   0.0336627
         133     1.09386     1.47405   0.0335326
         134     1.09483     1.47122   0.0334016
         135     1.09575     1.46844   0.0332698
         136     1.09666     1.46571   0.0331372
         137     1.09753     1.46302   0.0330042
         138     1.09839     1.46038   0.0328706
         139     1.09924     1.45778   0.0327366
         140     1.10007     1.45522   0.0326024
         141     1.10089     1.45271   0.0324678
         142     1.10169     1.45024   0.0323332
         143     1.10248     1.44781   0.0321984
         144     1.10324     1.44541   0.0320636
         145       1.104     1.44306   0.0319288
         146     1.10472     1.44074   0.0317941
         147     1.10543     1.43846   0.0316595
         148      1.1061     1.43622   0.0315251
         149     1.10675       1.434    0.031391
         150     1.10736     1.43183   0.0312572
         151     1.10794     1.42968   0.0311237
         152     1.10849     1.42757   0.0309906
         153       1.109     1.42549   0.0308579
         154     1.10949     1.42343   0.0307257
         155     1.10995     1.42141   0.0305939
         156      1.1104     1.41942   0.0304627
         157     1.11083     1.41745    0.030332
         158     1.11126     1.41552   0.0302019
         159      1.1117      1.4136   0.0300723
         160     1.11214     1.41172   0.0299433
         161     1.11261     1.40986   0.0298149
         162     1.11311     1.40803   0.0296871
         163     1.11365     1.40622   0.0295599
         164     1.11424     1.40444   0.0294332
         165     1.11487     1.40269   0.0293071
         166     1.11555     1.40096   0.0291815
         167     1.11629     1.39925   0.0290565
         168     1.11708     1.39758   0.0289321
         169     1.11791     1.39592   0.0288082
         170     1.11878     1.39429   0.0286848
         171     1.11967     1.39268    0.028562
         172     1.12058      1.3911   0.0284397
         173     1.12149     1.38954    0.028318
         174     1.12238     1.38801   0.0281968
         175     1.12324      1.3865   0.0280763
         176     1.12405       1.385   0.0279563
         177     1.12479     1.38353    0.027837
         178     1.12544     1.38208   0.0277183
         179       1.126     1.38065   0.0276004
         180     1.12643     1.37924   0.0274832
         181     1.12674     1.37785   0.0273667
         182     1.12691     1.37647    0.027251
         183     1.12693      1.3751   0.0271362
         184     1.12681     1.37375   0.0270223
         185     1.12653     1.37242   0.0269092
         186      1.1261     1.37109   0.0267971
         187     1.12552     1.36978    0.026686
         188      1.1248     1.36848   0.0265758
         189     1.12394     1.36718   0.0264667
         190     1.12296      1.3659   0.0263586
         191     1.12187     1.36462   0.0262515
         192     1.12068     1.36335   0.0261455
         193      1.1194     1.36209   0.0260406
         194     1.11806     1.36083   0.0259367
         195     1.11666     1.35958   0.0258339
         196     1.11523     1.35833   0.0257322
         197     1.11378     1.35709   0.0256315
         198     1.11232     1.35585   0.0255318
         199     1.11087     1.35462   0.0254332
         200     1.10944     1.35339   0.0253356
         201     1.10805     1.35217   0.0252389
         202      1.1067     1.35096   0.0251432
         203     1.10542     1.34975   0.0250484
         204     1.10421     1.34855   0.0249545
         205     1.10308     1.34735   0.0248615
         206     1.10204     1.34616   0.0247693
         207     1.10109     1.34497   0.0246779
         208     1.10025      1.3438   0.0245873
         209     1.09953     1.34263   0.0244975
         210     1.09892     1.34147   0.0244083
         211     1.09844     1.34032   0.0243198
         212     1.09809     1.33917   0.0242319
         213     1.09787     1.33804   0.0241446
         214      1.0978     1.33692   0.0240578
         215     1.09789     1.33581   0.0239716
         216     1.09813     1.33471   0.0238859
         217     1.09855     1.33362   0.0238006
         218     1.09914     1.33254   0.0237157
         219     1.09991     1.33148   0.0236312
         220     1.10088     1.33043    0.023547
         221     1.10204      1.3294   0.0234631
         222     1.10342     1.32838   0.0233795
         223       1.105     1.32738   0.0232961
         224     1.10679     1.32639   0.0232129
         225      1.1088     1.32543   0.0231299
         226     1.11103     1.32448    0.023047
         227     1.11346     1.32355   0.0229642
         228      1.1161     1.32264   0.0228815
         229     1.11892     1.32175   0.0227989
         230     1.12193     1.32088   0.0227163
         231      1.1251     1.32003   0.0226337
         232     1.12841     1.31921   0.0225512
         233     1.13185      1.3184   0.0224688
         234     1.13538     1.31762   0.0223864
         235       1.139     1.31686    0.022304
         236     1.14266     1.31612   0.0222217
         237     1.14634     1.31541   0.0221395
         238     1.15001     1.31471   0.0220574
         239     1.15366     1.31404   0.0219754
         240     1.15725     1.31338   0.0218935
         241     1.16076     1.31275   0.0218118
         242     1.16417     1.31214   0.0217304
         243     1.16746     1.31154   0.0216491
         244     1.17061     1.31096   0.0215681
         245     1.17361      1.3104   0.0214873
         246     1.17645     1.30986   0.0214069
         247     1.17911     1.30933   0.0213267
         248     1.18159     1.30881    0.021247
         249     1.18389     1.30831   0.0211676
         250     1.18601     1.30782   0.0210885
         251     1.18793     1.30735   0.0210099
         252     1.18967     1.30688   0.0209317
         253     1.19124     1.30642    0.020854
         254     1.19262     1.30597   0.0207767
         255     1.19384     1.30553   0.0206999
         256      1.1949      1.3051   0.0206235
         257      1.1958     1.30468   0.0205477
         258     1.19656     1.30426   0.0204723
         259     1.19718     1.30384   0.0203974
         260     1.19767     1.30344   0.0203231
         261     1.19805     1.30303   0.0202492
         262     1.19831     1.30263   0.0201759
         263     1.19848     1.30224    0.020103
         264     1.19856     1.30184   0.0200307
         265     1.19855     1.30145   0.0199589
         266     1.19846     1.30107   0.0198877
         267     1.19831     1.30068   0.0198169
         268      1.1981      1.3003   0.0197466
         269     1.19783     1.29992   0.0196769
         270     1.19751     1.29954   0.0196077
         271     1.19714     1.29916    0.019539
         272     1.19674     1.29878   0.0194708
         273      1.1963     1.29841   0.0194031
         274     1.19582     1.29803   0.0193359
         275     1.19532     1.29766   0.0192692
         276     1.19478     1.29729    0.019203
         277     1.19422     1.29692   0.0191372
         278     1.19363     1.29654    0.019072
         279     1.19301     1.29617   0.0190073
         280     1.19237      1.2958    0.018943
         281     1.19169     1.29543   0.0188792
         282     1.19099     1.29506   0.0188159
         283     1.19025     1.29469    0.018753
         284     1.18948     1.29432   0.0186907
         285     1.18867     1.29395   0.0186288
         286     1.18781     1.29358   0.0185673
         287     1.18692     1.29321   0.0185063
         288     1.18597     1.29283   0.0184458
         289     1.18497     1.29246   0.0183858
         290     1.18391     1.29209   0.0183262
         291      1.1828     1.29171   0.0182671
         292     1.18161     1.29133   0.0182084
         293     1.18037     1.29096   0.0181502
         294     1.17905     1.29058   0.0180924
         295     1.17765     1.29019   0.0180352
         296     1.17618     1.28981   0.0179783
         297     1.17464     1.28942    0.017922
         298     1.17301     1.28903   0.0178661
         299      1.1713     1.28864   0.0178107
         300     1.16952     1.28824   0.0177557
         301     1.16765     1.28784   0.0177013
         302     1.16572     1.28743   0.0176473
         303     1.16371     1.28702   0.0175938
         304     1.16164     1.28661   0.0175407
         305      1.1595      1.2862   0.0174882
         306     1.15731     1.28577   0.0174361
         307     1.15507     1.28535   0.0173845
         308     1.15278     1.28492   0.0173334
         309     1.15046     1.28448   0.0172827
         310      1.1481     1.28404   0.0172326
         311     1.14572      1.2836   0.0171829
         312     1.14333     1.28315   0.0171337
         313     1.14092     1.28269    0.017085
         314      1.1385     1.28224   0.0170368
         315     1.13608     1.28177    0.016989
         316     1.13365      1.2813   0.0169417
         317     1.13123     1.28083   0.0168949
         318     1.12881     1.28035   0.0168485
         319     1.12638     1.27987   0.0168026
         320     1.12396     1.27938   0.0167572
         321     1.12154     1.27889   0.0167122
         322     1.11912     1.27839   0.0166676
         323     1.11669     1.27789   0.0166235
         324     1.11425     1.27739   0.0165799
         325     1.11181     1.27688   0.0165367
         326     1.10935     1.27636    0.016494
         327     1.10688     1.27585   0.0164517
         328      1.1044     1.27532   0.0164098
         329      1.1019      1.2748   0.0163684
         330     1.09939     1.27426   0.0163274
         331     1.09688     1.27373   0.0162869
         332     1.09436     1.27319   0.0162468
         333     1.09183     1.27264   0.0162071
         334     1.08932     1.27209   0.0161679
         335     1.08682     1.27154   0.0161291
         336     1.08435     1.27098   0.0160907
         337     1.08191     1.27042   0.0160527
         338     1.07953     1.26986   0.0160152
         339     1.07721     1.26929    0.015978
         340     1.07497     1.26872   0.0159412
         341     1.07282     1.26814   0.0159048
         342     1.07078     1.26757   0.0158688
         343     1.06886     1.26699   0.0158331
         344     1.06707     1.26641   0.0157977
         345     1.06543     1.26582   0.0157627
         346     1.06396     1.26524   0.0157279
         347     1.06265     1.26466   0.0156934
         348     1.06153     1.26407   0.0156592
         349      1.0606     1.26349   0.0156252
         350     1.05987     1.26291   0.0155914
         351     1.05933     1.26233   0.0155577
         352     1.05901     1.26175   0.0155242
         353     1.05889     1.26118   0.0154909
         354     1.05897     1.26061   0.0154577
         355     1.05927     1.26004   0.0154245
         356     1.05977     1.25948   0.0153914
         357     1.06047     1.25892   0.0153584
         358     1.06137     1.25837   0.0153254
         359     1.06246     1.25782   0.0152925
         360     1.06373     1.25728   0.0152595
         361     1.06516     1.25675   0.0152265
         362     1.06676     1.25622   0.0151935
         363     1.06851     1.25571   0.0151604
         364      1.0704      1.2552   0.0151273
         365     1.07241      1.2547   0.0150941
         366     1.07453     1.25421   0.0150609
         367     1.07675     1.25372   0.0150277
         368     1.07905     1.25325   0.0149943
         369     1.08143     1.25278   0.0149609
         370     1.08386     1.25232   0.0149274
         371     1.08633     1.25188   0.0148939
         372     1.08883     1.25144   0.0148603
         373     1.09135     1.25101   0.0148267
         374     1.09387     1.25059    0.014793
         375     1.09638     1.25018   0.0147592
         376     1.09887     1.24978   0.0147255
         377     1.10134     1.24938   0.0146917
         378     1.10376       1.249   0.0146579
         379     1.10614     1.24862    0.014624
         380     1.10846     1.24825   0.0145902
         381     1.11073     1.24789   0.0145564
         382     1.11292     1.24754   0.0145225
         383     1.11504     1.24719   0.0144888
         384     1.11708     1.24685    0.014455
         385     1.11903     1.24652   0.0144212
         386     1.12089     1.24619   0.0143876
         387     1.12265     1.24588   0.0143539
         388     1.12432     1.24556   0.0143203
         389     1.12588     1.24525   0.0142868
         390     1.12733     1.24495   0.0142534
         391     1.12866     1.24465   0.0142201
         392     1.12987     1.24436   0.0141868
         393     1.13095     1.24407   0.0141536
         394      1.1319     1.24379   0.0141206
         395      1.1327     1.24351   0.0140876
         396     1.13335     1.24323   0.0140548
         397     1.13385     1.24295   0.0140221
         398     1.13419     1.24268   0.0139895
         399     1.13435     1.24241   0.0139571
         400     1.13434     1.24214   0.0139248
         401     1.13415     1.24187   0.0138927
         402     1.13378      1.2416   0.0138607
         403     1.13322     1.24133    0.013829
         404     1.13248     1.24106   0.0137973
         405     1.13156     1.24079   0.0137659
         406     1.13047     1.24052   0.0137347
         407      1.1292     1.24025   0.0137037
         408     1.12779     1.23997   0.0136729
         409     1.12623     1.23969   0.0136423
         410     1.12455     1.23941   0.0136119
         411     1.12277     1.23913   0.0135817
         412      1.1209     1.23884   0.0135518
         413     1.11899     1.23855   0.0135221
         414     1.11705     1.23826   0.0134926
         415     1.11512     1.23796   0.0134634
         416     1.11322     1.23766   0.0134343
         417     1.11138     1.23736   0.0134055
         418     1.10962     1.23705   0.0133769
         419     1.10797     1.23674   0.0133486
         420     1.10645     1.23643   0.0133204
         421     1.10508     1.23612   0.0132924
         422     1.10387     1.23581   0.0132646
         423     1.10281     1.23549    0.013237
         424     1.10192     1.23518   0.0132095
         425     1.10119     1.23486   0.0131822
         426      1.1006     1.23455    0.013155
         427     1.10015     1.23423   0.0131279
         428     1.09982     1.23392    0.013101
         429     1.09958     1.23361   0.0130742
         430     1.09941     1.23329   0.0130475
         431     1.09929     1.23298    0.013021
         432      1.0992     1.23267   0.0129945
         433     1.09909     1.23237   0.0129682
         434     1.09897     1.23206   0.0129419
         435      1.0988     1.23175   0.0129158
         436     1.09857     1.23145   0.0128898
         437     1.09826     1.23114   0.0128639
         438     1.09786     1.23084   0.0128381
         439     1.09736     1.23053   0.0128125
         440     1.09676     1.23023    0.012787
         441     1.09605     1.22993   0.0127616
         442     1.09525     1.22962   0.0127364
         443     1.09434     1.22932   0.0127113
         444     1.09334     1.22901   0.0126863
         445     1.09225      1.2287   0.0126615
         446     1.09108     1.22839   0.0126369
         447     1.08986     1.22808   0.0126124
         448     1.08857     1.22777   0.0125881
         449     1.08725     1.22746    0.012564
         450     1.08589     1.22714     0.01254
         451     1.08452     1.22683   0.0125162
         452     1.08314     1.22651   0.0124925
         453     1.08177     1.22619    0.012469
         454     1.08041     1.22587   0.0124457
         455     1.07907     1.22555   0.0124225
         456     1.07775     1.22522   0.0123995
         457     1.07647      1.2249   0.0123767
         458     1.07523     1.22457    0.012354
         459     1.07403     1.22424   0.0123314
         460     1.07287     1.22391    0.012309
         461     1.07176     1.22358   0.0122867
         462      1.0707     1.22325   0.0122646
         463     1.06968     1.22292   0.0122426
         464     1.06873     1.22259   0.0122207
         465     1.06782     1.22226   0.0121989
         466     1.06698     1.22192   0.0121773
         467      1.0662     1.22159   0.0121558
         468     1.06549     1.22126   0.0121344
         469     1.06485     1.22092   0.0121131
         470     1.06429     1.22059   0.0120919
         471     1.06381     1.22026   0.0120708
         472     1.06343     1.21992   0.0120498
         473     1.06314     1.21959   0.0120289
         474     1.06296     1.21926   0.0120081
         475     1.06288     1.21893   0.0119873
         476     1.06292      1.2186   0.0119666
         477     1.06306     1.21828   0.0119459
         478     1.06331     1.21795   0.0119254
         479     1.06366     1.21763   0.0119048
         480     1.06412     1.21731   0.0118843
         481     1.06466     1.21699   0.0118638
         482     1.06527     1.21668   0.0118434
         483     1.06595     1.21637    0.011823
         484     1.06668     1.21606   0.0118026
         485     1.06743     1.21575   0.0117822
         486     1.06819     1.21545   0.0117619
         487     1.06895     1.21515   0.0117416
         488     1.06967     1.21485   0.0117213
         489     1.07035     1.21455   0.0117011
         490     1.07097     1.21426   0.0116809
         491     1.07151     1.21397   0.0116607
         492     1.07194     1.21368   0.0116406
         493     1.07227      1.2134   0.0116205
         494     1.07248     1.21311   0.0116005
         495     1.07254     1.21283   0.0115805
         496     1.07247     1.21254   0.0115606
         497     1.07224     1.21226   0.0115408
         498     1.07185     1.21198   0.0115211
         499     1.07129      1.2117   0.0115014
         500     1.07057     1.21141   0.0114819
         501     1.06968     1.21113   0.0114625
         502     1.06862     1.21085   0.0114431
         503     1.06738     1.21056   0.0114239
         504     1.06598     1.21028   0.0114049
         505     1.06441     1.20999    0.011386
         506     1.06269      1.2097   0.0113672
         507     1.06081      1.2094   0.0113485
         508     1.05879     1.20911   0.0113301
         509     1.05663     1.20881   0.0113118
         510     1.05435      1.2085   0.0112936
         511     1.05196      1.2082   0.0112757
         512     1.04947     1.20789   0.0112579
         513     1.04691     1.20757   0.0112404
         514     1.04428     1.20726    0.011223
         515     1.04161     1.20693   0.0112058
         516     1.03891     1.20661   0.0111888
         517      1.0362     1.20628    0.011172
         518      1.0335     1.20594   0.0111554
         519     1.03083     1.20561    0.011139
         520     1.02818     1.20527   0.0111228
         521     1.02559     1.20492   0.0111068
         522     1.02305     1.20457    0.011091
         523     1.02059     1.20422   0.0110754
         524      1.0182     1.20387     0.01106
         525     1.01588     1.20351   0.0110447
         526     1.01365     1.20315   0.0110296
         527     1.01149     1.20278   0.0110146
         528     1.00941     1.20242   0.0109999
         529      1.0074     1.20205   0.0109853
         530     1.00546     1.20168   0.0109708
         531     1.00359      1.2013   0.0109565
         532     1.00179     1.20093   0.0109423
         533     1.00004     1.20055   0.0109282
         534    0.998365     1.20017   0.0109143
         535    0.996749     1.19979   0.0109006
         536    0.995199     1.19941   0.0108869
         537    0.993719     1.19903   0.0108734
         538    0.992315     1.19864   0.0108599
         539    0.990994     1.19826   0.0108466
         540    0.989766     1.19787   0.0108334
         541    0.988642     1.19749   0.0108203
         542    0.987633      1.1971   0.0108072
         543     0.98675     1.19671   0.0107943
         544    0.986004     1.19632   0.0107814
         545    0.985408     1.19594   0.0107686
         546    0.984974     1.19555   0.0107558
         547    0.984715     1.19517    0.010743
         548    0.984636     1.19478   0.0107303
         549    0.984748      1.1944   0.0107175
         550    0.985058     1.19402   0.0107048
         551    0.985571     1.19364   0.0106921
         552     0.98629     1.19326   0.0106793
         553    0.987217     1.19289   0.0106665
         554    0.988352     1.19252   0.0106536
         555    0.989693     1.19216   0.0106407
         556    0.991238      1.1918   0.0106277
         557    0.992981     1.19144   0.0106146
         558    0.994916     1.19109   0.0106014
         559    0.997038     1.19074   0.0105881
         560    0.999338      1.1904   0.0105747
         561     1.00181     1.19006   0.0105612
         562     1.00443     1.18973   0.0105476
         563      1.0072     1.18941   0.0105338
         564     1.01011     1.18909     0.01052
         565     1.01315     1.18878   0.0105059
         566     1.01629     1.18847   0.0104918
         567     1.01954     1.18818   0.0104775
         568     1.02288     1.18788   0.0104631
         569      1.0263      1.1876   0.0104486
         570     1.02978     1.18732   0.0104339
         571     1.03333     1.18705   0.0104191
         572     1.03692     1.18679   0.0104042
         573     1.04055     1.18654   0.0103892
         574     1.04421     1.18629   0.0103741
         575     1.04789     1.18605   0.0103588
         576     1.05159     1.18581   0.0103435
         577      1.0553     1.18559    0.010328
         578     1.05901     1.18537   0.0103125
         579     1.06273     1.18516   0.0102968
         580     1.06645     1.18495   0.0102811
         581     1.07017     1.18475   0.0102653
         582     1.07389     1.18456   0.0102494
         583     1.07761     1.18438   0.0102335
         584     1.08132      1.1842   0.0102175
         585     1.08504     1.18403   0.0102014
         586     1.08876     1.18387   0.0101853
         587     1.09248     1.18372   0.0101692
         588     1.09621     1.18357    0.010153
         589     1.09993     1.18343   0.0101367
         590     1.10366     1.18329   0.0101204
         591     1.10738     1.18316   0.0101041
         592      1.1111     1.18304   0.0100878
         593      1.1148     1.18293   0.0100714
         594     1.11849     1.18282   0.0100551
         595     1.12215     1.18271   0.0100387
         596     1.12578     1.18262   0.0100223
         597     1.12936     1.18253   0.0100059
         598     1.13288     1.18245  0.00998951
         599     1.13632     1.18237  0.00997313
         600     1.13969      1.1823  0.00995676
         601     1.14295     1.18223  0.00994041
         602     1.14611     1.18217  0.00992408
         603     1.14914     1.18212  0.00990777
         604     1.15205     1.18207  0.00989149
         605     1.15481     1.18202  0.00987525
         606     1.15742     1.18198  0.00985903
         607     1.15987     1.18195  0.00984286
         608     1.16216     1.18191  0.00982672
         609     1.16428     1.18189  0.00981063
         610     1.16622     1.18186  0.00979458
         611       1.168     1.18184  0.00977858
         612      1.1696     1.18182  0.00976262
         613     1.17104      1.1818  0.00974671
         614     1.17232     1.18178  0.00973085
         615     1.17345     1.18177  0.00971503
         616     1.17443     1.18176  0.00969927
         617     1.17528     1.18175  0.00968356
         618       1.176     1.18174  0.00966789
         619      1.1766     1.18173  0.00965228
         620     1.17711     1.18172  0.00963671
         621     1.17752     1.18172  0.00962119
         622     1.17786     1.18171  0.00960573
         623     1.17813      1.1817  0.00959031
         624     1.17835      1.1817  0.00957494
         625     1.17852     1.18169  0.00955963
         626     1.17865     1.18169  0.00954436
         627     1.17876     1.18168  0.00952913
         628     1.17884     1.18168  0.00951396
         629      1.1789     1.18168  0.00949884
         630     1.17895     1.18167  0.00948376
         631     1.17899     1.18167  0.00946873
         632     1.17901     1.18166  0.00945375
         633     1.17902     1.18166  0.00943882
         634     1.17902     1.18165  0.00942393
         635     1.17901     1.18165  0.00940909
         636     1.17897     1.18165   0.0093943
         637     1.17892     1.18164  0.00937955
         638     1.17883     1.18164  0.00936485
         639     1.17872     1.18163   0.0093502
         640     1.17858     1.18163  0.00933559
         641      1.1784     1.18162  0.00932102
         642     1.17818     1.18162  0.00930651
         643     1.17792     1.18161  0.00929204
         644     1.17763     1.18161  0.00927761
         645      1.1773      1.1816  0.00926323
         646     1.17694     1.18159  0.00924889
         647     1.17655     1.18158   0.0092346
         648     1.17613     1.18158  0.00922035
         649     1.17569     1.18157  0.00920615
         650     1.17524     1.18156  0.00919199
         651     1.17479     1.18155  0.00917788
         652     1.17433     1.18154  0.00916381
         653     1.17389     1.18152  0.00914978
         654     1.17346     1.18151   0.0091358
         655     1.17306      1.1815  0.00912186
         656     1.17268     1.18148  0.00910797
         657     1.17234     1.18147  0.00909411
         658     1.17204     1.18146   0.0090803
         659     1.17177     1.18144  0.00906654
         660     1.17153     1.18143  0.00905281
         661     1.17134     1.18141  0.00903913
         662     1.17118      1.1814  0.00902549
         663     1.17104     1.18138  0.00901189
         664     1.17093     1.18136  0.00899833
         665     1.17084     1.18135  0.00898481
         666     1.17075     1.18133  0.00897134
         667     1.17066     1.18132   0.0089579
         668     1.17057      1.1813   0.0089445
         669     1.17046     1.18128  0.00893115
         670     1.17033     1.18127  0.00891783
         671     1.17017     1.18125  0.00890456
         672     1.16999     1.18123  0.00889132
         673     1.16976     1.18122  0.00887813
         674     1.16951      1.1812  0.00886497
         675     1.16921     1.18118  0.00885186
         676     1.16888     1.18116  0.00883878
         677     1.16852     1.18115  0.00882575
         678     1.16813     1.18113  0.00881275
         679     1.16772     1.18111  0.00879979
         680     1.16728     1.18109  0.00878688
         681     1.16684     1.18107    0.008774
         682      1.1664     1.18104  0.00876116
         683     1.16597     1.18102  0.00874836
         684     1.16556       1.181   0.0087356
         685     1.16517     1.18098  0.00872288
         686     1.16483     1.18095  0.00871019
         687     1.16454     1.18093  0.00869755
         688      1.1643      1.1809  0.00868494
         689     1.16414     1.18088  0.00867237
         690     1.16405     1.18086  0.00865983
         691     1.16405     1.18083  0.00864733
         692     1.16415     1.18081  0.00863487
         693     1.16435     1.18078  0.00862244
         694     1.16465     1.18076  0.00861005
         695     1.16506     1.18074  0.00859769
         696     1.16558     1.18072  0.00858537
         697     1.16621      1.1807  0.00857307
         698     1.16696     1.18068  0.00856082
         699     1.16781     1.18066  0.00854859
         700     1.16878     1.18064  0.00853639
         701     1.16984     1.18062  0.00852423
         702     1.17099     1.18061   0.0085121
         703     1.17223      1.1806      0.0085
         704     1.17354     1.18059  0.00848793
         705     1.17491     1.18058  0.00847589
         706     1.17633     1.18058  0.00846389
         707     1.17779     1.18057  0.00845192
         708     1.17927     1.18057  0.00843998
         709     1.18076     1.18057  0.00842808
         710     1.18224     1.18057  0.00841621
         711     1.18369     1.18058  0.00840437
         712     1.18511     1.18058  0.00839257
         713     1.18647     1.18059   0.0083808
         714     1.18776      1.1806  0.00836907
         715     1.18897     1.18061  0.00835737
         716     1.19007     1.18063  0.00834571
         717     1.19107     1.18064  0.00833409
         718     1.19193     1.18066  0.00832249
         719     1.19267     1.18067  0.00831094
         720     1.19325     1.18069  0.00829941
         721     1.19368     1.18071  0.00828792
         722     1.19396     1.18073  0.00827646
         723     1.19407     1.18075  0.00826503
         724     1.19401     1.18076  0.00825364
         725     1.19378     1.18078  0.00824227
         726     1.19339      1.1808  0.00823094
         727     1.19283     1.18082  0.00821963
         728     1.19211     1.18083  0.00820836
         729     1.19123     1.18085  0.00819711
         730      1.1902     1.18086  0.00818589
         731     1.18904     1.18087   0.0081747
         732     1.18774     1.18088  0.00816354
         733     1.18632     1.18089   0.0081524
         734      1.1848     1.18089   0.0081413
         735     1.18318     1.18089  0.00813022
         736     1.18148      1.1809  0.00811918
         737     1.17971     1.18089  0.00810816
         738     1.17789     1.18089  0.00809717
         739     1.17604     1.18088  0.00808622
         740     1.17417     1.18087   0.0080753
         741      1.1723     1.18086  0.00806441
         742     1.17044     1.18085  0.00805355
         743     1.16861     1.18083  0.00804273
         744     1.16684     1.18081  0.00803194
         745     1.16512     1.18079  0.00802119
         746     1.16349     1.18077  0.00801047
         747     1.16195     1.18074  0.00799979
         748     1.16051     1.18072  0.00798914
         749     1.15919     1.18069  0.00797852
         750       1.158     1.18066  0.00796794
         751     1.15696     1.18063  0.00795739
         752     1.15605     1.18059  0.00794688
         753      1.1553     1.18056   0.0079364
         754      1.1547     1.18053  0.00792595
         755     1.15426     1.18049  0.00791552
         756     1.15397     1.18046  0.00790513
         757     1.15384     1.18042  0.00789477
         758     1.15385     1.18039  0.00788443
         759     1.15401     1.18035  0.00787412
         760     1.15429     1.18032  0.00786383
         761      1.1547     1.18028  0.00785357
         762      1.1552     1.18025  0.00784333
         763     1.15581     1.18022  0.00783312
         764     1.15648     1.18019  0.00782293
         765     1.15723     1.18016  0.00781276
         766     1.15801     1.18013  0.00780261
         767     1.15883      1.1801  0.00779249
         768     1.15967     1.18007  0.00778239
         769      1.1605     1.18005  0.00777231
         770     1.16133     1.18002  0.00776225
         771     1.16213        1.18  0.00775222
         772     1.16289     1.17998  0.00774221
         773     1.16361     1.17996  0.00773222
         774     1.16428     1.17994  0.00772226
         775     1.16488     1.17992  0.00771232
         776     1.16542      1.1799   0.0077024
         777      1.1659     1.17988  0.00769251
         778      1.1663     1.17986  0.00768265
         779     1.16662     1.17985   0.0076728
         780     1.16687     1.17983  0.00766298
         781     1.16705     1.17981  0.00765319
         782     1.16715      1.1798  0.00764342
         783     1.16718     1.17978  0.00763367
         784     1.16714     1.17976  0.00762395
         785     1.16704     1.17975  0.00761426
         786     1.16688     1.17973  0.00760459
         787     1.16666     1.17972  0.00759495
         788      1.1664      1.1797  0.00758533
         789      1.1661     1.17968  0.00757573
         790     1.16576     1.17966  0.00756616
         791      1.1654     1.17965  0.00755662
         792     1.16502     1.17963   0.0075471
         793     1.16464     1.17961  0.00753761
         794     1.16426     1.17959  0.00752814
         795     1.16389     1.17957  0.00751869
         796     1.16354     1.17955  0.00750928
         797     1.16323     1.17953  0.00749988
         798     1.16297     1.17951  0.00749051
         799     1.16276     1.17949  0.00748117
         800     1.16262     1.17947  0.00747185
         801     1.16255     1.17944  0.00746255
         802     1.16256     1.17942  0.00745327
         803     1.16266      1.1794  0.00744402
         804     1.16284     1.17938  0.00743479
         805     1.16312     1.17936  0.00742558
         806      1.1635     1.17934  0.00741639
         807     1.16397     1.17932  0.00740723
         808     1.16453     1.17931  0.00739808
         809     1.16518     1.17929  0.00738896
         810     1.16592     1.17927  0.00737986
         811     1.16674     1.17926  0.00737077
         812     1.16763     1.17924  0.00736171
         813     1.16858     1.17923  0.00735267
         814     1.16959     1.17922  0.00734364
         815     1.17063     1.17921  0.00733464
         816      1.1717      1.1792  0.00732566
         817     1.17279     1.17919  0.00731669
         818     1.17388     1.17918  0.00730775
         819     1.17497     1.17918  0.00729883
         820     1.17605     1.17917  0.00728993
         821      1.1771     1.17917  0.00728105
         822     1.17812     1.17917  0.00727219
         823     1.17909     1.17917  0.00726336
         824     1.18002     1.17917  0.00725454
         825      1.1809     1.17917  0.00724575
         826     1.18171     1.17918  0.00723698
         827     1.18247     1.17918  0.00722823
         828     1.18316     1.17918   0.0072195
         829      1.1838     1.17919  0.00721079
         830     1.18437      1.1792  0.00720211
         831     1.18488      1.1792  0.00719345
         832     1.18533     1.17921   0.0071848
         833     1.18572     1.17922  0.00717618
         834     1.18607     1.17923  0.00716758
         835     1.18637     1.17924    0.007159
         836     1.18663     1.17924  0.00715045
         837     1.18686     1.17925  0.00714191
         838     1.18706     1.17926  0.00713339
         839     1.18724     1.17927   0.0071249
         840      1.1874     1.17928  0.00711642
         841     1.18756     1.17929  0.00710797
         842     1.18771      1.1793  0.00709953
         843     1.18787     1.17931  0.00709112
         844     1.18803     1.17932  0.00708272
         845     1.18821     1.17933  0.00707435
         846     1.18842     1.17934    0.007066
         847     1.18865     1.17935  0.00705766
         848     1.18892     1.17937  0.00704935
         849     1.18922     1.17938  0.00704105
         850     1.18957     1.17939  0.00703278
         851     1.18996      1.1794  0.00702453
         852      1.1904     1.17941  0.00701629
         853      1.1909     1.17943  0.00700808
         854     1.19145     1.17944  0.00699989
         855     1.19206     1.17946  0.00699172
         856     1.19272     1.17947  0.00698357
         857     1.19345     1.17949  0.00697544
         858     1.19423     1.17951  0.00696733
         859     1.19507     1.17952  0.00695924
         860     1.19596     1.17954  0.00695118
         861     1.19691     1.17956  0.00694313
         862     1.19789     1.17958  0.00693511
         863     1.19892     1.17961  0.00692711
         864     1.19999     1.17963  0.00691913
         865     1.20108     1.17966  0.00691118
         866     1.20219     1.17968  0.00690325
         867     1.20331     1.17971  0.00689534
         868     1.20444     1.17974  0.00688745
         869     1.20555     1.17977  0.00687959
         870     1.20665      1.1798  0.00687175
         871     1.20772     1.17983  0.00686394
         872     1.20875     1.17986  0.00685615
         873     1.20973      1.1799  0.00684838
         874     1.21064     1.17993  0.00684063
         875     1.21149     1.17997  0.00683291
         876     1.21225        1.18  0.00682521
         877     1.21293     1.18004  0.00681753
         878      1.2135     1.18008  0.00680987
         879     1.21396     1.18012  0.00680223
         880      1.2143     1.18016  0.00679462
         881     1.21452      1.1802  0.00678701
         882     1.21461     1.18024  0.00677943
         883     1.21456     1.18027  0.00677187
         884     1.21437     1.18031  0.00676431
         885     1.21404     1.18035  0.00675678
         886     1.21356     1.18039  0.00674926
         887     1.21294     1.18043  0.00674175
         888     1.21217     1.18046  0.00673425
         889     1.21125      1.1805  0.00672676
         890     1.21018     1.18053  0.00671929
         891     1.20897     1.18056  0.00671182
         892     1.20762     1.18059  0.00670437
         893     1.20613     1.18062  0.00669692
         894     1.20449     1.18065  0.00668948
         895     1.20272     1.18067  0.00668205
         896     1.20082     1.18069  0.00667463
         897     1.19878     1.18071  0.00666722
         898     1.19661     1.18073  0.00665982
         899     1.19432     1.18075  0.00665243
         900     1.19189     1.18076  0.00664505
         901     1.18934     1.18077  0.00663768
         902     1.18666     1.18078  0.00663033
         903     1.18384     1.18078  0.00662299
         904      1.1809     1.18078  0.00661566
         905     1.17782     1.18078  0.00660835
         906      1.1746     1.18077  0.00660106
         907     1.17123     1.18076  0.00659379
         908     1.16772     1.18074  0.00658654
         909     1.16405     1.18073  0.00657932
         910     1.16023      1.1807  0.00657213
         911     1.15624     1.18068  0.00656497
         912     1.15208     1.18065  0.00655785
         913     1.14774     1.18061  0.00655077
         914     1.14321     1.18057  0.00654373
         915      1.1385     1.18052  0.00653674
         916     1.13359     1.18047   0.0065298
         917     1.12849     1.18041  0.00652293
         918     1.12319     1.18035  0.00651612
         919     1.11769     1.18028  0.00650938
         920     1.11199     1.18021  0.00650273
         921      1.1061     1.18013  0.00649617
         922     1.10001     1.18004  0.00648971
         923     1.09375     1.17995  0.00648335
         924      1.0873     1.17985  0.00647711
         925      1.0807     1.17974  0.00647099
         926     1.07395     1.17963  0.00646501
         927     1.06706     1.17951  0.00645918
         928     1.06006     1.17938   0.0064535
         929     1.05298     1.17924  0.00644799
         930     1.04584      1.1791  0.00644265
         931     1.03867     1.17895  0.00643749
         932      1.0315     1.17879  0.00643253
         933     1.02438     1.17862  0.00642776
         934     1.01733     1.17845   0.0064232
         935      1.0104     1.17827  0.00641885
         936     1.00364     1.17808   0.0064147
         937    0.997077     1.17789  0.00641076
         938    0.990761     1.17769  0.00640703
         939    0.984731     1.17749   0.0064035
         940    0.979026     1.17727  0.00640017
         941    0.973682     1.17706  0.00639702
         942    0.968729     1.17684  0.00639405
         943    0.964196     1.17661  0.00639125
         944    0.960104     1.17638  0.00638859
         945    0.956467     1.17615  0.00638607
         946    0.953297     1.17591  0.00638366
         947    0.950596     1.17568  0.00638135
         948    0.948366     1.17544  0.00637912
         949    0.946601     1.17519  0.00637696
         950    0.945294     1.17495  0.00637484
         951    0.944433     1.17471  0.00637274
         952    0.944008     1.17447  0.00637065
         953    0.944005     1.17423  0.00636856
         954    0.944416     1.17399  0.00636643
         955    0.945229     1.17375  0.00636427
         956    0.946435     1.17351  0.00636205
         957    0.948028     1.17327  0.00635977
         958    0.950003     1.17304   0.0063574
         959    0.952357     1.17281  0.00635493
         960    0.955087     1.17258  0.00635236
         961    0.958192     1.17236  0.00634966
         962    0.961672     1.17214  0.00634684
         963    0.965525     1.17193  0.00634387
         964    0.969747     1.17172  0.00634076
         965    0.974336     1.17151  0.00633749
         966    0.979285     1.17131  0.00633405
         967    0.984586     1.17112  0.00633044
         968     0.99023     1.17093  0.00632666
         969    0.996203     1.17075   0.0063227
         970     1.00249     1.17058  0.00631856
         971     1.00907     1.17041  0.00631424
         972     1.01592     1.17025  0.00630975
         973     1.02301      1.1701  0.00630508
         974     1.03032     1.16996  0.00630024
         975     1.03781     1.16982  0.00629523
         976     1.04545      1.1697  0.00629007
         977     1.05321     1.16958  0.00628476
         978     1.06104     1.16947  0.00627932
         979      1.0689     1.16936  0.00627374
         980     1.07677     1.16927  0.00626805
         981     1.08459     1.16918  0.00626226
         982     1.09233      1.1691  0.00625637
         983     1.09995     1.16903   0.0062504
         984     1.10741     1.16897  0.00624436
         985     1.11468     1.16892  0.00623827
         986     1.12172     1.16887  0.00623212
         987     1.12851     1.16883  0.00622594
         988     1.13501     1.16879  0.00621974
         989      1.1412     1.16876  0.00621351
         990     1.14705     1.16874  0.00620727
         991     1.15255     1.16873  0.00620103
         992     1.15767     1.16872  0.00619479
         993     1.16242     1.16871  0.00618855
         994     1.16676     1.16871  0.00618233
         995     1.17071     1.16871  0.00617612
         996     1.17425     1.16871  0.00616992
         997     1.17738     1.16872  0.00616373
         998      1.1801     1.16873  0.00615757
         999     1.18242     1.16875  0.00615142
        1000     1.18434     1.16876  0.00614529
        1001     1.18587     1.16878  0.00613917
        1002     1.18702      1.1688  0.00613307
        1003      1.1878     1.16882  0.00612699
        1004     1.18824     1.16884  0.00612092
        1005     1.18833     1.16886  0.00611486
        1006     1.18811     1.16888  0.00610881
        1007     1.18758     1.16889  0.00610277
        1008     1.18677     1.16891  0.00609674
        1009     1.18568     1.16893  0.00609072
        1010     1.18435     1.16894  0.00608471
        1011     1.18278     1.16896  0.00607871
        1012     1.18099     1.16897  0.00607271
        1013       1.179     1.16898  0.00606673
        1014     1.17682     1.16899  0.00606075
        1015     1.17446     1.16899  0.00605478
        1016     1.17194       1.169  0.00604882
        1017     1.16926       1.169  0.00604287
        1018     1.16644     1.16899  0.00603694
        1019     1.16348     1.16899  0.00603101
        1020      1.1604     1.16898  0.00602511
        1021     1.15719     1.16897  0.00601922
        1022     1.15387     1.16895  0.00601335
        1023     1.15044     1.16894   0.0060075
        1024     1.14691     1.16891  0.00600167
        1025     1.14328     1.16889  0.00599586
        1026     1.13956     1.16886  0.00599009
        1027     1.13577     1.16883  0.00598434
        1028     1.13191     1.16879  0.00597863
        1029       1.128     1.16875  0.00597295
        1030     1.12404     1.16871  0.00596731
        1031     1.12005     1.16866  0.00596171
        1032     1.11606     1.16861  0.00595615
        1033     1.11208     1.16856  0.00595063
        1034     1.10812      1.1685  0.00594517
        1035     1.10421     1.16844  0.00593975
        1036     1.10038     1.16837  0.00593438
        1037     1.09664      1.1683  0.00592906
        1038     1.09302     1.16823  0.00592379
        1039     1.08955     1.16815  0.00591857
        1040     1.08625     1.16807   0.0059134
        1041     1.08316     1.16799  0.00590829
        1042     1.08029     1.16791  0.00590322
        1043     1.07768     1.16782  0.00589819
        1044     1.07534     1.16773   0.0058932
        1045     1.07329     1.16764  0.00588826
        1046     1.07157     1.16755  0.00588335
        1047     1.07018     1.16746  0.00587846
        1048     1.06915     1.16736   0.0058736
        1049     1.06848     1.16727  0.00586876
        1050     1.06818     1.16718  0.00586393
        1051     1.06827     1.16708   0.0058591
        1052     1.06874     1.16699  0.00585428
        1053     1.06959      1.1669  0.00584945
        1054     1.07082      1.1668  0.00584461
        1055     1.07243     1.16671  0.00583975
        1056     1.07439     1.16663  0.00583488
        1057      1.0767     1.16654  0.00582998
        1058     1.07933     1.16646  0.00582505
        1059     1.08228     1.16638  0.00582009
        1060     1.08551      1.1663   0.0058151
        1061       1.089     1.16623  0.00581008
        1062     1.09273     1.16616  0.00580502
        1063     1.09667      1.1661  0.00579993
        1064     1.10078     1.16603   0.0057948
        1065     1.10504     1.16598  0.00578964
        1066     1.10943     1.16592  0.00578445
        1067      1.1139     1.16588  0.00577924
        1068     1.11844     1.16583    0.005774
        1069     1.12301     1.16579  0.00576874
        1070     1.12758     1.16576  0.00576345
        1071     1.13213     1.16572  0.00575816
        1072     1.13664      1.1657  0.00575285
        1073     1.14106     1.16567  0.00574754
        1074     1.14539     1.16566  0.00574222
        1075     1.14959     1.16564  0.00573689
        1076     1.15365     1.16563  0.00573157
        1077     1.15754     1.16562  0.00572626
        1078     1.16125     1.16562  0.00572094
        1079     1.16476     1.16562  0.00571564
        1080     1.16806     1.16562  0.00571035
        1081     1.17112     1.16562  0.00570507
        1082     1.17395     1.16563   0.0056998
        1083     1.17652     1.16564  0.00569455
        1084     1.17883     1.16565  0.00568931
        1085     1.18088     1.16567  0.00568408
        1086     1.18266     1.16568  0.00567887
        1087     1.18417      1.1657  0.00567367
        1088      1.1854     1.16572  0.00566849
        1089     1.18636     1.16574  0.00566331
        1090     1.18706     1.16576  0.00565815
        1091     1.18749     1.16578    0.005653
        1092     1.18766      1.1658  0.00564786
        1093     1.18759     1.16582  0.00564273
        1094     1.18727     1.16584   0.0056376
        1095     1.18673     1.16586  0.00563249
        1096     1.18596     1.16587  0.00562738
        1097     1.18499     1.16589  0.00562227
        1098     1.18383     1.16591  0.00561718
        1099     1.18249     1.16592  0.00561209
        1100     1.18099     1.16594    0.005607
        1101     1.17934     1.16595  0.00560192
        1102     1.17757     1.16596  0.00559685
        1103     1.17568     1.16597  0.00559178
        1104      1.1737     1.16598  0.00558672
        1105     1.17163     1.16598  0.00558167
        1106     1.16951     1.16598  0.00557662
        1107     1.16735     1.16599  0.00557158
        1108     1.16515     1.16598  0.00556655
        1109     1.16295     1.16598  0.00556154
        1110     1.16074     1.16598  0.00555653
        1111     1.15856     1.16597  0.00555153
        1112      1.1564     1.16596  0.00554654
        1113     1.15429     1.16595  0.00554157
        1114     1.15224     1.16594  0.00553661
        1115     1.15025     1.16592  0.00553166
        1116     1.14833     1.16591  0.00552673
        1117     1.14649     1.16589  0.00552181
        1118     1.14474     1.16587   0.0055169
        1119     1.14307     1.16585  0.00551201
        1120     1.14149     1.16583  0.00550713
        1121        1.14     1.16581  0.00550227
        1122      1.1386     1.16578  0.00549741
        1123     1.13728     1.16576  0.00549258
        1124     1.13604     1.16573  0.00548776
        1125     1.13488      1.1657  0.00548295
        1126     1.13378     1.16568  0.00547815
        1127     1.13274     1.16565  0.00547337
        1128     1.13175     1.16562   0.0054686
        1129      1.1308     1.16559  0.00546384
        1130     1.12989     1.16555   0.0054591
        1131     1.12899     1.16552  0.00545437
        1132     1.12811     1.16549  0.00544965
        1133     1.12722     1.16545  0.00544494
        1134     1.12634     1.16542  0.00544025
        1135     1.12543     1.16539  0.00543557
        1136     1.12451     1.16535   0.0054309
        1137     1.12356     1.16531  0.00542625
        1138     1.12258     1.16527  0.00542161
        1139     1.12155     1.16524  0.00541699
        1140     1.12049      1.1652  0.00541238
        1141     1.11938     1.16516  0.00540779
        1142     1.11823     1.16512  0.00540321
        1143     1.11704     1.16507  0.00539864
        1144     1.11581     1.16503   0.0053941
        1145     1.11454     1.16499  0.00538957
        1146     1.11325     1.16494  0.00538505
        1147     1.11192      1.1649  0.00538055
        1148     1.11058     1.16485  0.00537608
        1149     1.10923      1.1648  0.00537161
        1150     1.10787     1.16475  0.00536717
        1151     1.10653      1.1647  0.00536275
        1152     1.10519     1.16465  0.00535834
        1153     1.10389      1.1646  0.00535395
        1154     1.10262     1.16454  0.00534958
        1155      1.1014     1.16449  0.00534523
        1156     1.10023     1.16443   0.0053409
        1157     1.09912     1.16437  0.00533658
        1158     1.09809     1.16432  0.00533228
        1159     1.09714     1.16426  0.00532799
        1160     1.09627      1.1642  0.00532372
        1161     1.09549     1.16414  0.00531946
        1162      1.0948     1.16408  0.00531522
        1163     1.09421     1.16402  0.00531099
        1164     1.09371     1.16396  0.00530677
        1165     1.09331      1.1639  0.00530256
        1166     1.09299     1.16384  0.00529836
        1167     1.09276     1.16378  0.00529417
        1168     1.09261     1.16372  0.00528999
        1169     1.09254     1.16366  0.00528582
        1170     1.09253      1.1636  0.00528165
        1171     1.09259     1.16354  0.00527748
        1172      1.0927     1.16348  0.00527333
        1173     1.09286     1.16342  0.00526918
        1174     1.09305     1.16336  0.00526503
        1175     1.09328      1.1633  0.00526089
        1176     1.09353     1.16324  0.00525675
        1177      1.0938     1.16318  0.00525261
        1178     1.09407     1.16312  0.00524848
        1179     1.09435     1.16306  0.00524435
        1180     1.09463       1.163  0.00524023
        1181      1.0949     1.16294  0.00523611
        1182     1.09516     1.16289  0.00523199
        1183      1.0954     1.16283  0.00522788
        1184     1.09564     1.16277  0.00522377
        1185     1.09586     1.16272  0.00521967
        1186     1.09607     1.16266  0.00521557
        1187     1.09626      1.1626  0.00521148
        1188     1.09645     1.16255  0.00520739
        1189     1.09663     1.16249   0.0052033
        1190     1.09682     1.16244  0.00519922
        1191     1.09701     1.16238  0.00519515
        1192     1.09722     1.16233  0.00519108
        1193     1.09746     1.16227  0.00518701
        1194     1.09773     1.16222  0.00518295
        1195     1.09804     1.16217  0.00517889
        1196      1.0984     1.16211  0.00517484
        1197     1.09882     1.16206  0.00517078
        1198     1.09931     1.16201  0.00516673
        1199     1.09987     1.16196  0.00516268
        1200     1.10052     1.16191  0.00515863
        1201     1.10126     1.16185  0.00515459
        1202     1.10209     1.16181  0.00515054
        1203     1.10302     1.16176  0.00514649
        1204     1.10404     1.16171  0.00514244
        1205     1.10515     1.16166  0.00513838
        1206     1.10635     1.16162  0.00513433
        1207     1.10764     1.16157  0.00513027
        1208       1.109     1.16153  0.00512621
        1209     1.11043     1.16149  0.00512214
        1210     1.11193     1.16144  0.00511807
        1211     1.11347      1.1614    0.005114
        1212     1.11505     1.16137  0.00510992
        1213     1.11665     1.16133  0.00510584
        1214     1.11828     1.16129  0.00510176
        1215     1.11991     1.16126  0.00509767
        1216     1.12154     1.16123  0.00509359
        1217     1.12316      1.1612   0.0050895
        1218     1.12476     1.16117  0.00508541
        1219     1.12634     1.16114  0.00508131
        1220      1.1279     1.16111  0.00507722
        1221     1.12942     1.16108  0.00507313
        1222     1.13092     1.16106  0.00506904
        1223     1.13238     1.16104  0.00506495
        1224     1.13382     1.16101  0.00506086
        1225     1.13521     1.16099  0.00505677
        1226     1.13658     1.16097  0.00505269
        1227     1.13791     1.16095   0.0050486
        1228     1.13921     1.16094  0.00504452
        1229     1.14048     1.16092  0.00504045
        1230     1.14173      1.1609  0.00503637
        1231     1.14294     1.16089   0.0050323
        1232     1.14411     1.16088  0.00502824
        1233     1.14526     1.16086  0.00502417
        1234     1.14636     1.16085  0.00502012
        1235     1.14743     1.16084  0.00501606
        1236     1.14846     1.16083  0.00501201
        1237     1.14944     1.16082  0.00500797
        1238     1.15037     1.16081  0.00500393
        1239     1.15125     1.16081   0.0049999
        1240     1.15207      1.1608  0.00499587
        1241     1.15282     1.16079  0.00499185
        1242      1.1535     1.16079  0.00498784
        1243     1.15411     1.16078  0.00498383
        1244     1.15463     1.16078  0.00497982
        1245     1.15507     1.16077  0.00497582
        1246     1.15543     1.16077  0.00497183
        1247     1.15568     1.16076  0.00496785
        1248     1.15584     1.16076  0.00496387
        1249      1.1559     1.16075   0.0049599
        1250     1.15586     1.16075  0.00495593
        1251     1.15571     1.16075  0.00495197
        1252     1.15546     1.16074  0.00494802
        1253      1.1551     1.16074  0.00494407
        1254     1.15464     1.16073  0.00494013
        1255     1.15408     1.16073   0.0049362
        1256     1.15341     1.16072  0.00493227
        1257     1.15266     1.16072  0.00492835
        1258     1.15181     1.16071  0.00492444
        1259     1.15088      1.1607  0.00492053
        1260     1.14986     1.16069  0.00491663
        1261     1.14878     1.16068  0.00491274
        1262     1.14762     1.16067  0.00490886
        1263     1.14641     1.16066  0.00490499
        1264     1.14515     1.16065  0.00490112
        1265     1.14385     1.16064  0.00489727
        1266     1.14252     1.16062  0.00489342
        1267     1.14116     1.16061  0.00488958
        1268     1.13979     1.16059  0.00488575
        1269     1.13841     1.16057  0.00488193
        1270     1.13704     1.16055  0.00487812
        1271     1.13568     1.16053  0.00487433
        1272     1.13433     1.16051  0.00487054
        1273     1.13302     1.16049  0.00486676
        1274     1.13173     1.16047  0.00486299
        1275     1.13049     1.16045  0.00485923
        1276      1.1293     1.16042  0.00485549
        1277     1.12817      1.1604  0.00485175
        1278     1.12709     1.16037  0.00484802
        1279     1.12608     1.16034  0.00484431
        1280     1.12514     1.16032   0.0048406
        1281     1.12427     1.16029   0.0048369
        1282     1.12348     1.16026  0.00483322
        1283     1.12277     1.16023  0.00482954
        1284     1.12214      1.1602  0.00482587
        1285     1.12159     1.16017  0.00482221
        1286     1.12112     1.16014  0.00481855
        1287     1.12073     1.16011   0.0048149
        1288     1.12042     1.16008  0.00481127
        1289     1.12018     1.16005  0.00480763
        1290     1.12002     1.16002  0.00480401
        1291     1.11994     1.15998  0.00480038
        1292     1.11992     1.15995  0.00479677
        1293     1.11997     1.15992  0.00479316
        1294     1.12009     1.15989  0.00478955
        1295     1.12026     1.15986  0.00478595
        1296     1.12049     1.15983  0.00478236
        1297     1.12077      1.1598  0.00477876
        1298     1.12108     1.15977  0.00477518
        1299     1.12144     1.15974  0.00477159
        1300     1.12183     1.15971  0.00476801
        1301     1.12225     1.15968  0.00476443
        1302     1.12268     1.15966  0.00476086
        1303     1.12314     1.15963  0.00475729
        1304      1.1236      1.1596  0.00475372
        1305     1.12407     1.15957  0.00475015
        1306     1.12454     1.15955  0.00474659
        1307       1.125     1.15952  0.00474303
        1308     1.12544     1.15949  0.00473948
        1309     1.12586     1.15947  0.00473593
        1310     1.12626     1.15944  0.00473238
        1311     1.12663     1.15942  0.00472884
        1312     1.12696     1.15939   0.0047253
        1313     1.12724     1.15937  0.00472176
        1314     1.12749     1.15934  0.00471823
        1315     1.12768     1.15932   0.0047147
        1316     1.12782      1.1593  0.00471118
        1317     1.12791     1.15927  0.00470767
        1318     1.12793     1.15925  0.00470415
        1319     1.12791     1.15922  0.00470065
        1320     1.12782      1.1592  0.00469715
        1321     1.12768     1.15918  0.00469365
        1322     1.12748     1.15915  0.00469016
        1323     1.12723     1.15913  0.00468668
        1324     1.12692      1.1591   0.0046832
        1325     1.12657     1.15908  0.00467973
        1326     1.12618     1.15905  0.00467627
        1327     1.12576     1.15903  0.00467281
        1328      1.1253       1.159  0.00466936
        1329     1.12483     1.15898  0.00466592
        1330     1.12435     1.15895  0.00466248
        1331     1.12386     1.15893  0.00465906
        1332     1.12339      1.1589  0.00465563
        1333     1.12293     1.15887  0.00465222
        1334      1.1225     1.15885  0.00464881
        1335     1.12212     1.15882  0.00464541
        1336      1.1218     1.15879  0.00464202
        1337     1.12154     1.15876  0.00463863
        1338     1.12136     1.15873  0.00463525
        1339     1.12128     1.15871  0.00463187
        1340      1.1213     1.15868   0.0046285
        1341     1.12143     1.15865  0.00462513
        1342      1.1217     1.15862  0.00462176
        1343      1.1221      1.1586   0.0046184
        1344     1.12266     1.15857  0.00461504
        1345     1.12337     1.15854  0.00461169
        1346     1.12425     1.15852  0.00460833
        1347      1.1253     1.15849  0.00460498
        1348     1.12653     1.15847  0.00460162
        1349     1.12795     1.15845  0.00459826
        1350     1.12955     1.15843  0.00459491
        1351     1.13134     1.15841  0.00459155
        1352     1.13331     1.15839  0.00458819
        1353     1.13546     1.15837  0.00458483
        1354     1.13778     1.15835  0.00458147
        1355     1.14028     1.15834  0.00457811
        1356     1.14294     1.15833  0.00457475
        1357     1.14574     1.15832  0.00457139
        1358     1.14868     1.15831  0.00456803
        1359     1.15175     1.15831  0.00456467
        1360     1.15493     1.15831  0.00456131
        1361      1.1582     1.15831  0.00455796
        1362     1.16154     1.15831  0.00455461
        1363     1.16494     1.15831  0.00455127
        1364     1.16837     1.15832  0.00454794
        1365     1.17182     1.15833  0.00454462
        1366     1.17527     1.15834  0.00454131
        1367     1.17869     1.15836  0.00453801
        1368     1.18206     1.15837  0.00453473
        1369     1.18537     1.15839  0.00453146
        1370     1.18859     1.15842  0.00452821
        1371      1.1917     1.15844  0.00452497
        1372     1.19469     1.15847  0.00452175
        1373     1.19753      1.1585  0.00451854
        1374      1.2002     1.15853  0.00451536
        1375     1.20269     1.15856  0.00451219
        1376     1.20499     1.15859  0.00450904
        1377     1.20707     1.15863   0.0045059
        1378     1.20892     1.15866  0.00450278
        1379     1.21052      1.1587  0.00449967
        1380     1.21187     1.15874  0.00449657
        1381     1.21295     1.15878  0.00449349
        1382     1.21375     1.15882  0.00449041
        1383     1.21426     1.15886  0.00448734
        1384     1.21447      1.1589  0.00448428
        1385     1.21438     1.15894  0.00448122
        1386     1.21399     1.15898  0.00447817
        1387     1.21328     1.15902  0.00447511
        1388     1.21226     1.15906  0.00447205
        1389     1.21093     1.15909  0.00446898
        1390     1.20929     1.15913  0.00446592
        1391     1.20734     1.15916  0.00446284
        1392      1.2051      1.1592  0.00445976
        1393     1.20256     1.15923  0.00445666
        1394     1.19973     1.15926  0.00445356
        1395     1.19663     1.15928  0.00445045
        1396     1.19327     1.15931  0.00444733
        1397     1.18967     1.15933   0.0044442
        1398     1.18583     1.15935  0.00444106
        1399     1.18178     1.15937  0.00443791
        1400     1.17754     1.15938  0.00443476
        1401     1.17312     1.15939  0.00443161
        1402     1.16855      1.1594  0.00442845
        1403     1.16386      1.1594   0.0044253
        1404     1.15906      1.1594  0.00442214
        1405     1.15419     1.15939    0.004419
        1406     1.14928     1.15939  0.00441586
        1407     1.14434     1.15938  0.00441273
        1408     1.13941     1.15936  0.00440962
        1409     1.13452     1.15934  0.00440653
        1410     1.12969     1.15932  0.00440345
        1411     1.12494      1.1593   0.0044004
        1412     1.12032     1.15927  0.00439737
        1413     1.11583     1.15924  0.00439437
        1414      1.1115     1.15921  0.00439139
        1415     1.10735     1.15917  0.00438844
        1416      1.1034     1.15913  0.00438552
        1417     1.09966     1.15909  0.00438262
        1418     1.09615     1.15904  0.00437976
        1419     1.09287       1.159  0.00437692
        1420     1.08983     1.15895  0.00437411
        1421     1.08704      1.1589  0.00437132
        1422     1.08449     1.15885  0.00436856
        1423     1.08218     1.15879  0.00436582
        1424     1.08011     1.15874  0.00436311
        1425     1.07828     1.15868  0.00436041
        1426     1.07668     1.15862  0.00435773
        1427      1.0753     1.15856  0.00435507
        1428     1.07413     1.15851  0.00435242
        1429     1.07315     1.15845  0.00434978
        1430     1.07237     1.15839  0.00434716
        1431     1.07177     1.15833  0.00434454
        1432     1.07135     1.15826  0.00434193
        1433     1.07108      1.1582  0.00433933
        1434     1.07097     1.15814  0.00433673
        1435       1.071     1.15808  0.00433413
        1436     1.07117     1.15802  0.00433154
        1437     1.07146     1.15796  0.00432894
        1438     1.07188      1.1579  0.00432634
        1439     1.07241     1.15784  0.00432375
        1440     1.07305     1.15778  0.00432114
        1441     1.07378     1.15772  0.00431854
        1442     1.07461     1.15767  0.00431593
        1443     1.07553     1.15761  0.00431331
        1444     1.07654     1.15755  0.00431069
        1445     1.07761      1.1575  0.00430806
        1446     1.07876     1.15744  0.00430543
        1447     1.07996     1.15739  0.00430279
        1448     1.08122     1.15734  0.00430014
        1449     1.08253     1.15729  0.00429748
        1450     1.08387     1.15724  0.00429481
        1451     1.08524     1.15719  0.00429214
        1452     1.08663     1.15714  0.00428946
        1453     1.08803     1.15709  0.00428677
        1454     1.08943     1.15704  0.00428407
        1455     1.09082       1.157  0.00428137
        1456     1.09219     1.15695  0.00427866
        1457     1.09353     1.15691  0.00427595
        1458     1.09483     1.15687  0.00427323
        1459     1.09608     1.15683   0.0042705
        1460     1.09728     1.15679  0.00426777
        1461      1.0984     1.15675  0.00426504
        1462     1.09946     1.15671   0.0042623
        1463     1.10043     1.15667  0.00425956
        1464     1.10132     1.15663  0.00425682
        1465     1.10212     1.15659  0.00425407
        1466     1.10283     1.15656  0.00425133
        1467     1.10345     1.15652  0.00424859
        1468     1.10398     1.15648  0.00424584
        1469     1.10442     1.15645   0.0042431
        1470     1.10478     1.15641  0.00424036
        1471     1.10507     1.15638  0.00423762
        1472     1.10528     1.15634  0.00423488
        1473     1.10543     1.15631  0.00423215
        1474     1.10554     1.15627  0.00422942
        1475      1.1056     1.15624  0.00422669
        1476     1.10564     1.15621  0.00422397
        1477     1.10566     1.15617  0.00422125
        1478     1.10569     1.15614  0.00421853
        1479     1.10573      1.1561  0.00421581
        1480     1.10581     1.15607   0.0042131
        1481     1.10592     1.15604  0.00421039
        1482     1.10609       1.156  0.00420769
        1483     1.10632     1.15597  0.00420498
        1484     1.10662     1.15594  0.00420228
        1485     1.10701      1.1559  0.00419958
        1486     1.10748     1.15587  0.00419688
        1487     1.10804     1.15584  0.00419418
        1488     1.10868     1.15581  0.00419148
        1489     1.10941     1.15577  0.00418878
        1490     1.11022     1.15574  0.00418608
        1491      1.1111     1.15571  0.00418338
        1492     1.11203     1.15568  0.00418068
        1493     1.11302     1.15566  0.00417798
        1494     1.11403     1.15563  0.00417528
        1495     1.11507      1.1556  0.00417257
        1496      1.1161     1.15557  0.00416987
        1497     1.11711     1.15555  0.00416716
        1498     1.11808     1.15552  0.00416445
        1499     1.11899      1.1555  0.00416175
        1500     1.11982     1.15548  0.00415904
        1501     1.12055     1.15545  0.00415633
        1502     1.12115     1.15543  0.00415363
        1503     1.12161     1.15541  0.00415093
        1504     1.12191     1.15539  0.00414823
        1505     1.12204     1.15536  0.00414553
        1506     1.12198     1.15534  0.00414284
        1507     1.12172     1.15532  0.00414015
        1508     1.12126      1.1553  0.00413746
        1509     1.12057     1.15527  0.00413478
        1510     1.11967     1.15525  0.00413211
        1511     1.11854     1.15523  0.00412945
        1512     1.11719      1.1552   0.0041268
        1513     1.11562     1.15517  0.00412415
        1514     1.11384     1.15515  0.00412152
        1515     1.11186     1.15512   0.0041189
        1516     1.10969     1.15509  0.00411629
        1517     1.10734     1.15506  0.00411369
        1518     1.10483     1.15502  0.00411112
        1519     1.10217     1.15499  0.00410856
        1520     1.09939     1.15495  0.00410602
        1521     1.09649     1.15491   0.0041035
        1522     1.09351     1.15487    0.004101
        1523     1.09047     1.15483  0.00409853
        1524     1.08739     1.15479  0.00409608
        1525     1.08428     1.15474  0.00409365
        1526     1.08118     1.15469  0.00409125
        1527     1.07811     1.15464  0.00408888
        1528     1.07509     1.15459  0.00408654
        1529     1.07213     1.15454  0.00408422
        1530     1.06926     1.15448  0.00408193
        1531      1.0665     1.15442  0.00407967
        1532     1.06387     1.15436  0.00407743
        1533     1.06138      1.1543  0.00407522
        1534     1.05905     1.15424  0.00407304
        1535     1.05689     1.15418  0.00407088
        1536     1.05491     1.15411  0.00406874
        1537     1.05312     1.15405  0.00406663
        1538     1.05154     1.15398  0.00406453
        1539     1.05015     1.15391  0.00406245
        1540     1.04898     1.15385  0.00406038
        1541     1.04802     1.15378  0.00405833
        1542     1.04727     1.15371  0.00405628
        1543     1.04674     1.15364  0.00405425
        1544     1.04641     1.15357  0.00405222
        1545     1.04629      1.1535  0.00405019
        1546     1.04636     1.15343  0.00404816
        1547     1.04662     1.15336  0.00404613
        1548     1.04706     1.15329   0.0040441
        1549     1.04768     1.15322  0.00404207
        1550     1.04846     1.15316  0.00404002
        1551      1.0494     1.15309  0.00403797
        1552     1.05048     1.15302  0.00403591
        1553     1.05169     1.15296  0.00403384
        1554     1.05302     1.15289  0.00403176
        1555     1.05447     1.15283  0.00402966
        1556     1.05601     1.15277  0.00402755
        1557     1.05765     1.15271  0.00402543
        1558     1.05936     1.15265  0.00402329
        1559     1.06115     1.15259  0.00402114
        1560     1.06298     1.15253  0.00401897
        1561     1.06487     1.15247  0.00401679
        1562     1.06679     1.15242  0.00401459
        1563     1.06873     1.15237  0.00401238
        1564     1.07069     1.15231  0.00401015
        1565     1.07265     1.15226  0.00400791
        1566      1.0746     1.15221  0.00400566
        1567     1.07654     1.15217   0.0040034
        1568     1.07844     1.15212  0.00400112
        1569     1.08032     1.15207  0.00399883
        1570     1.08215     1.15203  0.00399653
        1571     1.08393     1.15198  0.00399422
        1572     1.08566     1.15194  0.00399191
        1573     1.08732      1.1519  0.00398958
        1574     1.08892     1.15186  0.00398724
        1575     1.09044     1.15182   0.0039849
        1576     1.09189     1.15178  0.00398256
        1577     1.09326     1.15175   0.0039802
        1578     1.09456     1.15171  0.00397785
        1579     1.09577     1.15168  0.00397549
        1580     1.09691     1.15164  0.00397312
        1581     1.09797     1.15161  0.00397075
        1582     1.09895     1.15157  0.00396838
        1583     1.09986     1.15154  0.00396601
        1584     1.10069     1.15151  0.00396364
        1585     1.10146     1.15148  0.00396126
        1586     1.10216     1.15145  0.00395889
        1587     1.10281     1.15142  0.00395651
        1588      1.1034     1.15139  0.00395413
        1589     1.10395     1.15136  0.00395176
        1590     1.10446     1.15133  0.00394938
        1591     1.10495      1.1513  0.00394701
        1592      1.1054     1.15127  0.00394463
        1593     1.10585     1.15124  0.00394226
        1594     1.10628     1.15121  0.00393989
        1595     1.10672     1.15118  0.00393752
        1596     1.10717     1.15116  0.00393515
        1597     1.10763     1.15113  0.00393278
        1598     1.10812      1.1511  0.00393041
        1599     1.10865     1.15108  0.00392804
        1600      1.1092     1.15105  0.00392567
        1601      1.1098     1.15102   0.0039233
        1602     1.11044       1.151  0.00392094
        1603     1.11111     1.15097  0.00391857
        1604     1.11184     1.15095   0.0039162
        1605     1.11259     1.15092  0.00391384
        1606     1.11339      1.1509  0.00391147
        1607     1.11421     1.15088   0.0039091
        1608     1.11504     1.15086  0.00390673
        1609     1.11589     1.15083  0.00390437
        1610     1.11672     1.15081    0.003902
        1611     1.11754     1.15079  0.00389963
        1612     1.11833     1.15077  0.00389726
        1613     1.11906     1.15075   0.0038949
        1614     1.11973     1.15073  0.00389253
        1615     1.12032     1.15071  0.00389017
        1616     1.12082      1.1507   0.0038878
        1617     1.12119     1.15068  0.00388544
        1618     1.12144     1.15066  0.00388308
        1619     1.12155     1.15064  0.00388073
        1620      1.1215     1.15062  0.00387837
        1621     1.12128     1.15061  0.00387602
        1622     1.12089     1.15059  0.00387367
        1623     1.12032     1.15057  0.00387133
        1624     1.11956     1.15055    0.003869
        1625     1.11861     1.15053  0.00386667
        1626     1.11747     1.15051  0.00386434
        1627     1.11615     1.15049  0.00386202
        1628     1.11465     1.15047  0.00385971
        1629     1.11297     1.15044  0.00385741
        1630     1.11113     1.15042  0.00385512
        1631     1.10914     1.15039  0.00385284
        1632     1.10702     1.15037  0.00385057
        1633     1.10477     1.15034  0.00384832
        1634     1.10242     1.15031  0.00384607
        1635     1.09998     1.15028  0.00384384
        1636     1.09748     1.15025  0.00384163
        1637     1.09493     1.15021  0.00383943
        1638     1.09235     1.15018  0.00383725
        1639     1.08978     1.15014  0.00383508
        1640     1.08721      1.1501  0.00383294
        1641     1.08469     1.15006  0.00383081
        1642     1.08222     1.15002   0.0038287
        1643     1.07983     1.14998  0.00382661
        1644     1.07753     1.14994  0.00382453
        1645     1.07533     1.14989  0.00382248
        1646     1.07327     1.14984  0.00382044
        1647     1.07134      1.1498  0.00381842
        1648     1.06955     1.14975  0.00381641
        1649     1.06793      1.1497  0.00381442
        1650     1.06646     1.14965  0.00381244
        1651     1.06517      1.1496  0.00381047
        1652     1.06406     1.14954  0.00380852
        1653     1.06312     1.14949  0.00380657
        1654     1.06237     1.14944  0.00380464
        1655     1.06179     1.14939  0.00380271
        1656     1.06139     1.14933  0.00380078
        1657     1.06116     1.14928  0.00379886
        1658     1.06109     1.14923  0.00379694
        1659     1.06119     1.14917  0.00379502
        1660     1.06144     1.14912  0.00379311
        1661     1.06184     1.14907  0.00379119
        1662     1.06237     1.14902  0.00378926
        1663     1.06303     1.14896  0.00378734
        1664     1.06381     1.14891  0.00378541
        1665      1.0647     1.14886  0.00378347
        1666     1.06569     1.14881  0.00378153
        1667     1.06676     1.14876  0.00377958
        1668     1.06791     1.14871  0.00377763
        1669     1.06912     1.14867  0.00377566
        1670      1.0704     1.14862  0.00377369
        1671     1.07172     1.14857  0.00377172
        1672     1.07308     1.14853  0.00376973
        1673     1.07447     1.14848  0.00376774
        1674     1.07587     1.14844  0.00376574
        1675      1.0773      1.1484  0.00376373
        1676     1.07872     1.14836  0.00376171
        1677     1.08015     1.14832  0.00375969
        1678     1.08158     1.14828  0.00375766
        1679       1.083     1.14824  0.00375562
        1680     1.08441      1.1482  0.00375358
        1681     1.08581     1.14816  0.00375153
        1682      1.0872     1.14813  0.00374947
        1683     1.08857     1.14809  0.00374741
        1684     1.08994     1.14806  0.00374535
        1685     1.09129     1.14802  0.00374328
        1686     1.09265     1.14799   0.0037412
        1687     1.09401     1.14796  0.00373912
        1688     1.09538     1.14793  0.00373703
        1689     1.09677      1.1479  0.00373494
        1690     1.09819     1.14787  0.00373285
        1691     1.09965     1.14784  0.00373075
        1692     1.10117     1.14781  0.00372865
        1693     1.10274     1.14778  0.00372654
        1694     1.10439     1.14776  0.00372443
        1695     1.10612     1.14773  0.00372231
        1696     1.10794     1.14771  0.00372019
        1697     1.10987     1.14769  0.00371807
        1698      1.1119     1.14767  0.00371594
        1699     1.11405     1.14765   0.0037138
        1700     1.11631     1.14763  0.00371166
        1701     1.11868     1.14761  0.00370952
        1702     1.12116      1.1476  0.00370737
        1703     1.12375     1.14758  0.00370522
        1704     1.12643     1.14757  0.00370307
        1705     1.12919     1.14756  0.00370091
        1706     1.13201     1.14755  0.00369875
        1707     1.13488     1.14754  0.00369659
        1708     1.13778     1.14754  0.00369443
        1709      1.1407     1.14753  0.00369228
        1710     1.14359     1.14753  0.00369012
        1711     1.14646     1.14753  0.00368796
        1712     1.14927     1.14753  0.00368581
        1713       1.152     1.14753  0.00368366
        1714     1.15465     1.14754  0.00368151
        1715     1.15718     1.14754  0.00367937
        1716     1.15958     1.14755  0.00367723
        1717     1.16185     1.14756   0.0036751
        1718     1.16396     1.14757  0.00367297
        1719      1.1659     1.14758  0.00367085
        1720     1.16768     1.14759  0.00366873
        1721     1.16927      1.1476  0.00366662
        1722     1.17068     1.14762  0.00366452
        1723      1.1719     1.14763  0.00366242
        1724     1.17293     1.14765  0.00366032
        1725     1.17378     1.14766  0.00365823
        1726     1.17444     1.14768  0.00365615
        1727     1.17492     1.14769  0.00365406
        1728     1.17522     1.14771  0.00365198
        1729     1.17534     1.14772  0.00364991
        1730     1.17529     1.14774  0.00364783
        1731     1.17508     1.14776  0.00364576
        1732     1.17471     1.14777  0.00364369
        1733     1.17419     1.14779  0.00364162
        1734     1.17352      1.1478  0.00363955
        1735     1.17271     1.14782  0.00363748
        1736     1.17176     1.14783  0.00363541
        1737     1.17069     1.14784  0.00363334
        1738     1.16949     1.14786  0.00363127
        1739     1.16818     1.14787   0.0036292
        1740     1.16676     1.14788  0.00362713
        1741     1.16523     1.14789  0.00362506
        1742      1.1636      1.1479  0.00362299
        1743     1.16188      1.1479  0.00362092
        1744     1.16007     1.14791  0.00361885
        1745     1.15817     1.14792  0.00361678
        1746     1.15619     1.14792  0.00361471
        1747     1.15413     1.14793  0.00361265
        1748       1.152     1.14793  0.00361058
        1749     1.14981     1.14793  0.00360852
        1750     1.14755     1.14793  0.00360645
        1751     1.14522     1.14793   0.0036044
        1752     1.14284     1.14792  0.00360234
        1753     1.14041     1.14792  0.00360029
        1754     1.13793     1.14791  0.00359824
        1755      1.1354     1.14791   0.0035962
        1756     1.13284      1.1479  0.00359416
        1757     1.13023     1.14789  0.00359213
        1758      1.1276     1.14788   0.0035901
        1759     1.12493     1.14786  0.00358808
        1760     1.12224     1.14785  0.00358607
        1761     1.11953     1.14783  0.00358407
        1762     1.11681     1.14782  0.00358208
        1763     1.11407      1.1478   0.0035801
        1764     1.11132     1.14778  0.00357813
        1765     1.10857     1.14775  0.00357617
        1766     1.10582     1.14773  0.00357423
        1767     1.10307     1.14771   0.0035723
        1768     1.10033     1.14768  0.00357038
        1769      1.0976     1.14765  0.00356847
        1770     1.09489     1.14762  0.00356658
        1771      1.0922     1.14759   0.0035647
        1772     1.08954     1.14756  0.00356284
        1773     1.08691     1.14752  0.00356099
        1774     1.08431     1.14749  0.00355917
        1775     1.08175     1.14745  0.00355735
        1776     1.07924     1.14741  0.00355556
        1777     1.07677     1.14737  0.00355378
        1778     1.07436     1.14733  0.00355202
        1779     1.07201     1.14729  0.00355027
        1780     1.06973     1.14724  0.00354855
        1781     1.06752      1.1472  0.00354684
        1782     1.06539     1.14715  0.00354514
        1783     1.06335     1.14711  0.00354347
        1784     1.06139     1.14706   0.0035418
        1785     1.05954     1.14701  0.00354016
        1786     1.05779     1.14696  0.00353853
        1787     1.05615     1.14691  0.00353692
        1788     1.05463     1.14686  0.00353531
        1789     1.05324      1.1468  0.00353372
        1790     1.05198     1.14675  0.00353215
        1791     1.05086      1.1467  0.00353058
        1792     1.04987     1.14664  0.00352902
        1793     1.04903     1.14659  0.00352748
        1794     1.04834     1.14654  0.00352593
        1795      1.0478     1.14648   0.0035244
        1796     1.04741     1.14642  0.00352287
        1797     1.04716     1.14637  0.00352134
        1798     1.04707     1.14631  0.00351982
        1799     1.04712     1.14626  0.00351829
        1800     1.04731      1.1462  0.00351677
        1801     1.04764     1.14615  0.00351524
        1802      1.0481      1.1461  0.00351371
        1803     1.04868     1.14604  0.00351218
        1804     1.04938     1.14599  0.00351064
        1805     1.05019     1.14593  0.00350909
        1806     1.05109     1.14588  0.00350754
        1807     1.05208     1.14583  0.00350599
        1808     1.05314     1.14578  0.00350442
        1809     1.05427     1.14573  0.00350285
        1810     1.05546     1.14568  0.00350127
        1811     1.05669     1.14563  0.00349968
        1812     1.05795     1.14558  0.00349808
        1813     1.05923     1.14553  0.00349648
        1814     1.06053     1.14549  0.00349487
        1815     1.06183     1.14544  0.00349324
        1816     1.06312     1.14539  0.00349162
        1817     1.06441     1.14535  0.00348998
        1818     1.06567     1.14531  0.00348833
        1819     1.06691     1.14526  0.00348668
        1820     1.06811     1.14522  0.00348502
        1821     1.06928     1.14518  0.00348336
        1822     1.07041     1.14514  0.00348169
        1823     1.07149      1.1451  0.00348001
        1824     1.07252     1.14506  0.00347833
        1825      1.0735     1.14502  0.00347665
        1826     1.07443     1.14498  0.00347496
        1827     1.07531     1.14494  0.00347327
        1828     1.07614      1.1449  0.00347157
        1829     1.07692     1.14487  0.00346987
        1830     1.07764     1.14483  0.00346817
        1831     1.07832     1.14479  0.00346647
        1832     1.07895     1.14476  0.00346476
        1833     1.07954     1.14472  0.00346305
        1834     1.08009     1.14469  0.00346134
        1835      1.0806     1.14465  0.00345963
        1836     1.08109     1.14462  0.00345792
        1837     1.08156     1.14458  0.00345621
        1838     1.08201     1.14455   0.0034545
        1839     1.08246     1.14452  0.00345278
        1840     1.08292     1.14448  0.00345107
        1841     1.08339     1.14445  0.00344935
        1842     1.08389     1.14442  0.00344764
        1843     1.08443     1.14438  0.00344592
        1844     1.08502     1.14435   0.0034442
        1845     1.08568     1.14432  0.00344248
        1846     1.08642     1.14429  0.00344076
        1847     1.08726     1.14426  0.00343904
        1848     1.08821     1.14423  0.00343731
        1849     1.08928      1.1442  0.00343558
        1850     1.09049     1.14417  0.00343385
        1851     1.09184     1.14414  0.00343211
        1852     1.09336     1.14411  0.00343036
        1853     1.09505     1.14409  0.00342861
        1854      1.0969     1.14406  0.00342686
        1855     1.09894     1.14404   0.0034251
        1856     1.10116     1.14401  0.00342333
        1857     1.10355     1.14399  0.00342156
        1858     1.10612     1.14397  0.00341978
        1859     1.10885     1.14395  0.00341799
        1860     1.11174     1.14393  0.00341619
        1861     1.11477     1.14392  0.00341439
        1862     1.11793     1.14391  0.00341259
        1863     1.12121     1.14389  0.00341078
        1864     1.12457     1.14388  0.00340897
        1865     1.12801     1.14387  0.00340715
        1866      1.1315     1.14387  0.00340533
        1867     1.13502     1.14386  0.00340351
        1868     1.13855     1.14386  0.00340169
        1869     1.14207     1.14386  0.00339987
        1870     1.14556     1.14386  0.00339805
        1871     1.14899     1.14386  0.00339623
        1872     1.15235     1.14387  0.00339442
        1873     1.15563     1.14387  0.00339262
        1874     1.15879     1.14388  0.00339082
        1875     1.16183     1.14389  0.00338902
        1876     1.16472      1.1439  0.00338723
        1877     1.16747     1.14391  0.00338545
        1878     1.17004     1.14393  0.00338368
        1879     1.17243     1.14394  0.00338191
        1880     1.17464     1.14396  0.00338015
        1881     1.17664     1.14398   0.0033784
        1882     1.17843       1.144  0.00337665
        1883     1.18001     1.14401  0.00337491
        1884     1.18136     1.14403  0.00337318
        1885     1.18249     1.14406  0.00337145
        1886     1.18338     1.14408  0.00336973
        1887     1.18405      1.1441  0.00336801
        1888     1.18448     1.14412  0.00336629
        1889     1.18467     1.14414  0.00336458
        1890     1.18465     1.14416  0.00336287
        1891      1.1844     1.14418  0.00336116
        1892     1.18393      1.1442  0.00335945
        1893     1.18326     1.14422  0.00335774
        1894     1.18239     1.14424  0.00335602
        1895     1.18135     1.14426  0.00335431
        1896     1.18014     1.14428  0.00335259
        1897     1.17878      1.1443  0.00335088
        1898      1.1773     1.14432  0.00334915
        1899     1.17571     1.14434  0.00334743
        1900     1.17402     1.14435  0.00334571
        1901     1.17226     1.14437  0.00334398
        1902     1.17045     1.14438  0.00334225
        1903     1.16861     1.14439  0.00334052
        1904     1.16675      1.1444  0.00333878
        1905     1.16489     1.14441  0.00333705
        1906     1.16305     1.14442  0.00333531
        1907     1.16123     1.14443  0.00333357
        1908     1.15945     1.14444  0.00333184
        1909     1.15773     1.14445   0.0033301
        1910     1.15606     1.14445  0.00332836
        1911     1.15444     1.14446  0.00332662
        1912     1.15289     1.14446  0.00332489
        1913      1.1514     1.14447  0.00332315
        1914     1.14996     1.14447  0.00332141
        1915     1.14858     1.14447  0.00331968
        1916     1.14725     1.14447  0.00331795
        1917     1.14596     1.14447  0.00331622
        1918     1.14471     1.14447  0.00331449
        1919      1.1435     1.14447  0.00331276
        1920      1.1423     1.14447  0.00331104
        1921     1.14113     1.14447  0.00330931
        1922     1.13997     1.14447  0.00330759
        1923     1.13881     1.14447  0.00330587
        1924     1.13765     1.14446  0.00330416
        1925     1.13648     1.14446  0.00330244
        1926     1.13531     1.14445  0.00330073
        1927     1.13412     1.14445  0.00329902
        1928     1.13291     1.14444  0.00329732
        1929     1.13168     1.14444  0.00329562
        1930     1.13042     1.14443  0.00329392
        1931     1.12914     1.14442  0.00329222
        1932     1.12784     1.14441  0.00329053
        1933     1.12651      1.1444  0.00328884
        1934     1.12515     1.14439  0.00328715
        1935     1.12377     1.14438  0.00328547
        1936     1.12237     1.14437  0.00328379
        1937     1.12096     1.14436  0.00328212
        1938     1.11953     1.14435  0.00328045
        1939     1.11809     1.14433  0.00327879
        1940     1.11666     1.14432  0.00327713
        1941     1.11523      1.1443  0.00327547
        1942     1.11381     1.14429  0.00327383
        1943     1.11241     1.14427  0.00327218
        1944     1.11105     1.14425  0.00327054
        1945     1.10973     1.14424  0.00326891
        1946     1.10846     1.14422  0.00326728
        1947     1.10725      1.1442  0.00326566
        1948     1.10611     1.14418  0.00326404
        1949     1.10505     1.14416  0.00326243
        1950     1.10408     1.14414  0.00326082
        1951     1.10321     1.14412  0.00325922
        1952     1.10245      1.1441  0.00325762
        1953     1.10181     1.14407  0.00325602
        1954      1.1013     1.14405  0.00325443
        1955     1.10093     1.14403  0.00325284
        1956     1.10069     1.14401  0.00325125
        1957     1.10062     1.14399  0.00324966
        1958     1.10069     1.14396  0.00324808
        1959     1.10094     1.14394   0.0032465
        1960     1.10136     1.14392  0.00324491
        1961     1.10195      1.1439  0.00324333
        1962     1.10272     1.14388  0.00324174
        1963     1.10368     1.14386  0.00324016
        1964     1.10483     1.14384  0.00323857
        1965     1.10617     1.14382  0.00323698
        1966      1.1077      1.1438  0.00323538
        1967     1.10942     1.14378  0.00323378
        1968     1.11133     1.14377  0.00323218
        1969     1.11342     1.14375  0.00323058
        1970     1.11569     1.14374  0.00322897
        1971     1.11813     1.14372  0.00322736
        1972     1.12072     1.14371  0.00322574
        1973     1.12345      1.1437  0.00322412
        1974     1.12631     1.14369   0.0032225
        1975     1.12928     1.14369  0.00322088
        1976     1.13233     1.14368  0.00321925
        1977     1.13545     1.14368  0.00321763
        1978      1.1386     1.14367    0.003216
        1979     1.14178     1.14367  0.00321438
        1980     1.14494     1.14367  0.00321275
        1981     1.14808     1.14367  0.00321113
        1982     1.15117     1.14368  0.00320951
        1983     1.15418     1.14368   0.0032079
        1984      1.1571     1.14369  0.00320629
        1985      1.1599      1.1437  0.00320469
        1986     1.16259     1.14371  0.00320309
        1987     1.16513     1.14372  0.00320149
        1988     1.16752     1.14373   0.0031999
        1989     1.16975     1.14374  0.00319832
        1990     1.17182     1.14376  0.00319675
        1991     1.17372     1.14377  0.00319518
        1992     1.17546     1.14379  0.00319361
        1993     1.17702     1.14381  0.00319205
        1994     1.17842     1.14382   0.0031905
        1995     1.17966     1.14384  0.00318895
        1996     1.18074     1.14386  0.00318741
        1997     1.18167     1.14388  0.00318587
        1998     1.18245      1.1439  0.00318433
        1999     1.18308     1.14392   0.0031828
        2000     1.18356     1.14394  0.00318127
