#     BLOCK:   ACTUAL_TE:    TE_AVE:      ERROR:
           1    -3.79298    -3.79298           0
           2    -3.79277    -3.79288 7.62233e-05
           3    -3.79255    -3.79277  0.00010155
           4    -3.79234    -3.79266 0.000120463
           5    -3.79212    -3.79255 0.000136486
           6     -3.7919    -3.79245 0.000150849
           7    -3.79168    -3.79234 0.000164154
           8    -3.79145    -3.79223 0.000176757
           9    -3.79122    -3.79211 0.000188892
          10    -3.79099      -3.792 0.000200729
          11    -3.79075    -3.79189 0.000212395
          12     -3.7905    -3.79177  0.00022399
          13    -3.78994    -3.79163 0.000246974
          14    -3.78968    -3.79149 0.000265693
          15    -3.78926    -3.79134 0.000286715
          16    -3.78853    -3.79117 0.000318303
          17    -3.78778    -3.79097 0.000356448
          18    -3.78718    -3.79076 0.000393924
          19    -3.78656    -3.79054 0.000430704
          20    -3.78578     -3.7903 0.000470329
          21    -3.78528    -3.79006 0.000504961
          22    -3.78417    -3.78979 0.000548403
          23    -3.78319    -3.78951 0.000594918
          24    -3.78235    -3.78921 0.000640504
          25    -3.78119    -3.78889  0.00069056
          26    -3.78001    -3.78854  0.00074367
          27    -3.77911     -3.7882 0.000793999
          28    -3.77759    -3.78782 0.000851229
          29     -3.7765    -3.78743 0.000906854
          30    -3.77495    -3.78701 0.000967357
          31    -3.77397    -3.78659  0.00102356
          32    -3.77236    -3.78615  0.00108382
          33    -3.77104    -3.78569  0.00114355
          34    -3.76984    -3.78522  0.00120112
          35    -3.76923    -3.78476  0.00125072
          36    -3.76829    -3.78431    0.001297
          37    -3.76673    -3.78383  0.00134615
          38     -3.7656    -3.78335  0.00139361
          39    -3.76385    -3.78285  0.00144484
          40    -3.76238    -3.78234  0.00149665
          41    -3.76074    -3.78181  0.00155012
          42    -3.75939    -3.78128  0.00160255
          43    -3.75832    -3.78075  0.00165181
          44     -3.7571    -3.78021  0.00169945
          45    -3.75587    -3.77967  0.00174564
          46    -3.75508    -3.77913  0.00178762
          47    -3.75506    -3.77862  0.00182151
          48    -3.75398    -3.77811  0.00185451
          49    -3.75321     -3.7776    0.001885
          50    -3.75215    -3.77709  0.00191478
          51    -3.75172    -3.77659   0.0019408
          52     -3.7507    -3.77609  0.00196631
          53    -3.74957    -3.77559   0.0019919
          54    -3.74877     -3.7751  0.00201601
          55    -3.74831    -3.77461  0.00203733
          56    -3.74821    -3.77414  0.00205477
          57     -3.7477    -3.77367  0.00207042
          58    -3.74755    -3.77322  0.00208314
          59      -3.747    -3.77278   0.0020947
          60    -3.74682    -3.77235  0.00210399
          61     -3.7464    -3.77192  0.00211205
          62    -3.74605     -3.7715  0.00211881
          63    -3.74637    -3.77111  0.00212242
          64    -3.74676    -3.77073  0.00212308
          65    -3.74691    -3.77036   0.0021218
          66    -3.74713    -3.77001  0.00211865
          67    -3.74681    -3.76966  0.00211514
          68     -3.7473    -3.76933  0.00210943
          69    -3.74756    -3.76902  0.00210232
          70    -3.74803    -3.76872  0.00209355
          71    -3.74871    -3.76843  0.00208293
          72    -3.74945    -3.76817  0.00207063
          73    -3.74964    -3.76792  0.00205777
          74    -3.74988    -3.76767  0.00204436
          75    -3.75092    -3.76745  0.00202926
          76    -3.75202    -3.76725  0.00201269
          77    -3.75317    -3.76706  0.00199483
          78    -3.75377    -3.76689  0.00197653
          79    -3.75502    -3.76674  0.00195722
          80    -3.75586    -3.76661  0.00193747
          81     -3.7569    -3.76649  0.00191726
          82    -3.75814    -3.76639  0.00189658
          83    -3.75912     -3.7663  0.00187575
          84    -3.75968    -3.76622  0.00185507
          85    -3.76105    -3.76616  0.00183424
          86     -3.7626    -3.76612  0.00181338
          87    -3.76373    -3.76609  0.00179275
          88    -3.76504    -3.76608  0.00177241
          89    -3.76623    -3.76608   0.0017525
          90    -3.76803     -3.7661  0.00173316
          91    -3.76955    -3.76614  0.00171453
          92    -3.77107    -3.76619  0.00169673
          93    -3.77229    -3.76626  0.00167975
          94    -3.77379    -3.76634  0.00166379
          95    -3.77497    -3.76643  0.00164876
          96    -3.77581    -3.76653  0.00163448
          97    -3.77706    -3.76664  0.00162123
          98    -3.77812    -3.76675  0.00160891
          99    -3.77881    -3.76687  0.00159726
         100    -3.78003    -3.76701   0.0015867
         101    -3.78104    -3.76715  0.00157706
         102    -3.78211    -3.76729  0.00156841
         103    -3.78265    -3.76744  0.00156026
         104    -3.78356     -3.7676  0.00155294
         105    -3.78378    -3.76775  0.00154578
         106    -3.78437    -3.76791  0.00153913
         107    -3.78472    -3.76806  0.00153275
         108    -3.78515    -3.76822  0.00152669
         109    -3.78549    -3.76838  0.00152089
         110    -3.78607    -3.76854  0.00151554
         111    -3.78644     -3.7687  0.00151044
         112    -3.78659    -3.76886  0.00150537
         113    -3.78669    -3.76902   0.0015003
         114     -3.7866    -3.76917  0.00149505
         115    -3.78632    -3.76932  0.00148946
         116    -3.78601    -3.76947  0.00148356
         117    -3.78613    -3.76961   0.0014777
         118    -3.78609    -3.76975  0.00147176
         119    -3.78633    -3.76989  0.00146597
         120    -3.78581    -3.77002  0.00145975
         121    -3.78574    -3.77015  0.00145346
         122    -3.78523    -3.77028  0.00144679
         123    -3.78486    -3.77039  0.00143988
         124    -3.78527    -3.77051  0.00143325
         125    -3.78539    -3.77063  0.00142672
         126    -3.78551    -3.77075  0.00142028
         127     -3.7852    -3.77086  0.00141364
         128    -3.78506    -3.77098  0.00140694
         129    -3.78463    -3.77108  0.00140001
         130    -3.78452    -3.77118  0.00139306
         131    -3.78443    -3.77129  0.00138609
         132    -3.78495    -3.77139  0.00137945
         133    -3.78459    -3.77149  0.00137264
         134    -3.78453    -3.77159  0.00136585
         135    -3.78419    -3.77168  0.00135892
         136    -3.78355    -3.77177  0.00135172
         137    -3.78413    -3.77186  0.00134487
         138    -3.78365    -3.77194  0.00133783
         139    -3.78348    -3.77203  0.00133078
         140    -3.78376    -3.77211  0.00132391
         141    -3.78374    -3.77219  0.00131709
         142    -3.78372    -3.77227  0.00131032
         143    -3.78399    -3.77235  0.00130371
         144    -3.78366    -3.77243  0.00129702
         145    -3.78348    -3.77251  0.00129031
         146    -3.78329    -3.77258  0.00128358
         147     -3.7837    -3.77266  0.00127708
         148    -3.78305    -3.77273  0.00127038
         149    -3.78331     -3.7728  0.00126383
         150    -3.78341    -3.77287  0.00125738
         151    -3.78336    -3.77294  0.00125097
         152    -3.78331    -3.77301   0.0012446
         153    -3.78327    -3.77308  0.00123827
         154    -3.78308    -3.77314  0.00123194
         155     -3.7832    -3.77321   0.0012257
         156    -3.78288    -3.77327  0.00121941
         157    -3.78303    -3.77333  0.00121323
         158    -3.78334    -3.77339   0.0012072
         159     -3.7832    -3.77345  0.00120118
         160    -3.78324    -3.77352  0.00119523
         161    -3.78389    -3.77358  0.00118954
         162    -3.78455    -3.77365  0.00118412
         163    -3.78462    -3.77372  0.00117877
         164    -3.78514    -3.77378  0.00117364
         165    -3.78537    -3.77386  0.00116862
         166    -3.78515    -3.77392  0.00116356
         167    -3.78537    -3.77399  0.00115861
         168    -3.78605    -3.77406  0.00115393
         169     -3.7861    -3.77413   0.0011493
         170    -3.78599     -3.7742  0.00114466
         171    -3.78571    -3.77427  0.00113994
         172    -3.78602    -3.77434  0.00113535
         173    -3.78599    -3.77441  0.00113079
         174    -3.78549    -3.77447  0.00112608
         175    -3.78511    -3.77453  0.00112129
         176    -3.78547    -3.77459  0.00111664
         177    -3.78534    -3.77465  0.00111198
         178    -3.78534    -3.77471  0.00110735
         179    -3.78501    -3.77477  0.00110266
         180    -3.78422    -3.77482  0.00109778
         181    -3.78386    -3.77487  0.00109285
         182     -3.7838    -3.77492  0.00108794
         183    -3.78342    -3.77497  0.00108299
         184    -3.78289    -3.77501  0.00107796
         185    -3.78236    -3.77505  0.00107286
         186    -3.78244    -3.77509  0.00106783
         187    -3.78192    -3.77513  0.00106274
         188    -3.78157    -3.77516  0.00105764
         189    -3.78093    -3.77519  0.00105248
         190     -3.7806    -3.77522  0.00104733
         191    -3.78015    -3.77525  0.00104216
         192    -3.78017    -3.77527  0.00103705
         193    -3.77962     -3.7753  0.00103192
         194    -3.77908    -3.77532  0.00102679
         195    -3.77888    -3.77533  0.00102168
         196    -3.77884    -3.77535  0.00101663
         197    -3.77883    -3.77537  0.00101162
         198    -3.77884    -3.77539  0.00100666
         199    -3.77903    -3.77541  0.00100177
         200    -3.77953    -3.77543 0.000996973
         201     -3.7793    -3.77545 0.000992199
         202    -3.77924    -3.77546 0.000987465
         203    -3.77935    -3.77548 0.000982786
         204    -3.77932     -3.7755 0.000978148
         205    -3.77915    -3.77552 0.000973538
         206    -3.77944    -3.77554 0.000968999
         207     -3.7796    -3.77556 0.000964516
         208    -3.77931    -3.77558 0.000960048
         209    -3.77919    -3.77559  0.00095561
         210    -3.77923    -3.77561 0.000951216
         211    -3.77942    -3.77563  0.00094688
         212    -3.77978    -3.77565 0.000942616
         213       -3.78    -3.77567 0.000938411
         214    -3.78007    -3.77569 0.000934252
         215    -3.78062    -3.77571 0.000930187
         216    -3.78117    -3.77574 0.000926224
         217    -3.78143    -3.77576 0.000922327
         218     -3.7811    -3.77579 0.000918422
         219    -3.78124    -3.77581 0.000914565
         220    -3.78124    -3.77584 0.000910741
         221     -3.7814    -3.77586 0.000906967
         222    -3.78171    -3.77589 0.000903264
         223    -3.78188    -3.77592 0.000899613
         224     -3.7825    -3.77595 0.000896077
         225    -3.78282    -3.77598 0.000892616
         226    -3.78329    -3.77601 0.000889252
         227    -3.78359    -3.77604 0.000885962
         228    -3.78388    -3.77608 0.000882743
         229      -3.784    -3.77611 0.000879566
         230    -3.78394    -3.77615 0.000876401
         231    -3.78416    -3.77618 0.000873293
         232     -3.7839    -3.77621 0.000870162
         233    -3.78496    -3.77625 0.000867236
         234    -3.78522    -3.77629 0.000864377
         235    -3.78514    -3.77633  0.00086152
         236    -3.78518    -3.77636 0.000858685
         237    -3.78532     -3.7764 0.000855893
         238    -3.78528    -3.77644 0.000853109
         239     -3.7855    -3.77648 0.000850381
         240    -3.78538    -3.77651 0.000847646
         241    -3.78523    -3.77655 0.000844901
         242    -3.78521    -3.77659 0.000842166
         243    -3.78576    -3.77662 0.000839546
         244    -3.78568    -3.77666 0.000836925
         245    -3.78543     -3.7767 0.000834274
         246    -3.78532    -3.77673  0.00083162
         247    -3.78505    -3.77677 0.000828935
         248    -3.78448     -3.7768 0.000826176
         249    -3.78404    -3.77683 0.000823371
         250    -3.78346    -3.77685 0.000820505
         251    -3.78319    -3.77688 0.000817624
         252    -3.78322     -3.7769 0.000814766
         253     -3.7828    -3.77693 0.000811879
         254    -3.78285    -3.77695 0.000809018
         255    -3.78276    -3.77697 0.000806166
         256    -3.78268    -3.77699 0.000803324
         257    -3.78246    -3.77702  0.00080048
         258    -3.78255    -3.77704 0.000797665
         259    -3.78221    -3.77706 0.000794835
         260    -3.78203    -3.77708 0.000792009
         261    -3.78126    -3.77709 0.000789137
         262    -3.78127    -3.77711 0.000786286
         263    -3.78097    -3.77712 0.000783433
         264     -3.7807    -3.77714 0.000780583
         265    -3.78028    -3.77715 0.000777727
         266    -3.78033    -3.77716 0.000774895
         267    -3.77993    -3.77717 0.000772063
         268       -3.78    -3.77718 0.000769254
         269    -3.78008    -3.77719  0.00076647
         270    -3.77971     -3.7772 0.000763688
         271    -3.77965    -3.77721 0.000760923
         272    -3.77959    -3.77722 0.000758176
         273    -3.77939    -3.77723  0.00075544
         274    -3.77949    -3.77724 0.000752728
         275    -3.77854    -3.77724 0.000750006
         276    -3.77865    -3.77725 0.000747306
         277    -3.77861    -3.77725 0.000744624
         278    -3.77887    -3.77726 0.000741969
         279    -3.77853    -3.77726 0.000739323
         280    -3.77909    -3.77727 0.000736712
         281    -3.77934    -3.77727 0.000734127
         282     -3.7793    -3.77728 0.000731559
         283    -3.77864    -3.77729 0.000728989
         284    -3.77843    -3.77729 0.000726434
         285    -3.77852    -3.77729 0.000723898
         286     -3.7783     -3.7773 0.000721375
         287    -3.77808     -3.7773 0.000718867
         288    -3.77815     -3.7773 0.000716377
         289    -3.77777    -3.77731   0.0007139
         290    -3.77752    -3.77731 0.000711438
         291    -3.77743    -3.77731 0.000708994
         292    -3.77748    -3.77731 0.000706566
         293    -3.77737    -3.77731 0.000704155
         294    -3.77726    -3.77731 0.000701759
         295      -3.777    -3.77731 0.000699381
         296    -3.77643     -3.7773 0.000697025
         297    -3.77631     -3.7773 0.000694686
         298    -3.77619     -3.7773 0.000692365
         299    -3.77592    -3.77729 0.000690065
         300     -3.7758    -3.77729 0.000687782
         301    -3.77584    -3.77728 0.000685514
         302    -3.77543    -3.77728 0.000683272
         303    -3.77518    -3.77727 0.000681052
         304    -3.77539    -3.77726 0.000678839
         305    -3.77515    -3.77726 0.000676649
         306    -3.77493    -3.77725  0.00067448
         307    -3.77471    -3.77724 0.000672334
         308    -3.77465    -3.77723 0.000670203
         309    -3.77415    -3.77722 0.000668109
         310    -3.77366    -3.77721 0.000666052
         311    -3.77348     -3.7772 0.000664018
         312    -3.77362    -3.77719 0.000661989
         313     -3.7736    -3.77718 0.000659973
         314    -3.77329    -3.77716 0.000657987
         315    -3.77359    -3.77715 0.000655996
         316    -3.77359    -3.77714 0.000654016
         317    -3.77359    -3.77713 0.000652049
         318     -3.7736    -3.77712 0.000650093
         319     -3.7739    -3.77711 0.000648133
         320    -3.77375     -3.7771 0.000646193
         321    -3.77359    -3.77709 0.000644272
         322    -3.77328    -3.77707  0.00064238
         323    -3.77327    -3.77706 0.000640499
         324    -3.77311    -3.77705 0.000638638
         325    -3.77339    -3.77704 0.000636772
         326    -3.77322    -3.77703 0.000634926
         327     -3.7732    -3.77702 0.000633092
         328    -3.77333      -3.777 0.000631262
         329    -3.77362    -3.77699 0.000629427
         330    -3.77391    -3.77699 0.000627589
         331     -3.7736    -3.77697 0.000625777
         332     -3.7736    -3.77696 0.000623975
         333     -3.7736    -3.77695 0.000622182
         334    -3.77333    -3.77694 0.000620414
         335    -3.77306    -3.77693 0.000618671
         336    -3.77297    -3.77692 0.000616942
         337    -3.77304    -3.77691 0.000615218
         338    -3.77269     -3.7769 0.000613525
         339     -3.7722    -3.77688 0.000611872
         340    -3.77233    -3.77687 0.000610218
         341    -3.77264    -3.77686 0.000608555
         342    -3.77267    -3.77684 0.000606898
         343    -3.77317    -3.77683 0.000605223
         344    -3.77325    -3.77682 0.000603554
         345    -3.77349    -3.77681 0.000601882
         346    -3.77344     -3.7768 0.000600221
         347    -3.77326    -3.77679 0.000598579
         348    -3.77355    -3.77678 0.000596931
         349    -3.77369    -3.77678 0.000595287
         350    -3.77399    -3.77677 0.000593639
         351    -3.77445    -3.77676 0.000591985
         352    -3.77461    -3.77675 0.000590334
         353    -3.77507    -3.77675 0.000588681
         354    -3.77599    -3.77675 0.000587022
         355    -3.77569    -3.77674 0.000585376
         356      -3.776    -3.77674 0.000583736
         357    -3.77659    -3.77674 0.000582101
         358    -3.77672    -3.77674 0.000580475
         359    -3.77684    -3.77674 0.000578858
         360    -3.77695    -3.77674  0.00057725
         361    -3.77719    -3.77674 0.000575653
         362    -3.77742    -3.77675 0.000574065
         363    -3.77747    -3.77675 0.000572487
         364    -3.77736    -3.77675 0.000570917
         365    -3.77798    -3.77675 0.000569363
         366    -3.77813    -3.77676  0.00056782
         367    -3.77841    -3.77676  0.00056629
         368    -3.77821    -3.77677 0.000564765
         369    -3.77784    -3.77677 0.000563242
         370     -3.7776    -3.77677 0.000561724
         371     -3.7775    -3.77677 0.000560214
         372    -3.77722    -3.77677 0.000558709
         373    -3.77753    -3.77678 0.000557215
         374    -3.77767    -3.77678  0.00055573
         375    -3.77734    -3.77678  0.00055425
         376    -3.77715    -3.77678 0.000552777
         377    -3.77709    -3.77678 0.000551311
         378    -3.77672    -3.77678 0.000549853
         379    -3.77709    -3.77678 0.000548403
         380     -3.7767    -3.77678  0.00054696
         381    -3.77644    -3.77678 0.000545525
         382    -3.77633    -3.77678 0.000544098
         383     -3.7759    -3.77678 0.000542682
         384    -3.77623    -3.77678 0.000541271
         385    -3.77579    -3.77677 0.000539871
         386    -3.77535    -3.77677 0.000538485
         387    -3.77505    -3.77677 0.000537112
         388    -3.77459    -3.77676 0.000535757
         389    -3.77427    -3.77675 0.000534418
         390    -3.77394    -3.77675 0.000533096
         391    -3.77437    -3.77674 0.000531767
         392    -3.77463    -3.77673 0.000530438
         393    -3.77457    -3.77673 0.000529117
         394    -3.77451    -3.77672 0.000527804
         395    -3.77429    -3.77672 0.000526504
         396    -3.77361    -3.77671 0.000525233
         397    -3.77336     -3.7767 0.000523977
         398     -3.7728    -3.77669 0.000522752
         399    -3.77285    -3.77668 0.000521531
         400    -3.77303    -3.77667 0.000520307
         401    -3.77276    -3.77666 0.000519101
         402    -3.77263    -3.77665 0.000517907
         403    -3.77236    -3.77664 0.000516732
         404    -3.77193    -3.77663 0.000515584
         405    -3.77243    -3.77662 0.000514415
         406    -3.77202    -3.77661 0.000513273
         407    -3.77164     -3.7766 0.000512157
         408    -3.77097    -3.77658 0.000511087
         409    -3.77064    -3.77657 0.000510044
         410    -3.77063    -3.77655 0.000509006
         411    -3.77021    -3.77654 0.000508001
         412    -3.77013    -3.77652 0.000507006
         413    -3.77024    -3.77651 0.000506006
         414    -3.77115    -3.77649 0.000504949
         415     -3.7715    -3.77648 0.000503876
         416    -3.77174    -3.77647 0.000502794
         417    -3.77156    -3.77646 0.000501726
         418    -3.77172    -3.77645 0.000500653
         419    -3.77207    -3.77644 0.000499568
         420    -3.77244    -3.77643 0.000498469
         421    -3.77252    -3.77642 0.000497372
         422    -3.77307    -3.77641 0.000496256
         423    -3.77301     -3.7764 0.000495148
         424     -3.7734     -3.7764 0.000494031
         425    -3.77362    -3.77639 0.000492912
         426    -3.77352    -3.77638 0.000491801
         427     -3.7743    -3.77638 0.000490673
         428    -3.77475    -3.77637 0.000489541
         429    -3.77486    -3.77637 0.000488413
         430    -3.77509    -3.77637 0.000487286
         431    -3.77527    -3.77636 0.000486162
         432    -3.77527    -3.77636 0.000485044
         433    -3.77539    -3.77636 0.000483929
         434    -3.77547    -3.77636 0.000482818
         435    -3.77568    -3.77636  0.00048171
         436    -3.77526    -3.77635 0.000480612
         437    -3.77574    -3.77635 0.000479514
         438    -3.77544    -3.77635 0.000478424
         439    -3.77543    -3.77635 0.000477339
         440    -3.77437    -3.77634 0.000476275
         441    -3.77437    -3.77634 0.000475216
         442    -3.77407    -3.77633 0.000474169
         443    -3.77392    -3.77633  0.00047313
         444    -3.77379    -3.77632 0.000472099
         445    -3.77353    -3.77632  0.00047108
         446    -3.77297    -3.77631 0.000470083
         447    -3.77259     -3.7763 0.000469105
         448    -3.77283    -3.77629 0.000468122
         449    -3.77233    -3.77628 0.000467163
         450      -3.772    -3.77627 0.000466222
         451    -3.77184    -3.77627 0.000465292
         452    -3.77124    -3.77625 0.000464396
         453    -3.77125    -3.77624 0.000463502
         454    -3.77098    -3.77623 0.000462625
         455    -3.77117    -3.77622 0.000461742
         456    -3.77092    -3.77621 0.000460876
         457    -3.77083     -3.7762 0.000460018
         458    -3.77074    -3.77618 0.000459168
         459    -3.77126    -3.77617 0.000458293
         460    -3.77118    -3.77616 0.000457425
         461    -3.77095    -3.77615 0.000456573
         462    -3.77102    -3.77614  0.00045572
         463    -3.77125    -3.77613 0.000454858
         464    -3.77073    -3.77612 0.000454026
         465    -3.77052    -3.77611 0.000453209
         466    -3.77061    -3.77609  0.00045239
         467    -3.77102    -3.77608 0.000451552
         468    -3.77128    -3.77607 0.000450704
         469    -3.77155    -3.77606 0.000449847
         470    -3.77152    -3.77605 0.000448993
         471    -3.77151    -3.77604 0.000448144
         472     -3.7715    -3.77604 0.000447297
         473    -3.77151    -3.77603 0.000446454
         474    -3.77152    -3.77602 0.000445614
         475    -3.77153    -3.77601 0.000444776
         476    -3.77124      -3.776 0.000443954
         477    -3.77125    -3.77599 0.000443135
         478    -3.77141    -3.77598 0.000442311
         479    -3.77125    -3.77597 0.000441498
         480    -3.77169    -3.77596 0.000440668
         481    -3.77195    -3.77595 0.000439831
         482     -3.7719    -3.77594 0.000438998
         483    -3.77197    -3.77593 0.000438167
         484    -3.77216    -3.77593  0.00043733
         485    -3.77203    -3.77592 0.000436503
         486    -3.77172    -3.77591  0.00043569
         487    -3.77152     -3.7759 0.000434888
         488    -3.77161    -3.77589 0.000434086
         489    -3.77136    -3.77588 0.000433297
         490     -3.7717    -3.77587 0.000432497
         491    -3.77216    -3.77587 0.000431682
         492    -3.77154    -3.77586 0.000430895
         493    -3.77166    -3.77585 0.000430105
         494     -3.7713    -3.77584 0.000429333
         495    -3.77169    -3.77583 0.000428547
         496    -3.77176    -3.77582 0.000427762
         497    -3.77122    -3.77581 0.000427001
         498    -3.77113     -3.7758 0.000426247
         499    -3.77133    -3.77579 0.000425488
         500    -3.77123    -3.77579 0.000424735
         501    -3.77081    -3.77578 0.000424003
         502    -3.77071    -3.77577 0.000423278
         503    -3.77046    -3.77576 0.000422568
         504    -3.77021    -3.77574 0.000421873
         505    -3.77012    -3.77573 0.000421184
         506    -3.77035    -3.77572 0.000420486
         507    -3.77028    -3.77571 0.000419794
         508    -3.76978     -3.7757  0.00041913
         509     -3.7702    -3.77569 0.000418446
         510    -3.76973    -3.77568 0.000417789
         511    -3.76958    -3.77567 0.000417142
         512    -3.76946    -3.77565 0.000416503
         513    -3.76952    -3.77564 0.000415862
         514    -3.76915    -3.77563 0.000415245
         515    -3.76925    -3.77562 0.000414623
         516    -3.76939     -3.7756 0.000413995
         517     -3.7688    -3.77559 0.000413404
         518    -3.76883    -3.77558 0.000412812
         519    -3.76873    -3.77557 0.000412227
         520     -3.7688    -3.77555 0.000411639
         521    -3.76935    -3.77554 0.000411021
         522     -3.7696    -3.77553 0.000410391
         523    -3.77001    -3.77552 0.000409742
         524    -3.76998    -3.77551 0.000409097
         525     -3.7701     -3.7755 0.000408447
         526    -3.76991    -3.77549 0.000407809
         527    -3.76987    -3.77548 0.000407174
         528    -3.76968    -3.77547 0.000406551
         529    -3.76979    -3.77545 0.000405924
         530    -3.77019    -3.77544 0.000405279
         531    -3.77014    -3.77543 0.000404639
         532    -3.76993    -3.77542 0.000404011
         533    -3.77003    -3.77541  0.00040338
         534    -3.77027     -3.7754 0.000402739
         535    -3.77052     -3.7754  0.00040209
         536    -3.77093    -3.77539 0.000401426
         537    -3.77074    -3.77538 0.000400772
         538    -3.77086    -3.77537 0.000400114
         539      -3.771    -3.77536 0.000399454
         540    -3.77101    -3.77535 0.000398796
         541    -3.77087    -3.77535 0.000398145
         542    -3.77152    -3.77534 0.000397473
         543    -3.77142    -3.77533 0.000396806
         544    -3.77134    -3.77532 0.000396145
         545    -3.77219    -3.77532  0.00039546
         546     -3.7726    -3.77531 0.000394767
         547    -3.77272    -3.77531 0.000394074
         548    -3.77255     -3.7753 0.000393387
         549    -3.77269     -3.7753 0.000392699
         550     -3.7733    -3.77529 0.000392002
         551    -3.77376    -3.77529   0.0003913
         552    -3.77422    -3.77529 0.000390596
         553    -3.77438    -3.77529 0.000389893
         554    -3.77499    -3.77529  0.00038919
         555    -3.77515    -3.77529 0.000388489
         556    -3.77575    -3.77529 0.000387791
         557    -3.77619    -3.77529 0.000387098
         558    -3.77617    -3.77529 0.000386408
         559    -3.77598    -3.77529 0.000385718
         560    -3.77654     -3.7753 0.000385036
         561    -3.77662     -3.7753 0.000384357
         562    -3.77639     -3.7753 0.000383678
         563    -3.77645     -3.7753 0.000383002
         564    -3.77694     -3.7753 0.000382334
         565    -3.77726    -3.77531 0.000381673
         566    -3.77757    -3.77531 0.000381019
         567    -3.77755    -3.77532 0.000380368
         568    -3.77767    -3.77532 0.000379721
         569    -3.77807    -3.77532 0.000379084
         570    -3.77876    -3.77533 0.000378467
         571    -3.77914    -3.77534 0.000377863
         572    -3.77905    -3.77534 0.000377258
         573    -3.77894    -3.77535 0.000376652
         574    -3.77943    -3.77536 0.000376063
         575     -3.7796    -3.77536 0.000375481
         576    -3.77977    -3.77537 0.000374907
         577    -3.78009    -3.77538 0.000374346
         578    -3.78009    -3.77539 0.000373787
         579    -3.77994     -3.7754 0.000373225
         580    -3.78024     -3.7754 0.000372674
         581    -3.78054    -3.77541 0.000372138
         582    -3.78054    -3.77542 0.000371603
         583    -3.78099    -3.77543 0.000371088
         584    -3.78145    -3.77544 0.000370595
         585    -3.78145    -3.77545 0.000370104
         586    -3.78145    -3.77546 0.000369614
         587    -3.78206    -3.77547 0.000369155
         588    -3.78221    -3.77549 0.000368705
         589    -3.78191     -3.7755  0.00036824
         590    -3.78236    -3.77551   0.0003678
         591     -3.7825    -3.77552 0.000367368
         592    -3.78233    -3.77553 0.000366928
         593    -3.78261    -3.77554 0.000366503
         594    -3.78242    -3.77556 0.000366069
         595    -3.78252    -3.77557  0.00036564
         596    -3.78199    -3.77558 0.000365186
         597    -3.78236    -3.77559 0.000364751
         598    -3.78195     -3.7756 0.000364296
         599    -3.78167    -3.77561 0.000363829
         600    -3.78168    -3.77562 0.000363363
         601    -3.78152    -3.77563 0.000362891
         602    -3.78149    -3.77564 0.000362419
         603    -3.78099    -3.77565 0.000361927
         604    -3.78108    -3.77566 0.000361439
         605    -3.78116    -3.77567 0.000360956
         606    -3.78107    -3.77568  0.00036047
         607    -3.78082    -3.77568 0.000359976
         608    -3.78072    -3.77569 0.000359479
         609    -3.78046     -3.7757 0.000358974
         610    -3.78005    -3.77571 0.000358457
         611    -3.77935    -3.77571  0.00035792
         612    -3.77864    -3.77572 0.000357367
         613     -3.7781    -3.77572 0.000356805
         614    -3.77787    -3.77573 0.000356241
         615     -3.7775    -3.77573 0.000355674
         616    -3.77729    -3.77573 0.000355105
         617     -3.7771    -3.77573 0.000354537
         618    -3.77769    -3.77574 0.000353977
         619    -3.77739    -3.77574 0.000353415
         620    -3.77755    -3.77574 0.000352857
         621    -3.77743    -3.77574   0.0003523
         622    -3.77764    -3.77575 0.000351746
         623     -3.7777    -3.77575 0.000351196
         624    -3.77748    -3.77575 0.000350644
         625    -3.77773    -3.77576 0.000350097
         626    -3.77738    -3.77576 0.000349548
         627    -3.77719    -3.77576 0.000348998
         628    -3.77717    -3.77576 0.000348449
         629    -3.77715    -3.77577 0.000347902
         630    -3.77698    -3.77577 0.000347355
         631    -3.77711    -3.77577 0.000346811
         632     -3.7774    -3.77577 0.000346272
         633    -3.77753    -3.77578 0.000345736
         634    -3.77735    -3.77578   0.0003452
         635    -3.77748    -3.77578 0.000344666
         636    -3.77744    -3.77578 0.000344134
         637    -3.77786    -3.77579  0.00034361
         638    -3.77766    -3.77579 0.000343084
         639    -3.77716    -3.77579 0.000342553
         640    -3.77696    -3.77579 0.000342023
         641     -3.7766    -3.77579 0.000341492
         642    -3.77624    -3.77579 0.000340961
         643    -3.77694     -3.7758 0.000340435
         644    -3.77689     -3.7758  0.00033991
         645    -3.77684     -3.7758 0.000339387
         646    -3.77694     -3.7758 0.000338867
         647     -3.7769     -3.7758 0.000338347
         648    -3.77687    -3.77581 0.000337829
         649      -3.777    -3.77581 0.000337313
         650      -3.777    -3.77581 0.000336799
         651    -3.77715    -3.77581 0.000336288
         652    -3.77716    -3.77581 0.000335779
         653    -3.77719    -3.77582 0.000335271
         654    -3.77677    -3.77582 0.000334762
         655    -3.77651    -3.77582 0.000334253
         656    -3.77565    -3.77582 0.000333743
         657    -3.77586    -3.77582 0.000333235
         658    -3.77606    -3.77582 0.000332729
         659    -3.77612    -3.77582 0.000332224
         660    -3.77572    -3.77582 0.000331721
         661    -3.77577    -3.77582 0.000331219
         662    -3.77582    -3.77582 0.000330719
         663    -3.77615    -3.77582  0.00033022
         664    -3.77633    -3.77582 0.000329724
         665    -3.77649    -3.77582  0.00032923
         666    -3.77634    -3.77582 0.000328736
         667    -3.77618    -3.77582 0.000328244
         668    -3.77586    -3.77582 0.000327752
         669    -3.77583    -3.77582 0.000327263
         670    -3.77564    -3.77582 0.000326774
         671    -3.77589    -3.77582 0.000326287
         672    -3.77524    -3.77582 0.000325803
         673    -3.77518    -3.77582  0.00032532
         674    -3.77498    -3.77582  0.00032484
         675    -3.77477    -3.77582 0.000324362
         676    -3.77457    -3.77582 0.000323888
         677    -3.77453    -3.77581 0.000323415
         678    -3.77449    -3.77581 0.000322944
         679    -3.77477    -3.77581 0.000322472
         680    -3.77491    -3.77581    0.000322
         681    -3.77475    -3.77581 0.000321531
         682    -3.77507    -3.77581 0.000321062
         683     -3.7754    -3.77581 0.000320592
         684    -3.77559     -3.7758 0.000320124
         685     -3.7755     -3.7758 0.000319657
         686    -3.77542     -3.7758 0.000319191
         687    -3.77521     -3.7758 0.000318728
         688    -3.77531     -3.7758 0.000318265
         689    -3.77558     -3.7758 0.000317803
         690    -3.77601     -3.7758 0.000317343
         691    -3.77615     -3.7758 0.000316884
         692    -3.77615     -3.7758 0.000316427
         693    -3.77616     -3.7758  0.00031597
         694    -3.77647     -3.7758 0.000315517
         695    -3.77634    -3.77581 0.000315064
         696     -3.7762    -3.77581 0.000314611
         697    -3.77653    -3.77581 0.000314162
         698    -3.77654    -3.77581 0.000313713
         699    -3.77655    -3.77581 0.000313266
         700      -3.777    -3.77581 0.000312823
         701    -3.77714    -3.77581 0.000312383
         702    -3.77727    -3.77581 0.000311945
         703    -3.77738    -3.77582 0.000311509
         704    -3.77732    -3.77582 0.000311074
         705    -3.77755    -3.77582 0.000310642
         706     -3.7773    -3.77582 0.000310209
         707    -3.77779    -3.77583 0.000309783
         708     -3.7778    -3.77583 0.000309358
         709    -3.77749    -3.77583 0.000308931
         710    -3.77685    -3.77583 0.000308499
         711     -3.7771    -3.77583  0.00030807
         712    -3.77671    -3.77584  0.00030764
         713    -3.77691    -3.77584 0.000307212
         714    -3.77709    -3.77584 0.000306787
         715    -3.77724    -3.77584 0.000306364
         716    -3.77707    -3.77584 0.000305941
         717    -3.77719    -3.77584  0.00030552
         718    -3.77713    -3.77585   0.0003051
         719    -3.77722    -3.77585 0.000304681
         720    -3.77729    -3.77585 0.000304265
         721    -3.77736    -3.77585  0.00030385
         722    -3.77726    -3.77585 0.000303435
         723    -3.77701    -3.77586  0.00030302
         724    -3.77676    -3.77586 0.000302604
         725    -3.77636    -3.77586 0.000302187
         726    -3.77686    -3.77586 0.000301774
         727    -3.77662    -3.77586 0.000301361
         728    -3.77669    -3.77586 0.000300949
         729    -3.77631    -3.77586 0.000300537
         730     -3.7758    -3.77586 0.000300125
         731     -3.7753    -3.77586 0.000299716
         732    -3.77542    -3.77586 0.000299307
         733    -3.77556    -3.77586 0.000298899
         734    -3.77527    -3.77586 0.000298493
         735     -3.7753    -3.77586 0.000298088
         736    -3.77519    -3.77586 0.000297684
         737    -3.77512    -3.77586 0.000297282
         738    -3.77506    -3.77586 0.000296881
         739    -3.77594    -3.77586 0.000296479
         740    -3.77594    -3.77586 0.000296078
         741    -3.77611    -3.77586 0.000295679
         742    -3.77661    -3.77586 0.000295282
         743    -3.77638    -3.77586 0.000294886
         744    -3.77632    -3.77586  0.00029449
         745    -3.77598    -3.77586 0.000294095
         746    -3.77597    -3.77586 0.000293701
         747    -3.77598    -3.77586 0.000293308
         748    -3.77661    -3.77586 0.000292917
         749    -3.77665    -3.77586 0.000292528
         750    -3.77686    -3.77586 0.000292141
         751    -3.77707    -3.77586 0.000291756
         752     -3.7779    -3.77587 0.000291381
         753    -3.77859    -3.77587 0.000291016
         754    -3.77852    -3.77587 0.000290652
         755    -3.77876    -3.77588 0.000290292
         756    -3.77899    -3.77588 0.000289937
         757    -3.77951    -3.77589 0.000289594
         758    -3.77942    -3.77589 0.000289249
         759    -3.77947     -3.7759 0.000288906
         760    -3.77965     -3.7759 0.000288568
         761    -3.77981    -3.77591 0.000288235
         762    -3.77979    -3.77591 0.000287902
         763    -3.77976    -3.77592 0.000287569
         764    -3.77985    -3.77592 0.000287238
         765    -3.77947    -3.77593 0.000286901
         766    -3.77922    -3.77593 0.000286558
         767     -3.7794    -3.77594  0.00028622
         768    -3.77955    -3.77594 0.000285886
         769    -3.77953    -3.77594 0.000285553
         770    -3.77905    -3.77595  0.00028521
         771    -3.77899    -3.77595 0.000284868
         772    -3.77878    -3.77596 0.000284522
         773     -3.7787    -3.77596 0.000284176
         774    -3.77891    -3.77596 0.000283835
         775    -3.77866    -3.77597  0.00028349
         776    -3.77841    -3.77597 0.000283142
         777     -3.7783    -3.77597 0.000282793
         778    -3.77849    -3.77598 0.000282448
         779    -3.77837    -3.77598 0.000282102
         780    -3.77826    -3.77598 0.000281756
         781     -3.7786    -3.77599 0.000281415
         782     -3.7782    -3.77599 0.000281069
         783    -3.77839    -3.77599 0.000280727
         784    -3.77769    -3.77599 0.000280378
         785    -3.77791      -3.776 0.000280031
         786    -3.77737      -3.776  0.00027968
         787     -3.7773      -3.776  0.00027933
         788    -3.77709      -3.776 0.000278979
         789    -3.77688      -3.776 0.000278627
         790    -3.77669      -3.776 0.000278276
         791    -3.77637      -3.776 0.000277925
         792    -3.77636      -3.776 0.000277574
         793    -3.77681      -3.776 0.000277226
         794    -3.77698    -3.77601 0.000276879
         795    -3.77687    -3.77601 0.000276533
         796    -3.77707    -3.77601 0.000276189
         797    -3.77744    -3.77601 0.000275848
         798    -3.77752    -3.77601 0.000275509
         799    -3.77686    -3.77601 0.000275167
         800    -3.77743    -3.77602 0.000274828
         801      -3.778    -3.77602 0.000274496
         802    -3.77797    -3.77602 0.000274165
         803    -3.77796    -3.77602 0.000273834
         804    -3.77825    -3.77603 0.000273507
         805    -3.77794    -3.77603 0.000273178
         806    -3.77778    -3.77603 0.000272848
         807    -3.77792    -3.77603  0.00027252
         808    -3.77836    -3.77603 0.000272198
         809    -3.77788    -3.77604 0.000271871
         810    -3.77755    -3.77604 0.000271542
         811    -3.77766    -3.77604 0.000271214
         812     -3.7779    -3.77604  0.00027089
         813    -3.77783    -3.77605 0.000270565
         814    -3.77834    -3.77605 0.000270248
         815    -3.77839    -3.77605 0.000269931
         816    -3.77841    -3.77605 0.000269616
         817    -3.77842    -3.77606 0.000269302
         818    -3.77842    -3.77606 0.000268988
         819     -3.7784    -3.77606 0.000268675
         820    -3.77821    -3.77607  0.00026836
         821    -3.77771    -3.77607  0.00026804
         822    -3.77734    -3.77607 0.000267719
         823    -3.77772    -3.77607 0.000267401
         824    -3.77719    -3.77607  0.00026708
         825    -3.77741    -3.77607 0.000266761
         826    -3.77717    -3.77608 0.000266441
         827    -3.77692    -3.77608 0.000266121
         828    -3.77728    -3.77608 0.000265804
         829    -3.77734    -3.77608 0.000265488
         830     -3.7771    -3.77608 0.000265171
         831    -3.77701    -3.77608 0.000264854
         832    -3.77723    -3.77608 0.000264539
         833    -3.77746    -3.77608 0.000264227
         834    -3.77724    -3.77609 0.000263913
         835    -3.77703    -3.77609   0.0002636
         836    -3.77743    -3.77609 0.000263289
         837    -3.77738    -3.77609 0.000262979
         838    -3.77765    -3.77609 0.000262672
         839    -3.77778    -3.77609 0.000262367
         840    -3.77761     -3.7761 0.000262061
         841    -3.77791     -3.7761 0.000261758
         842    -3.77746     -3.7761 0.000261452
         843    -3.77748     -3.7761 0.000261147
         844    -3.77735     -3.7761 0.000260842
         845    -3.77768     -3.7761  0.00026054
         846    -3.77757    -3.77611 0.000260238
         847    -3.77732    -3.77611 0.000259934
         848    -3.77723    -3.77611 0.000259631
         849    -3.77699    -3.77611 0.000259327
         850    -3.77706    -3.77611 0.000259025
         851    -3.77744    -3.77611 0.000258725
         852    -3.77721    -3.77611 0.000258425
         853    -3.77699    -3.77612 0.000258124
         854    -3.77693    -3.77612 0.000257823
         855    -3.77702    -3.77612 0.000257524
         856    -3.77695    -3.77612 0.000257225
         857    -3.77734    -3.77612 0.000256929
         858    -3.77743    -3.77612 0.000256634
         859    -3.77766    -3.77612 0.000256341
         860    -3.77773    -3.77612  0.00025605
         861    -3.77735    -3.77613 0.000255757
         862    -3.77711    -3.77613 0.000255462
         863    -3.77716    -3.77613 0.000255169
         864    -3.77766    -3.77613  0.00025488
         865    -3.77754    -3.77613 0.000254591
         866    -3.77725    -3.77613   0.0002543
         867    -3.77741    -3.77613 0.000254011
         868    -3.77725    -3.77614 0.000253721
         869    -3.77737    -3.77614 0.000253433
         870    -3.77733    -3.77614 0.000253146
         871    -3.77727    -3.77614 0.000252858
         872    -3.77735    -3.77614 0.000252572
         873    -3.77726    -3.77614 0.000252286
         874    -3.77685    -3.77614 0.000251999
         875    -3.77688    -3.77614 0.000251712
         876    -3.77704    -3.77615 0.000251427
         877    -3.77719    -3.77615 0.000251143
         878    -3.77703    -3.77615 0.000250859
         879      -3.777    -3.77615 0.000250576
         880    -3.77667    -3.77615 0.000250291
         881    -3.77632    -3.77615 0.000250007
         882    -3.77536    -3.77615 0.000249726
         883    -3.77515    -3.77615 0.000249445
         884    -3.77463    -3.77615 0.000249169
         885    -3.77441    -3.77614 0.000248895
         886    -3.77404    -3.77614 0.000248626
         887    -3.77428    -3.77614 0.000248354
         888    -3.77451    -3.77614 0.000248081
         889    -3.77444    -3.77614  0.00024781
         890    -3.77422    -3.77613  0.00024754
         891    -3.77401    -3.77613 0.000247274
         892    -3.77395    -3.77613 0.000247009
         893    -3.77374    -3.77613 0.000246747
         894    -3.77368    -3.77612 0.000246486
         895    -3.77348    -3.77612 0.000246228
         896    -3.77359    -3.77612  0.00024597
         897    -3.77354    -3.77611 0.000245712
         898    -3.77289    -3.77611 0.000245465
         899    -3.77301    -3.77611 0.000245216
         900    -3.77296     -3.7761 0.000244968
         901    -3.77277     -3.7761 0.000244725
         902    -3.77212     -3.7761 0.000244493
         903    -3.77177    -3.77609 0.000244269
         904    -3.77096    -3.77609 0.000244065
         905    -3.77151    -3.77608 0.000243847
         906    -3.77115    -3.77607 0.000243639
         907    -3.77138    -3.77607 0.000243425
         908      -3.771    -3.77606 0.000243221
         909    -3.77016    -3.77606 0.000243041
         910    -3.76976    -3.77605 0.000242872
         911     -3.7695    -3.77604 0.000242712
         912    -3.76924    -3.77604  0.00024256
         913    -3.76911    -3.77603 0.000242413
         914    -3.76883    -3.77602 0.000242276
         915    -3.76854    -3.77601 0.000242149
         916     -3.7684      -3.776 0.000242027
         917    -3.76765      -3.776 0.000241935
         918    -3.76705    -3.77599 0.000241868
         919     -3.7666    -3.77598  0.00024182
         920    -3.76661    -3.77596 0.000241771
         921    -3.76647    -3.77595 0.000241728
         922     -3.7659    -3.77594 0.000241712
         923    -3.76564    -3.77593 0.000241708
         924    -3.76494    -3.77592 0.000241739
         925    -3.76441    -3.77591 0.000241798
         926    -3.76466     -3.7759 0.000241841
         927    -3.76465    -3.77588 0.000241885
         928    -3.76467    -3.77587 0.000241926
         929    -3.76428    -3.77586 0.000241987
         930    -3.76408    -3.77585 0.000242058
         931    -3.76514    -3.77584 0.000242071
         932     -3.7652    -3.77582  0.00024208
         933    -3.76501    -3.77581 0.000242098
         934    -3.76564     -3.7758 0.000242084
         935    -3.76649    -3.77579  0.00024203
         936    -3.76694    -3.77578 0.000241956
         937    -3.76685    -3.77577 0.000241885
         938    -3.76697    -3.77576 0.000241809
         939    -3.76716    -3.77575 0.000241725
         940    -3.76739    -3.77574 0.000241632
         941    -3.76873    -3.77574  0.00024149
         942    -3.76936    -3.77573 0.000241328
         943    -3.76987    -3.77572 0.000241152
         944    -3.77131    -3.77572 0.000240942
         945    -3.77171    -3.77572 0.000240724
         946    -3.77272    -3.77571 0.000240491
         947    -3.77342    -3.77571 0.000240249
         948    -3.77427    -3.77571     0.00024
         949    -3.77526    -3.77571 0.000239748
         950    -3.77608    -3.77571 0.000239496
         951    -3.77659    -3.77571 0.000239246
         952    -3.77722    -3.77571    0.000239
         953    -3.77769    -3.77571 0.000238758
         954    -3.77845    -3.77572 0.000238525
         955    -3.77889    -3.77572 0.000238298
         956    -3.77932    -3.77572 0.000238079
         957    -3.78004    -3.77573 0.000237873
         958     -3.7803    -3.77573 0.000237672
         959    -3.78132    -3.77574 0.000237496
         960    -3.78158    -3.77574 0.000237327
         961    -3.78169    -3.77575 0.000237161
         962     -3.7818    -3.77576 0.000236997
         963     -3.7819    -3.77576 0.000236837
         964    -3.78245    -3.77577 0.000236693
         965    -3.78314    -3.77578 0.000236571
         966    -3.78352    -3.77579 0.000236462
         967    -3.78403    -3.77579 0.000236371
         968    -3.78423     -3.7758 0.000236287
         969    -3.78485    -3.77581 0.000236228
         970    -3.78499    -3.77582 0.000236173
         971    -3.78554    -3.77583 0.000236142
         972    -3.78637    -3.77584 0.000236148
         973    -3.78609    -3.77585  0.00023614
         974    -3.78667    -3.77586 0.000236158
         975    -3.78674    -3.77588 0.000236179
         976    -3.78676    -3.77589 0.000236201
         977    -3.78658     -3.7759 0.000236212
         978    -3.78664    -3.77591 0.000236226
         979    -3.78648    -3.77592 0.000236231
         980    -3.78657    -3.77593  0.00023624
         981    -3.78661    -3.77594  0.00023625
         982    -3.78628    -3.77595 0.000236244
         983    -3.78635    -3.77596  0.00023624
         984    -3.78636    -3.77597 0.000236237
         985    -3.78587    -3.77598  0.00023621
         986    -3.78549    -3.77599 0.000236167
         987    -3.78566      -3.776 0.000236131
         988    -3.78535    -3.77601 0.000236082
         989    -3.78515    -3.77602 0.000236024
         990    -3.78447    -3.77603  0.00023594
         991    -3.78452    -3.77604 0.000235857
         992    -3.78364    -3.77605 0.000235744
         993    -3.78305    -3.77605 0.000235612
         994    -3.78199    -3.77606 0.000235451
         995    -3.78092    -3.77606 0.000235265
         996    -3.78001    -3.77607 0.000235062
         997    -3.77955    -3.77607 0.000234852
         998    -3.77894    -3.77607 0.000234634
         999    -3.77819    -3.77608 0.000234409
        1000     -3.7776    -3.77608  0.00023418
        1001    -3.77688    -3.77608 0.000233947
        1002    -3.77633    -3.77608 0.000233714
        1003     -3.7758    -3.77608 0.000233481
        1004    -3.77605    -3.77608 0.000233248
        1005    -3.77542    -3.77608 0.000233017
        1006    -3.77481    -3.77608 0.000232789
        1007    -3.77407    -3.77607 0.000232566
        1008    -3.77322    -3.77607 0.000232353
        1009    -3.77284    -3.77607 0.000232145
        1010    -3.77173    -3.77606 0.000231955
        1011    -3.77185    -3.77606 0.000231763
        1012    -3.77154    -3.77606 0.000231576
        1013    -3.77141    -3.77605 0.000231393
        1014     -3.7713    -3.77605 0.000231212
        1015    -3.77105    -3.77604 0.000231037
        1016    -3.77082    -3.77604 0.000230867
        1017     -3.7712    -3.77603 0.000230689
        1018      -3.771    -3.77603 0.000230515
        1019     -3.7705    -3.77602 0.000230353
        1020    -3.77017    -3.77602 0.000230198
        1021    -3.76985    -3.77601 0.000230052
        1022    -3.76953      -3.776 0.000229914
        1023    -3.76893      -3.776 0.000229793
        1024    -3.76848    -3.77599 0.000229686
        1025    -3.76835    -3.77598 0.000229583
        1026    -3.76793    -3.77597 0.000229493
        1027    -3.76828    -3.77597 0.000229392
        1028     -3.7679    -3.77596 0.000229303
        1029    -3.76753    -3.77595 0.000229226
        1030    -3.76734    -3.77594 0.000229156
        1031    -3.76777    -3.77593 0.000229071
        1032    -3.76839    -3.77593 0.000228966
        1033    -3.76843    -3.77592 0.000228859
        1034     -3.7685    -3.77591  0.00022875
        1035    -3.76891     -3.7759 0.000228629
        1036    -3.76905     -3.7759 0.000228504
        1037    -3.76968    -3.77589 0.000228362
        1038     -3.7696    -3.77589 0.000228222
        1039    -3.76986    -3.77588 0.000228076
        1040    -3.76926    -3.77587 0.000227946
        1041    -3.76975    -3.77587 0.000227803
        1042    -3.77027    -3.77586 0.000227648
        1043    -3.77068    -3.77586 0.000227484
        1044    -3.77128    -3.77585 0.000227308
        1045    -3.77145    -3.77585  0.00022713
        1046    -3.77165    -3.77585 0.000226948
        1047    -3.77218    -3.77584 0.000226758
        1048    -3.77273    -3.77584 0.000226561
        1049    -3.77314    -3.77584  0.00022636
        1050    -3.77371    -3.77583 0.000226153
        1051    -3.77459    -3.77583 0.000225941
        1052    -3.77547    -3.77583 0.000225727
        1053    -3.77588    -3.77583 0.000225512
        1054    -3.77689    -3.77583 0.000225301
        1055    -3.77758    -3.77584 0.000225093
        1056    -3.77841    -3.77584 0.000224893
        1057     -3.7789    -3.77584 0.000224699
        1058    -3.77967    -3.77584 0.000224516
        1059     -3.7798    -3.77585 0.000224335
        1060    -3.78004    -3.77585 0.000224158
        1061     -3.7804    -3.77586 0.000223988
        1062    -3.78086    -3.77586 0.000223827
        1063    -3.78128    -3.77587 0.000223674
        1064    -3.78121    -3.77587  0.00022352
        1065    -3.78155    -3.77588 0.000223374
        1066    -3.78168    -3.77588 0.000223231
        1067    -3.78178    -3.77589  0.00022309
        1068    -3.78213    -3.77589 0.000222958
        1069    -3.78229     -3.7759  0.00022283
        1070    -3.78211     -3.7759 0.000222697
        1071    -3.78219    -3.77591 0.000222567
        1072    -3.78223    -3.77592 0.000222437
        1073    -3.78193    -3.77592   0.0002223
        1074     -3.7813    -3.77593  0.00022215
        1075    -3.78108    -3.77593 0.000221995
        1076    -3.78069    -3.77594 0.000221832
        1077    -3.77996    -3.77594 0.000221658
        1078    -3.77966    -3.77594 0.000221479
        1079    -3.77949    -3.77595 0.000221298
        1080    -3.77945    -3.77595 0.000221117
        1081    -3.77924    -3.77595 0.000220933
        1082    -3.77856    -3.77596 0.000220742
        1083    -3.77802    -3.77596 0.000220547
        1084    -3.77808    -3.77596 0.000220352
        1085    -3.77752    -3.77596 0.000220154
        1086    -3.77681    -3.77596 0.000219952
        1087     -3.7761    -3.77596  0.00021975
        1088    -3.77569    -3.77596 0.000219548
        1089    -3.77589    -3.77596 0.000219346
        1090    -3.77535    -3.77596 0.000219146
        1091    -3.77451    -3.77596 0.000218949
        1092    -3.77413    -3.77596 0.000218755
        1093    -3.77392    -3.77596 0.000218563
        1094    -3.77388    -3.77595 0.000218371
        1095    -3.77355    -3.77595 0.000218183
        1096    -3.77309    -3.77595 0.000217999
        1097     -3.7725    -3.77595 0.000217823
        1098    -3.77193    -3.77594 0.000217656
        1099    -3.77199    -3.77594 0.000217488
        1100    -3.77192    -3.77594 0.000217321
        1101    -3.77157    -3.77593 0.000217159
        1102     -3.7714    -3.77593 0.000217001
        1103    -3.77156    -3.77592 0.000216841
        1104    -3.77129    -3.77592 0.000216685
        1105    -3.77165    -3.77592 0.000216523
        1106    -3.77143    -3.77591 0.000216365
        1107    -3.77139    -3.77591 0.000216209
        1108    -3.77137     -3.7759 0.000216052
        1109    -3.77107     -3.7759 0.000215901
        1110    -3.77079    -3.77589 0.000215756
        1111    -3.77084    -3.77589  0.00021561
        1112     -3.7706    -3.77588 0.000215468
        1113    -3.77083    -3.77588 0.000215322
        1114    -3.77048    -3.77588 0.000215184
        1115    -3.77058    -3.77587 0.000215043
        1116    -3.77025    -3.77587 0.000214909
        1117    -3.77007    -3.77586  0.00021478
        1118    -3.77005    -3.77586  0.00021465
        1119    -3.77064    -3.77585 0.000214509
        1120    -3.77138    -3.77585 0.000214355
        1121    -3.77166    -3.77584 0.000214196
        1122    -3.77179    -3.77584 0.000214036
        1123    -3.77191    -3.77584 0.000213874
        1124    -3.77202    -3.77583  0.00021371
        1125    -3.77227    -3.77583 0.000213544
        1126    -3.77312    -3.77583 0.000213368
        1127     -3.7735    -3.77582 0.000213188
        1128    -3.77386    -3.77582 0.000213006
        1129    -3.77345    -3.77582 0.000212828
        1130    -3.77364    -3.77582 0.000212649
        1131    -3.77381    -3.77582 0.000212468
        1132    -3.77396    -3.77582 0.000212287
        1133     -3.7738    -3.77581 0.000212107
        1134    -3.77378    -3.77581 0.000211927
        1135    -3.77406    -3.77581 0.000211746
        1136    -3.77402    -3.77581 0.000211566
        1137    -3.77396    -3.77581 0.000211386
        1138    -3.77391    -3.77581 0.000211207
        1139      -3.774     -3.7758 0.000211027
        1140    -3.77439     -3.7758 0.000210846
        1141    -3.77447     -3.7758 0.000210664
        1142    -3.77396     -3.7758 0.000210486
        1143    -3.77435     -3.7758 0.000210305
        1144    -3.77415     -3.7758 0.000210127
        1145    -3.77455     -3.7758 0.000209946
        1146    -3.77451    -3.77579 0.000209766
        1147    -3.77449    -3.77579 0.000209586
        1148    -3.77462    -3.77579 0.000209406
        1149    -3.77462    -3.77579 0.000209226
        1150    -3.77478    -3.77579 0.000209046
        1151    -3.77495    -3.77579 0.000208866
        1152    -3.77469    -3.77579 0.000208686
        1153    -3.77474    -3.77579 0.000208507
        1154    -3.77511    -3.77579 0.000208328
        1155     -3.7755    -3.77579 0.000208147
        1156    -3.77574    -3.77579 0.000207967
        1157    -3.77555    -3.77579 0.000207788
        1158    -3.77552    -3.77579 0.000207608
        1159    -3.77549    -3.77579 0.000207429
        1160    -3.77593    -3.77579 0.000207251
        1161    -3.77592    -3.77579 0.000207072
        1162    -3.77606    -3.77579 0.000206894
        1163     -3.7762    -3.77579 0.000206716
        1164    -3.77619    -3.77579 0.000206539
        1165    -3.77647    -3.77579 0.000206363
        1166     -3.7769    -3.77579 0.000206188
        1167    -3.77748    -3.77579 0.000206016
        1168    -3.77774    -3.77579 0.000205847
        1169    -3.77785    -3.77579 0.000205678
        1170    -3.77794     -3.7758 0.000205511
        1171    -3.77787     -3.7758 0.000205343
        1172    -3.77764     -3.7758 0.000205173
        1173    -3.77739     -3.7758 0.000205003
        1174    -3.77759     -3.7758 0.000204834
        1175    -3.77733     -3.7758 0.000204664
        1176    -3.77705     -3.7758 0.000204493
        1177    -3.77706    -3.77581 0.000204322
        1178    -3.77707    -3.77581 0.000204151
        1179    -3.77661    -3.77581 0.000203979
        1180     -3.7766    -3.77581 0.000203807
        1181    -3.77629    -3.77581 0.000203635
        1182    -3.77642    -3.77581 0.000203463
        1183    -3.77655    -3.77581 0.000203292
        1184    -3.77668    -3.77581 0.000203122
        1185    -3.77726    -3.77581 0.000202954
        1186     -3.7771    -3.77581 0.000202786
        1187    -3.77708    -3.77581 0.000202618
        1188    -3.77738    -3.77582 0.000202452
        1189    -3.77708    -3.77582 0.000202284
        1190    -3.77709    -3.77582 0.000202117
        1191    -3.77651    -3.77582 0.000201948
        1192    -3.77654    -3.77582  0.00020178
        1193     -3.7769    -3.77582 0.000201613
        1194    -3.77681    -3.77582 0.000201446
        1195    -3.77719    -3.77582  0.00020128
        1196    -3.77727    -3.77582 0.000201116
        1197    -3.77692    -3.77582  0.00020095
        1198    -3.77734    -3.77582 0.000200786
        1199    -3.77746    -3.77583 0.000200623
        1200    -3.77805    -3.77583 0.000200464
        1201    -3.77789    -3.77583 0.000200305
        1202    -3.77758    -3.77583 0.000200144
        1203    -3.77772    -3.77583 0.000199983
        1204    -3.77786    -3.77583 0.000199824
        1205    -3.77799    -3.77584 0.000199666
        1206    -3.77872    -3.77584 0.000199515
        1207    -3.77884    -3.77584 0.000199365
        1208    -3.77909    -3.77584 0.000199219
        1209    -3.77918    -3.77585 0.000199073
        1210    -3.77986    -3.77585 0.000198936
        1211    -3.78037    -3.77585 0.000198807
        1212    -3.78026    -3.77586 0.000198676
        1213    -3.78074    -3.77586 0.000198553
        1214    -3.78075    -3.77587 0.000198431
        1215     -3.7809    -3.77587 0.000198311
        1216    -3.78074    -3.77587 0.000198188
        1217    -3.78056    -3.77588 0.000198062
        1218    -3.78083    -3.77588 0.000197942
        1219    -3.78079    -3.77589  0.00019782
        1220    -3.78075    -3.77589 0.000197698
        1221    -3.78055    -3.77589 0.000197573
        1222     -3.7805     -3.7759 0.000197448
        1223    -3.78061     -3.7759 0.000197324
        1224     -3.7807     -3.7759 0.000197201
        1225    -3.78081    -3.77591 0.000197081
        1226    -3.78061    -3.77591 0.000196958
        1227    -3.78132    -3.77592 0.000196846
        1228    -3.78082    -3.77592 0.000196726
        1229    -3.78047    -3.77592 0.000196601
        1230    -3.78012    -3.77593 0.000196471
        1231    -3.77962    -3.77593 0.000196334
        1232    -3.77972    -3.77593 0.000196199
        1233    -3.77997    -3.77594 0.000196067
        1234    -3.78036    -3.77594 0.000195941
        1235    -3.78015    -3.77594 0.000195812
        1236    -3.77993    -3.77595  0.00019568
        1237       -3.78    -3.77595 0.000195549
        1238    -3.77992    -3.77595 0.000195418
        1239    -3.77983    -3.77596 0.000195285
        1240    -3.77898    -3.77596 0.000195143
        1241    -3.77858    -3.77596 0.000194997
        1242    -3.77816    -3.77596 0.000194848
        1243    -3.77789    -3.77597 0.000194697
        1244      -3.777    -3.77597 0.000194542
        1245    -3.77657    -3.77597 0.000194387
        1246    -3.77673    -3.77597 0.000194232
        1247    -3.77628    -3.77597 0.000194076
        1248    -3.77613    -3.77597 0.000193921
        1249    -3.77613    -3.77597 0.000193766
        1250    -3.77582    -3.77597 0.000193611
        1251    -3.77551    -3.77597 0.000193456
        1252    -3.77505    -3.77597 0.000193303
        1253     -3.7749    -3.77597 0.000193151
        1254     -3.7749    -3.77596 0.000192998
        1255     -3.7752    -3.77596 0.000192846
        1256    -3.77506    -3.77596 0.000192693
        1257    -3.77477    -3.77596 0.000192542
        1258    -3.77494    -3.77596 0.000192391
        1259    -3.77482    -3.77596  0.00019224
        1260    -3.77471    -3.77596  0.00019209
        1261    -3.77461    -3.77596 0.000191941
        1262    -3.77498    -3.77596 0.000191791
        1263     -3.7746    -3.77596 0.000191642
        1264    -3.77484    -3.77596 0.000191492
        1265    -3.77449    -3.77595 0.000191344
        1266    -3.77445    -3.77595 0.000191197
        1267    -3.77503    -3.77595 0.000191047
        1268    -3.77502    -3.77595 0.000190898
        1269    -3.77457    -3.77595 0.000190751
        1270    -3.77444    -3.77595 0.000190604
        1271    -3.77507    -3.77595 0.000190455
        1272    -3.77481    -3.77595 0.000190308
        1273    -3.77532    -3.77595 0.000190159
        1274    -3.77508    -3.77595 0.000190011
        1275     -3.7747    -3.77595 0.000189864
        1276    -3.77448    -3.77594 0.000189719
        1277    -3.77441    -3.77594 0.000189574
        1278    -3.77451    -3.77594 0.000189429
        1279    -3.77446    -3.77594 0.000189285
        1280    -3.77488    -3.77594 0.000189139
        1281    -3.77514    -3.77594 0.000188992
        1282    -3.77556    -3.77594 0.000188845
        1283    -3.77598    -3.77594 0.000188698
        1284     -3.7761    -3.77594 0.000188551
        1285    -3.77653    -3.77594 0.000188405
        1286     -3.7765    -3.77594 0.000188259
        1287    -3.77662    -3.77594 0.000188113
        1288    -3.77689    -3.77594 0.000187968
        1289      -3.777    -3.77594 0.000187824
        1290    -3.77696    -3.77594  0.00018768
        1291    -3.77676    -3.77594 0.000187536
        1292    -3.77671    -3.77594 0.000187392
        1293    -3.77696    -3.77595 0.000187249
        1294    -3.77659    -3.77595 0.000187105
        1295    -3.77682    -3.77595 0.000186961
        1296     -3.7772    -3.77595  0.00018682
        1297    -3.77711    -3.77595 0.000186678
        1298    -3.77672    -3.77595 0.000186535
        1299    -3.77646    -3.77595 0.000186392
        1300    -3.77666    -3.77595 0.000186249
        1301    -3.77639    -3.77595 0.000186106
        1302    -3.77596    -3.77595 0.000185963
        1303    -3.77628    -3.77595 0.000185821
        1304    -3.77659    -3.77595 0.000185679
        1305    -3.77598    -3.77595 0.000185537
        1306    -3.77612    -3.77595 0.000185395
        1307     -3.7755    -3.77595 0.000185253
        1308    -3.77547    -3.77595 0.000185112
        1309    -3.77528    -3.77595 0.000184971
        1310    -3.77523    -3.77595 0.000184831
        1311    -3.77487    -3.77595 0.000184692
        1312    -3.77481    -3.77595 0.000184553
        1313    -3.77459    -3.77595 0.000184415
        1314    -3.77467    -3.77595 0.000184277
        1315    -3.77459    -3.77594  0.00018414
        1316    -3.77436    -3.77594 0.000184004
        1317    -3.77427    -3.77594 0.000183869
        1318    -3.77358    -3.77594 0.000183738
        1319    -3.77335    -3.77594 0.000183609
        1320    -3.77356    -3.77594 0.000183479
        1321    -3.77348    -3.77594 0.000183349
        1322    -3.77309    -3.77593 0.000183223
        1323    -3.77317    -3.77593 0.000183097
        1324    -3.77355    -3.77593 0.000182967
        1325    -3.77334    -3.77593  0.00018284
        1326    -3.77359    -3.77593  0.00018271
        1327      -3.774    -3.77592 0.000182578
        1328    -3.77412    -3.77592 0.000182446
        1329    -3.77395    -3.77592 0.000182315
        1330     -3.7741    -3.77592 0.000182183
        1331    -3.77411    -3.77592 0.000182051
        1332    -3.77459    -3.77592 0.000181917
        1333    -3.77419    -3.77592 0.000181785
        1334    -3.77455    -3.77591 0.000181652
        1335    -3.77509    -3.77591 0.000181517
        1336    -3.77549    -3.77591 0.000181381
        1337    -3.77546    -3.77591 0.000181246
        1338    -3.77605    -3.77591  0.00018111
        1339    -3.77651    -3.77591 0.000180976
        1340    -3.77653    -3.77591 0.000180841
        1341    -3.77748    -3.77592  0.00018071
        1342    -3.77784    -3.77592 0.000180581
        1343    -3.77836    -3.77592 0.000180456
        1344     -3.7786    -3.77592 0.000180332
        1345    -3.77885    -3.77592 0.000180212
        1346    -3.77911    -3.77593 0.000180093
        1347    -3.77877    -3.77593 0.000179972
        1348     -3.7792    -3.77593 0.000179855
        1349    -3.77978    -3.77593 0.000179744
        1350    -3.77991    -3.77594 0.000179635
        1351    -3.78033    -3.77594 0.000179532
        1352    -3.78106    -3.77594 0.000179439
        1353    -3.78132    -3.77595  0.00017935
        1354    -3.78173    -3.77595 0.000179269
        1355    -3.78197    -3.77596 0.000179191
        1356    -3.78189    -3.77596 0.000179113
        1357     -3.7824    -3.77596 0.000179043
        1358    -3.78229    -3.77597 0.000178972
        1359     -3.7826    -3.77597 0.000178907
        1360    -3.78335    -3.77598 0.000178858
        1361    -3.78377    -3.77599 0.000178818
        1362    -3.78385    -3.77599  0.00017878
        1363     -3.7836      -3.776 0.000178736
        1364    -3.78363      -3.776 0.000178692
        1365    -3.78347    -3.77601 0.000178645
        1366    -3.78359    -3.77601   0.0001786
        1367    -3.78307    -3.77602 0.000178544
        1368    -3.78297    -3.77602 0.000178486
        1369    -3.78284    -3.77603 0.000178425
        1370    -3.78253    -3.77603 0.000178358
        1371    -3.78279    -3.77604 0.000178296
        1372    -3.78318    -3.77604 0.000178242
        1373    -3.78309    -3.77605 0.000178186
        1374    -3.78267    -3.77605 0.000178121
        1375    -3.78267    -3.77606 0.000178057
        1376     -3.7822    -3.77606 0.000177983
        1377     -3.7814    -3.77607 0.000177896
        1378    -3.78104    -3.77607 0.000177804
        1379     -3.7805    -3.77607 0.000177704
        1380     -3.7801    -3.77608 0.000177599
        1381    -3.77998    -3.77608 0.000177493
        1382    -3.77985    -3.77608 0.000177386
        1383    -3.77911    -3.77608 0.000177271
        1384     -3.7785    -3.77609 0.000177151
        1385    -3.77834    -3.77609 0.000177031
        1386    -3.77773    -3.77609 0.000176907
        1387    -3.77665    -3.77609  0.00017678
        1388    -3.77604    -3.77609 0.000176653
        1389    -3.77542    -3.77609 0.000176526
        1390    -3.77541    -3.77609   0.0001764
        1391    -3.77496    -3.77609 0.000176275
        1392    -3.77437    -3.77609 0.000176153
        1393    -3.77424    -3.77608 0.000176031
        1394    -3.77398    -3.77608 0.000175911
        1395    -3.77359    -3.77608 0.000175794
        1396    -3.77262    -3.77608 0.000175686
        1397    -3.77227    -3.77608 0.000175581
        1398     -3.7718    -3.77607 0.000175482
        1399    -3.77135    -3.77607 0.000175389
        1400    -3.77094    -3.77607 0.000175303
        1401    -3.77101    -3.77606 0.000175215
        1402    -3.77097    -3.77606 0.000175127
        1403    -3.77097    -3.77606  0.00017504
        1404    -3.77101    -3.77605 0.000174952
        1405    -3.77078    -3.77605 0.000174868
        1406     -3.7709    -3.77604 0.000174782
        1407    -3.77046    -3.77604 0.000174703
        1408    -3.77051    -3.77604 0.000174623
        1409    -3.77075    -3.77603 0.000174539
        1410    -3.77013    -3.77603 0.000174466
        1411    -3.77015    -3.77602 0.000174392
        1412    -3.77035    -3.77602 0.000174315
        1413    -3.77059    -3.77602 0.000174234
        1414    -3.77101    -3.77601 0.000174146
        1415      -3.771    -3.77601 0.000174059
        1416    -3.77102    -3.77601 0.000173972
        1417     -3.7712      -3.776 0.000173882
        1418    -3.77125      -3.776 0.000173792
        1419    -3.77176      -3.776 0.000173695
        1420    -3.77197    -3.77599 0.000173596
        1421    -3.77249    -3.77599 0.000173491
        1422    -3.77331    -3.77599  0.00017338
        1423    -3.77458    -3.77599 0.000173261
        1424    -3.77494    -3.77599  0.00017314
        1425    -3.77558    -3.77599 0.000173019
        1426    -3.77621    -3.77599 0.000172898
        1427    -3.77668    -3.77599 0.000172777
        1428    -3.77744    -3.77599 0.000172659
        1429    -3.77742    -3.77599 0.000172542
        1430    -3.77769    -3.77599 0.000172425
        1431     -3.7781    -3.77599 0.000172311
        1432    -3.77819    -3.77599 0.000172197
        1433    -3.77873      -3.776 0.000172088
        1434    -3.77894      -3.776  0.00017198
        1435    -3.77945      -3.776 0.000171877
        1436    -3.77964      -3.776 0.000171776
        1437    -3.77983    -3.77601 0.000171677
        1438       -3.78    -3.77601  0.00017158
        1439    -3.78001    -3.77601 0.000171483
        1440    -3.78016    -3.77601 0.000171388
        1441    -3.77985    -3.77602  0.00017129
        1442    -3.77983    -3.77602 0.000171192
        1443    -3.77965    -3.77602 0.000171092
        1444    -3.77991    -3.77602 0.000170994
        1445    -3.78017    -3.77603   0.0001709
        1446    -3.78011    -3.77603 0.000170805
        1447    -3.78004    -3.77603  0.00017071
        1448    -3.78026    -3.77604 0.000170617
        1449    -3.78062    -3.77604 0.000170528
        1450    -3.78096    -3.77604 0.000170444
        1451    -3.78084    -3.77605 0.000170359
        1452    -3.78041    -3.77605 0.000170268
        1453    -3.77995    -3.77605 0.000170172
        1454    -3.77979    -3.77605 0.000170075
        1455    -3.77946    -3.77606 0.000169974
        1456    -3.77941    -3.77606 0.000169873
        1457    -3.77951    -3.77606 0.000169773
        1458    -3.77928    -3.77606 0.000169671
        1459    -3.77874    -3.77606 0.000169564
        1460    -3.77834    -3.77607 0.000169455
        1461    -3.77838    -3.77607 0.000169347
        1462    -3.77902    -3.77607 0.000169243
        1463    -3.77889    -3.77607 0.000169138
        1464    -3.77861    -3.77607 0.000169031
        1465    -3.77862    -3.77608 0.000168925
        1466    -3.77833    -3.77608 0.000168817
        1467    -3.77775    -3.77608 0.000168706
        1468    -3.77686    -3.77608 0.000168592
        1469    -3.77644    -3.77608 0.000168477
        1470    -3.77662    -3.77608 0.000168363
        1471    -3.77667    -3.77608 0.000168249
        1472    -3.77688    -3.77608 0.000168135
        1473     -3.7765    -3.77608 0.000168021
        1474    -3.77629    -3.77608 0.000167908
        1475     -3.7761    -3.77608 0.000167794
        1476    -3.77578    -3.77608  0.00016768
        1477    -3.77532    -3.77608 0.000167567
        1478    -3.77505    -3.77608 0.000167455
        1479    -3.77494    -3.77608 0.000167344
        1480      -3.775    -3.77608 0.000167233
        1481    -3.77492    -3.77608 0.000167121
        1482    -3.77457    -3.77608 0.000167012
        1483    -3.77513    -3.77608   0.0001669
        1484     -3.7751    -3.77607 0.000166789
        1485    -3.77462    -3.77607  0.00016668
        1486    -3.77505    -3.77607 0.000166569
        1487    -3.77473    -3.77607 0.000166459
        1488    -3.77471    -3.77607  0.00016635
        1489    -3.77498    -3.77607  0.00016624
        1490    -3.77523    -3.77607 0.000166129
        1491    -3.77533    -3.77607 0.000166019
        1492    -3.77464    -3.77607  0.00016591
        1493      -3.775    -3.77607 0.000165801
        1494    -3.77533    -3.77607  0.00016569
        1495    -3.77548    -3.77607  0.00016558
        1496     -3.7756    -3.77607  0.00016547
        1497    -3.77554    -3.77607 0.000165359
        1498     -3.7753    -3.77607  0.00016525
        1499    -3.77548    -3.77607  0.00016514
        1500    -3.77518    -3.77606 0.000165031
        1501    -3.77469    -3.77606 0.000164924
        1502    -3.77448    -3.77606 0.000164817
        1503     -3.7744    -3.77606 0.000164711
        1504    -3.77384    -3.77606 0.000164608
        1505    -3.77355    -3.77606 0.000164507
        1506    -3.77341    -3.77606 0.000164408
        1507    -3.77249    -3.77605 0.000164316
        1508    -3.77232    -3.77605 0.000164225
        1509    -3.77214    -3.77605 0.000164137
        1510    -3.77226    -3.77605 0.000164048
        1511    -3.77223    -3.77604 0.000163958
        1512    -3.77175    -3.77604 0.000163875
        1513    -3.77204    -3.77604 0.000163788
        1514    -3.77188    -3.77604 0.000163702
        1515     -3.7722    -3.77603 0.000163614
        1516    -3.77178    -3.77603  0.00016353
        1517    -3.77168    -3.77603 0.000163447
        1518    -3.77146    -3.77602 0.000163367
        1519    -3.77082    -3.77602 0.000163296
        1520    -3.77066    -3.77602 0.000163227
        1521    -3.77037    -3.77601 0.000163161
        1522    -3.77028    -3.77601 0.000163098
        1523    -3.77036    -3.77601 0.000163033
        1524    -3.77033      -3.776 0.000162968
        1525    -3.77048      -3.776 0.000162902
        1526    -3.76992      -3.776 0.000162844
        1527    -3.77029    -3.77599  0.00016278
        1528    -3.77009    -3.77599 0.000162719
        1529    -3.77067    -3.77598  0.00016265
        1530    -3.77099    -3.77598 0.000162576
        1531    -3.77102    -3.77598 0.000162502
        1532    -3.77199    -3.77598 0.000162417
        1533    -3.77223    -3.77597  0.00016233
        1534    -3.77263    -3.77597 0.000162238
        1535    -3.77321    -3.77597 0.000162143
        1536    -3.77335    -3.77597 0.000162046
        1537     -3.7738    -3.77597 0.000161947
        1538     -3.7741    -3.77596 0.000161846
        1539    -3.77442    -3.77596 0.000161744
        1540    -3.77473    -3.77596 0.000161641
        1541    -3.77475    -3.77596 0.000161538
        1542    -3.77568    -3.77596 0.000161433
        1543    -3.77569    -3.77596 0.000161329
        1544    -3.77584    -3.77596 0.000161224
        1545    -3.77614    -3.77596  0.00016112
        1546    -3.77672    -3.77596 0.000161017
        1547    -3.77685    -3.77596 0.000160914
        1548    -3.77726    -3.77596 0.000160812
        1549    -3.77796    -3.77596 0.000160713
        1550    -3.77789    -3.77597 0.000160614
        1551     -3.7781    -3.77597 0.000160517
        1552    -3.77815    -3.77597 0.000160419
        1553    -3.77819    -3.77597 0.000160322
        1554    -3.77835    -3.77597 0.000160227
        1555    -3.77851    -3.77597 0.000160132
        1556    -3.77879    -3.77597 0.000160039
        1557    -3.77906    -3.77598 0.000159949
        1558    -3.77962    -3.77598 0.000159863
        1559    -3.77986    -3.77598  0.00015978
        1560    -3.77947    -3.77598 0.000159693
        1561    -3.77983    -3.77599  0.00015961
        1562    -3.78032    -3.77599 0.000159532
        1563    -3.78034    -3.77599 0.000159454
        1564    -3.78019    -3.77599 0.000159375
        1565    -3.77988      -3.776 0.000159292
        1566    -3.77985      -3.776 0.000159209
        1567    -3.77982      -3.776 0.000159126
        1568    -3.77977      -3.776 0.000159043
        1569       -3.78    -3.77601 0.000158962
        1570    -3.77993    -3.77601  0.00015888
        1571    -3.77969    -3.77601 0.000158797
        1572    -3.77945    -3.77601 0.000158711
        1573    -3.77935    -3.77602 0.000158624
        1574    -3.77909    -3.77602 0.000158535
        1575    -3.77883    -3.77602 0.000158445
        1576    -3.77856    -3.77602 0.000158352
        1577     -3.7786    -3.77602  0.00015826
        1578    -3.77848    -3.77602 0.000158168
        1579    -3.77851    -3.77603 0.000158075
        1580     -3.7787    -3.77603 0.000157984
        1581    -3.77843    -3.77603 0.000157892
        1582    -3.77817    -3.77603 0.000157798
        1583    -3.77775    -3.77603 0.000157702
        1584     -3.7778    -3.77603 0.000157606
        1585    -3.77801    -3.77603 0.000157512
        1586    -3.77808    -3.77604 0.000157418
        1587    -3.77815    -3.77604 0.000157324
        1588    -3.77883    -3.77604 0.000157235
        1589    -3.77923    -3.77604 0.000157149
        1590    -3.77964    -3.77604 0.000157066
        1591    -3.77945    -3.77605 0.000156982
        1592    -3.77928    -3.77605 0.000156897
        1593    -3.77896    -3.77605 0.000156809
        1594    -3.77957    -3.77605 0.000156726
        1595    -3.77943    -3.77605 0.000156642
        1596    -3.77946    -3.77606 0.000156558
        1597     -3.7798    -3.77606 0.000156478
        1598    -3.78014    -3.77606 0.000156401
        1599    -3.77989    -3.77606 0.000156321
        1600     -3.7798    -3.77607 0.000156241
        1601    -3.78002    -3.77607 0.000156163
        1602    -3.77993    -3.77607 0.000156084
        1603    -3.78014    -3.77607 0.000156007
        1604     -3.7799    -3.77607 0.000155928
        1605     -3.7801    -3.77608 0.000155851
        1606    -3.78014    -3.77608 0.000155775
        1607    -3.77971    -3.77608 0.000155694
        1608    -3.77988    -3.77608 0.000155615
        1609    -3.78017    -3.77609 0.000155539
        1610    -3.78014    -3.77609 0.000155463
        1611    -3.78009    -3.77609 0.000155387
        1612    -3.77987    -3.77609 0.000155308
        1613    -3.78023     -3.7761 0.000155233
        1614    -3.78011     -3.7761 0.000155156
        1615    -3.77951     -3.7761 0.000155075
        1616    -3.77979     -3.7761 0.000154996
        1617     -3.7799    -3.77611 0.000154918
        1618    -3.77969    -3.77611 0.000154838
        1619    -3.77931    -3.77611 0.000154755
        1620    -3.77891    -3.77611 0.000154669
        1621    -3.77849    -3.77611  0.00015458
        1622    -3.77822    -3.77611  0.00015449
        1623    -3.77794    -3.77612 0.000154399
        1624    -3.77781    -3.77612 0.000154308
        1625    -3.77722    -3.77612 0.000154214
        1626    -3.77679    -3.77612  0.00015412
        1627    -3.77652    -3.77612 0.000154025
        1628    -3.77626    -3.77612 0.000153931
        1629    -3.77617    -3.77612 0.000153836
        1630    -3.77549    -3.77612 0.000153742
        1631    -3.77498    -3.77612  0.00015365
        1632    -3.77479    -3.77612 0.000153558
        1633    -3.77418    -3.77612 0.000153468
        1634    -3.77375    -3.77611 0.000153381
        1635    -3.77289    -3.77611   0.0001533
        1636    -3.77282    -3.77611  0.00015322
        1637    -3.77323    -3.77611 0.000153136
        1638    -3.77323    -3.77611 0.000153053
        1639    -3.77355     -3.7761 0.000152967
        1640    -3.77406     -3.7761 0.000152879
        1641    -3.77354     -3.7761 0.000152794
        1642     -3.7735     -3.7761 0.000152709
        1643    -3.77363     -3.7761 0.000152624
        1644    -3.77379     -3.7761 0.000152537
        1645    -3.77383     -3.7761 0.000152451
        1646    -3.77433     -3.7761 0.000152362
        1647    -3.77471    -3.77609 0.000152272
        1648    -3.77524    -3.77609  0.00015218
        1649    -3.77534    -3.77609 0.000152089
        1650    -3.77559    -3.77609 0.000151997
        1651    -3.77661    -3.77609 0.000151905
        1652    -3.77734    -3.77609 0.000151815
        1653    -3.77761     -3.7761 0.000151726
        1654    -3.77787     -3.7761 0.000151638
        1655    -3.77844     -3.7761 0.000151553
        1656     -3.7787     -3.7761 0.000151469
        1657     -3.7791     -3.7761 0.000151389
        1658    -3.77949     -3.7761 0.000151311
        1659    -3.78003    -3.77611 0.000151239
        1660    -3.78009    -3.77611 0.000151167
        1661    -3.78045    -3.77611 0.000151098
        1662    -3.78049    -3.77611  0.00015103
        1663    -3.78052    -3.77612 0.000150963
        1664    -3.78053    -3.77612 0.000150895
        1665    -3.78023    -3.77612 0.000150825
        1666    -3.77991    -3.77612 0.000150751
        1667    -3.77987    -3.77613 0.000150678
        1668    -3.78043    -3.77613  0.00015061
        1669    -3.78036    -3.77613 0.000150541
        1670    -3.78058    -3.77613 0.000150474
        1671    -3.78064    -3.77614 0.000150408
        1672    -3.78053    -3.77614 0.000150341
        1673    -3.78057    -3.77614 0.000150275
        1674    -3.78089    -3.77614 0.000150212
        1675     -3.7809    -3.77615 0.000150149
        1676     -3.7806    -3.77615 0.000150083
        1677    -3.78029    -3.77615 0.000150014
        1678    -3.77983    -3.77615  0.00014994
        1679    -3.78012    -3.77616  0.00014987
        1680     -3.7798    -3.77616 0.000149796
        1681    -3.77963    -3.77616 0.000149721
        1682    -3.77961    -3.77616 0.000149646
        1683     -3.7796    -3.77616 0.000149571
        1684    -3.77989    -3.77617 0.000149499
        1685    -3.78003    -3.77617 0.000149428
        1686    -3.78004    -3.77617 0.000149357
        1687     -3.7799    -3.77617 0.000149284
        1688    -3.78009    -3.77618 0.000149214
        1689    -3.78013    -3.77618 0.000149144
        1690    -3.78064    -3.77618 0.000149079
        1691    -3.78041    -3.77618 0.000149012
        1692    -3.78051    -3.77619 0.000148946
        1693    -3.77986    -3.77619 0.000148874
        1694    -3.77998    -3.77619 0.000148803
        1695    -3.78012    -3.77619 0.000148733
        1696    -3.78012     -3.7762 0.000148663
        1697    -3.78013     -3.7762 0.000148594
        1698    -3.78045     -3.7762 0.000148527
        1699    -3.78047     -3.7762 0.000148461
        1700    -3.78049    -3.77621 0.000148395
        1701    -3.78051    -3.77621  0.00014833
        1702    -3.78021    -3.77621 0.000148261
        1703    -3.78005    -3.77621 0.000148191
        1704    -3.78002    -3.77621 0.000148121
        1705    -3.77996    -3.77622  0.00014805
        1706    -3.77988    -3.77622 0.000147979
        1707    -3.78038    -3.77622 0.000147913
        1708     -3.7801    -3.77622 0.000147844
        1709    -3.77993    -3.77623 0.000147773
        1710    -3.77973    -3.77623 0.000147701
        1711     -3.7798    -3.77623 0.000147629
        1712    -3.77969    -3.77623 0.000147557
        1713    -3.77956    -3.77623 0.000147483
        1714    -3.77984    -3.77624 0.000147412
        1715     -3.7795    -3.77624 0.000147339
        1716    -3.77899    -3.77624 0.000147262
        1717    -3.77906    -3.77624 0.000147185
        1718    -3.77867    -3.77624 0.000147106
        1719    -3.77871    -3.77624 0.000147028
        1720    -3.77859    -3.77625 0.000146948
        1721    -3.77817    -3.77625 0.000146867
        1722    -3.77773    -3.77625 0.000146785
        1723     -3.7779    -3.77625 0.000146703
        1724    -3.77762    -3.77625  0.00014662
        1725    -3.77689    -3.77625 0.000146535
        1726    -3.77662    -3.77625  0.00014645
        1727    -3.77665    -3.77625 0.000146366
        1728    -3.77654    -3.77625 0.000146281
        1729    -3.77628    -3.77625 0.000146196
        1730    -3.77618    -3.77625 0.000146112
        1731    -3.77609    -3.77625 0.000146028
        1732    -3.77586    -3.77625 0.000145943
        1733     -3.7761    -3.77625 0.000145859
        1734    -3.77619    -3.77625 0.000145775
        1735    -3.77613    -3.77625 0.000145691
        1736    -3.77609    -3.77625 0.000145607
        1737    -3.77576    -3.77625 0.000145524
        1738    -3.77558    -3.77625  0.00014544
        1739    -3.77557    -3.77625 0.000145357
        1740    -3.77556    -3.77625 0.000145274
        1741    -3.77526    -3.77625 0.000145192
        1742    -3.77527    -3.77625  0.00014511
        1743    -3.77498    -3.77625 0.000145028
        1744    -3.77531    -3.77625 0.000144946
        1745    -3.77488    -3.77624 0.000144865
        1746    -3.77491    -3.77624 0.000144784
        1747    -3.77481    -3.77624 0.000144704
        1748     -3.7744    -3.77624 0.000144625
        1749     -3.7743    -3.77624 0.000144546
        1750    -3.77451    -3.77624 0.000144467
        1751    -3.77413    -3.77624  0.00014439
        1752    -3.77405    -3.77624 0.000144313
        1753    -3.77443    -3.77624 0.000144234
        1754    -3.77421    -3.77624 0.000144156
        1755      -3.774    -3.77623  0.00014408
        1756    -3.77409    -3.77623 0.000144003
        1757    -3.77389    -3.77623 0.000143927
        1758     -3.7737    -3.77623 0.000143853
        1759    -3.77381    -3.77623 0.000143777
        1760    -3.77408    -3.77623 0.000143701
        1761     -3.7739    -3.77623 0.000143625
        1762    -3.77404    -3.77622 0.000143549
        1763    -3.77418    -3.77622 0.000143472
        1764    -3.77402    -3.77622 0.000143397
        1765    -3.77372    -3.77622 0.000143322
        1766    -3.77372    -3.77622 0.000143248
        1767    -3.77403    -3.77622 0.000143172
        1768    -3.77405    -3.77622 0.000143097
        1769    -3.77453    -3.77622 0.000143019
        1770    -3.77487    -3.77622  0.00014294
        1771    -3.77445    -3.77621 0.000142863
        1772    -3.77465    -3.77621 0.000142785
        1773    -3.77485    -3.77621 0.000142707
        1774    -3.77461    -3.77621 0.000142629
        1775    -3.77467    -3.77621 0.000142551
        1776    -3.77475    -3.77621 0.000142474
        1777    -3.77543    -3.77621 0.000142394
        1778    -3.77552    -3.77621 0.000142314
        1779    -3.77562    -3.77621 0.000142235
        1780    -3.77588    -3.77621 0.000142155
        1781      -3.776    -3.77621 0.000142075
        1782    -3.77597    -3.77621 0.000141996
        1783    -3.77626    -3.77621 0.000141916
        1784    -3.77641    -3.77621 0.000141837
        1785    -3.77627    -3.77621 0.000141757
        1786    -3.77704    -3.77621 0.000141678
        1787    -3.77752    -3.77621 0.000141601
        1788    -3.77741    -3.77621 0.000141523
        1789    -3.77745    -3.77621 0.000141446
        1790    -3.77781    -3.77621  0.00014137
        1791    -3.77771    -3.77621 0.000141293
        1792    -3.77748    -3.77621 0.000141216
        1793    -3.77785    -3.77621  0.00014114
        1794    -3.77792    -3.77622 0.000141065
        1795    -3.77815    -3.77622 0.000140991
        1796    -3.77822    -3.77622 0.000140916
        1797    -3.77799    -3.77622 0.000140842
        1798    -3.77821    -3.77622 0.000140768
        1799    -3.77827    -3.77622 0.000140694
        1800    -3.77848    -3.77622 0.000140621
        1801    -3.77867    -3.77622  0.00014055
        1802    -3.77901    -3.77623  0.00014048
        1803    -3.77873    -3.77623 0.000140409
        1804    -3.77874    -3.77623 0.000140338
        1805    -3.77919    -3.77623  0.00014027
        1806    -3.77917    -3.77623 0.000140202
        1807    -3.77989    -3.77623 0.000140139
        1808    -3.77969    -3.77624 0.000140074
        1809    -3.77977    -3.77624 0.000140011
        1810    -3.77999    -3.77624 0.000139949
        1811    -3.77973    -3.77624 0.000139885
        1812    -3.77962    -3.77624  0.00013982
        1813    -3.77994    -3.77625 0.000139758
        1814    -3.77965    -3.77625 0.000139693
        1815    -3.77964    -3.77625 0.000139629
        1816    -3.77947    -3.77625 0.000139563
        1817     -3.7799    -3.77625 0.000139501
        1818    -3.77986    -3.77625 0.000139438
        1819    -3.78011    -3.77626 0.000139378
        1820    -3.78006    -3.77626 0.000139317
        1821     -3.7803    -3.77626 0.000139258
        1822    -3.77962    -3.77626 0.000139194
        1823    -3.77955    -3.77626 0.000139129
        1824    -3.77903    -3.77627 0.000139061
        1825     -3.7794    -3.77627 0.000138995
        1826    -3.77932    -3.77627 0.000138929
        1827    -3.77879    -3.77627  0.00013886
        1828    -3.77856    -3.77627  0.00013879
        1829    -3.77818    -3.77627 0.000138718
        1830    -3.77781    -3.77627 0.000138645
        1831    -3.77759    -3.77627 0.000138571
        1832    -3.77722    -3.77628 0.000138496
        1833    -3.77747    -3.77628 0.000138422
        1834    -3.77772    -3.77628 0.000138349
        1835    -3.77768    -3.77628 0.000138275
        1836    -3.77764    -3.77628 0.000138202
        1837    -3.77762    -3.77628 0.000138129
        1838    -3.77807    -3.77628 0.000138057
        1839    -3.77778    -3.77628 0.000137985
        1840     -3.7775    -3.77628 0.000137911
        1841    -3.77769    -3.77628 0.000137838
        1842     -3.7776    -3.77628 0.000137765
        1843    -3.77798    -3.77628 0.000137694
        1844    -3.77792    -3.77628 0.000137622
        1845    -3.77835    -3.77629 0.000137552
        1846    -3.77879    -3.77629 0.000137484
        1847    -3.77896    -3.77629 0.000137417
        1848    -3.77899    -3.77629 0.000137351
        1849    -3.77904    -3.77629 0.000137284
        1850    -3.77926    -3.77629  0.00013722
        1851     -3.7792    -3.77629 0.000137154
        1852    -3.77945     -3.7763 0.000137091
        1853    -3.77971     -3.7763 0.000137029
        1854    -3.77998     -3.7763  0.00013697
        1855    -3.77995     -3.7763  0.00013691
        1856    -3.77991     -3.7763  0.00013685
        1857    -3.78047    -3.77631 0.000136795
        1858    -3.78072    -3.77631 0.000136742
        1859    -3.78081    -3.77631  0.00013669
        1860    -3.78118    -3.77631 0.000136641
        1861    -3.78137    -3.77632 0.000136595
        1862    -3.78139    -3.77632 0.000136549
        1863    -3.78168    -3.77632 0.000136506
        1864    -3.78209    -3.77633 0.000136468
        1865    -3.78187    -3.77633 0.000136427
        1866    -3.78237    -3.77633 0.000136392
        1867    -3.78269    -3.77633 0.000136362
        1868    -3.78283    -3.77634 0.000136333
        1869    -3.78278    -3.77634 0.000136303
        1870    -3.78301    -3.77635 0.000136277
        1871    -3.78305    -3.77635 0.000136251
        1872    -3.78261    -3.77635  0.00013622
        1873    -3.78275    -3.77636  0.00013619
        1874    -3.78226    -3.77636 0.000136154
        1875     -3.7819    -3.77636 0.000136113
        1876    -3.78167    -3.77636  0.00013607
        1877    -3.78142    -3.77637 0.000136024
        1878      -3.781    -3.77637 0.000135974
        1879    -3.78056    -3.77637  0.00013592
        1880    -3.78011    -3.77637 0.000135862
        1881    -3.77964    -3.77638 0.000135801
        1882    -3.77887    -3.77638 0.000135735
        1883    -3.77854    -3.77638 0.000135668
        1884    -3.77834    -3.77638   0.0001356
        1885    -3.77815    -3.77638 0.000135532
        1886    -3.77825    -3.77638 0.000135463
        1887     -3.7779    -3.77638 0.000135394
        1888    -3.77786    -3.77638 0.000135325
        1889    -3.77752    -3.77638 0.000135254
        1890    -3.77718    -3.77638 0.000135183
        1891    -3.77656    -3.77638 0.000135112
        1892     -3.7764    -3.77638  0.00013504
        1893    -3.77626    -3.77638 0.000134969
        1894    -3.77568    -3.77638 0.000134898
        1895    -3.77513    -3.77638 0.000134829
        1896    -3.77446    -3.77638 0.000134761
        1897    -3.77457    -3.77638 0.000134694
        1898     -3.7741    -3.77638 0.000134628
        1899    -3.77351    -3.77638 0.000134566
        1900    -3.77324    -3.77638 0.000134505
        1901    -3.77301    -3.77637 0.000134446
        1902    -3.77326    -3.77637 0.000134385
        1903    -3.77354    -3.77637 0.000134323
        1904    -3.77324    -3.77637 0.000134262
        1905    -3.77311    -3.77637 0.000134203
        1906     -3.7733    -3.77637 0.000134142
        1907    -3.77321    -3.77636 0.000134082
        1908    -3.77328    -3.77636 0.000134021
        1909    -3.77351    -3.77636  0.00013396
        1910    -3.77375    -3.77636 0.000133896
        1911    -3.77384    -3.77636 0.000133833
        1912    -3.77408    -3.77636 0.000133768
        1913    -3.77447    -3.77636 0.000133702
        1914     -3.7744    -3.77636 0.000133636
        1915    -3.77463    -3.77636 0.000133569
        1916    -3.77515    -3.77635 0.000133501
        1917    -3.77536    -3.77635 0.000133432
        1918    -3.77526    -3.77635 0.000133364
        1919    -3.77514    -3.77635 0.000133296
        1920    -3.77487    -3.77635 0.000133229
        1921    -3.77473    -3.77635 0.000133162
        1922    -3.77489    -3.77635 0.000133095
        1923    -3.77444    -3.77635 0.000133029
        1924    -3.77428    -3.77635 0.000132965
        1925    -3.77442    -3.77635 0.000132899
        1926    -3.77394    -3.77635 0.000132836
        1927    -3.77316    -3.77634 0.000132778
        1928    -3.77313    -3.77634 0.000132719
        1929    -3.77294    -3.77634 0.000132662
        1930    -3.77351    -3.77634 0.000132602
        1931    -3.77362    -3.77634  0.00013254
        1932    -3.77343    -3.77634  0.00013248
        1933    -3.77354    -3.77634  0.00013242
        1934    -3.77321    -3.77633 0.000132361
        1935    -3.77318    -3.77633 0.000132303
        1936    -3.77315    -3.77633 0.000132245
        1937    -3.77374    -3.77633 0.000132183
        1938    -3.77388    -3.77633 0.000132121
        1939    -3.77403    -3.77633 0.000132058
        1940    -3.77434    -3.77633 0.000131994
        1941    -3.77405    -3.77632 0.000131931
        1942    -3.77424    -3.77632 0.000131868
        1943    -3.77429    -3.77632 0.000131804
        1944    -3.77419    -3.77632 0.000131741
        1945    -3.77457    -3.77632 0.000131676
        1946    -3.77451    -3.77632 0.000131612
        1947    -3.77461    -3.77632 0.000131547
        1948    -3.77473    -3.77632 0.000131482
        1949    -3.77487    -3.77632 0.000131417
        1950    -3.77532    -3.77632  0.00013135
        1951    -3.77549    -3.77632 0.000131284
        1952    -3.77536    -3.77632 0.000131217
        1953     -3.7751    -3.77631 0.000131151
        1954    -3.77455    -3.77631 0.000131087
        1955    -3.77491    -3.77631 0.000131022
        1956    -3.77514    -3.77631 0.000130957
        1957    -3.77538    -3.77631 0.000130891
        1958    -3.77578    -3.77631 0.000130824
        1959    -3.77618    -3.77631 0.000130757
        1960    -3.77675    -3.77631 0.000130691
        1961    -3.77702    -3.77631 0.000130625
        1962     -3.7773    -3.77631 0.000130559
        1963    -3.77759    -3.77631 0.000130494
        1964    -3.77772    -3.77631  0.00013043
        1965    -3.77786    -3.77631 0.000130366
        1966    -3.77754    -3.77632 0.000130301
        1967    -3.77782    -3.77632 0.000130237
        1968    -3.77779    -3.77632 0.000130173
        1969    -3.77806    -3.77632  0.00013011
        1970    -3.77846    -3.77632 0.000130048
        1971    -3.77854    -3.77632 0.000129987
        1972    -3.77891    -3.77632 0.000129928
        1973    -3.77925    -3.77632 0.000129871
        1974    -3.77896    -3.77632 0.000129812
        1975    -3.77894    -3.77633 0.000129753
        1976    -3.77919    -3.77633 0.000129695
        1977    -3.77925    -3.77633 0.000129638
        1978    -3.77943    -3.77633 0.000129582
        1979    -3.77957    -3.77633 0.000129527
        1980    -3.77938    -3.77633  0.00012947
        1981    -3.77945    -3.77633 0.000129415
        1982    -3.77965    -3.77634  0.00012936
        1983    -3.77951    -3.77634 0.000129305
        1984    -3.77949    -3.77634 0.000129249
        1985    -3.77961    -3.77634 0.000129195
        1986    -3.77925    -3.77634 0.000129138
        1987    -3.77932    -3.77634 0.000129082
        1988    -3.77864    -3.77635 0.000129022
        1989    -3.77809    -3.77635  0.00012896
        1990    -3.77768    -3.77635 0.000128897
        1991    -3.77788    -3.77635 0.000128834
        1992    -3.77733    -3.77635 0.000128771
        1993    -3.77739    -3.77635 0.000128707
        1994    -3.77759    -3.77635 0.000128644
        1995     -3.7769    -3.77635  0.00012858
        1996    -3.77697    -3.77635 0.000128516
        1997    -3.77675    -3.77635 0.000128452
        1998    -3.77607    -3.77635 0.000128387
        1999    -3.77586    -3.77635 0.000128323
        2000     -3.7758    -3.77635  0.00012826
