# BLOCK:    VELOCITY:    BLOCK_POFV:    AVE_POFV:    ERROR:
           1   0.0942809           0           0           0
           1    0.282843   0.0108521   0.0108521           0
           1    0.471405   0.0867188   0.0867188           0
           1    0.659966    0.104888    0.104888           0
           1    0.848528    0.142944    0.142944           0
           1     1.03709    0.200421    0.200421           0
           1     1.22565    0.277024    0.277024           0
           1     1.41421    0.326669    0.326669           0
           1     1.60278    0.339755    0.339755           0
           1     1.79134    0.396127    0.396127           0
           1      1.9799    0.425688    0.425688           0
           1     2.16846      0.3894      0.3894           0
           1     2.35702    0.593945    0.593945           0
           1     2.54558    0.631461    0.631461           0
           1     2.73415    0.411718    0.411718           0
           1     2.92271    0.287729    0.287729           0
           1     3.11127     0.19993     0.19993           0
           1     3.29983    0.129685    0.129685           0
           1     3.48839    0.124799    0.124799           0
           1     3.67696   0.0858349   0.0858349           0
           1     3.86552   0.0432121   0.0432121           0
           1     4.05408    0.043654    0.043654           0
           1     4.24264   0.0402904   0.0402904           0
           1      4.4312   0.0090107   0.0090107           0
           1     4.61976 0.000368285 0.000368285           0
           1     4.80833 0.000687465 0.000687465           0
           1     4.99689 0.000491046 0.000491046           0
           1     5.18545           0           0           0
           1     5.37401           0           0           0
           1     5.56257           0           0           0

           2   0.0942809   0.0108521  0.00542606  0.00383681
           2    0.282843    0.111345   0.0610984   0.0355295
           2    0.471405   0.0881428   0.0874308 0.000503472
           2    0.659966    0.177071    0.140979   0.0255208
           2    0.848528    0.273586    0.208265   0.0461892
           2     1.03709    0.369758    0.285089   0.0598698
           2     1.22565     0.39625    0.336637   0.0421528
           2     1.41421    0.462099    0.394384   0.0478819
           2     1.60278    0.417193    0.378474   0.0273785
           2     1.79134     0.45687    0.426498   0.0214757
           2      1.9799    0.393991     0.40984   0.0112066
           2     2.16846    0.527433    0.458416   0.0488021
           2     2.35702    0.417905    0.505925   0.0622396
           2     2.54558    0.265656    0.448559    0.129332
           2     2.73415    0.258806    0.335262   0.0540625
           2     2.92271    0.159074    0.223402   0.0454861
           2     3.11127    0.108816    0.154373   0.0322135
           2     3.29983    0.134498    0.132091  0.00170139
           2     3.48839   0.0762595    0.100529   0.0171615
           2     3.67696   0.0711035   0.0784692  0.00520833
           2     3.86552   0.0344469   0.0388295  0.00309896
           2     4.05408   0.0723557   0.0580049   0.0101476
           2     4.24264    0.017113   0.0287017  0.00819444
           2      4.4312   0.0026762  0.00584345  0.00223958
           2     4.61976           0 0.000184142 0.000130208
           2     4.80833           0 0.000343732 0.000243056
           2     4.99689           0 0.000245523 0.000173611
           2     5.18545           0           0           0
           2     5.37401           0           0           0
           2     5.56257           0           0           0

           3   0.0942809  0.00341277  0.00475497   0.0026159
           3    0.282843   0.0486872   0.0569614    0.023926
           3    0.471405    0.143999    0.106287   0.0153997
           3    0.659966    0.248469    0.176809   0.0338428
           3    0.848528    0.265067    0.227199   0.0344557
           3     1.03709     0.31729    0.295823    0.040864
           3     1.22565    0.363718    0.345664   0.0290524
           3     1.41421    0.417365    0.402044   0.0325283
           3     1.60278    0.454267    0.403738    0.027544
           3     1.79134    0.446067    0.433021   0.0152756
           3      1.9799    0.401504    0.407061  0.00780791
           3     2.16846    0.429052    0.448628   0.0335019
           3     2.35702    0.437056    0.482969   0.0455303
           3     2.54558    0.324287    0.407135   0.0926177
           3     2.73415    0.383163    0.351229   0.0383271
           3     2.92271    0.218835    0.221879   0.0303495
           3     3.11127    0.127377    0.145374   0.0226977
           3     3.29983    0.107392    0.123858  0.00681741
           3     3.48839   0.0574033   0.0861541    0.016391
           3     3.67696   0.0520018   0.0696467  0.00799668
           3     3.86552   0.0302976   0.0359855  0.00310811
           3     4.05408  0.00545061   0.0404868   0.0158226
           3     4.24264  0.00513143   0.0208449  0.00842593
           3      4.4312   0.0139457  0.00854421  0.00266307
           3     4.61976  0.00206239 0.000810227 0.000518513
           3     4.80833           0 0.000229155 0.000187104
           3     4.99689           0 0.000163682 0.000133646
           3     5.18545           0           0           0
           3     5.37401           0           0           0
           3     5.56257           0           0           0

           4   0.0942809   0.0170639  0.00783219  0.00330925
           4    0.282843   0.0833306   0.0635537   0.0188308
           4    0.471405    0.113113    0.107993   0.0116439
           4    0.659966    0.164722    0.173787   0.0255166
           4    0.848528    0.357531    0.259782   0.0382627
           4     1.03709    0.419255    0.326681   0.0406629
           4     1.22565    0.474105    0.377774   0.0353281
           4     1.41421    0.504305    0.427609   0.0329447
           4     1.60278    0.412945     0.40604   0.0207539
           4     1.79134    0.301944    0.400252   0.0306042
           4      1.9799     0.41297    0.408538  0.00599405
           4     2.16846    0.333715      0.4199   0.0353599
           4     2.35702    0.315645    0.441138   0.0497839
           4     2.54558    0.361828    0.395808   0.0701524
           4     2.73415    0.239336    0.323256   0.0375922
           4     2.92271    0.269339    0.233744   0.0249739
           4     3.11127    0.246653    0.170694   0.0277597
           4     3.29983    0.101205    0.118195  0.00708512
           4     3.48839   0.0744917   0.0832385   0.0125499
           4     3.67696   0.0423527   0.0628232  0.00841963
           4     3.86552  0.00839689   0.0290884  0.00641187
           4     4.05408 0.000834779   0.0305738   0.0146467
           4     4.24264  0.00790585   0.0176102  0.00691254
           4      4.4312   0.0195682   0.0113002  0.00311221
           4     4.61976   0.0193718  0.00545061  0.00403747
           4     4.80833  0.00137493 0.000515599 0.000285008
           4     4.99689           0 0.000122762 0.000106315
           4     5.18545           0           0           0
           4     5.37401           0           0           0
           4     5.56257           0           0           0

           5   0.0942809    0.020182   0.0103022  0.00344809
           5    0.282843   0.0470668   0.0602563   0.0153506
           5    0.471405    0.097841    0.105963  0.00949051
           5    0.659966    0.229343    0.184899    0.022704
           5    0.848528    0.347636    0.277353   0.0344089
           5     1.03709     0.38498    0.338341   0.0341611
           5     1.22565    0.392125    0.380644   0.0283789
           5     1.41421    0.520558    0.446199   0.0311624
           5     1.60278    0.504501    0.425732   0.0242052
           5     1.79134    0.339534    0.388108   0.0267845
           5      1.9799    0.522473    0.431325   0.0209378
           5     2.16846    0.335016    0.402923   0.0321057
           5     2.35702    0.426523    0.438215   0.0399129
           5     2.54558    0.236807    0.364008    0.062918
           5     2.73415    0.266761    0.311957   0.0317264
           5     2.92271    0.160106    0.219017    0.023931
           5     3.11127    0.122197    0.160994   0.0238422
           5     3.29983   0.0634677    0.107249   0.0113123
           5     3.48839   0.0779045   0.0821717   0.0100851
           5     3.67696    0.127402    0.075739   0.0133725
           5     3.86552   0.0178004   0.0268308  0.00551263
           5     4.05408  0.00871607   0.0262022   0.0123525
           5     4.24264   0.0439978   0.0228877   0.0072707
           5      4.4312   0.0103611   0.0111124  0.00249543
           5     4.61976           0  0.00436049  0.00337393
           5     4.80833           0 0.000412479 0.000245955
           5     4.99689           0 9.82093e-05  8.7841e-05
           5     5.18545           0           0           0
           5     5.37401           0           0           0
           5     5.56257           0           0           0

           6   0.0942809   0.0299047   0.0135692  0.00414142
           6    0.282843   0.0219743    0.053876   0.0140557
           6    0.471405   0.0490801   0.0964824   0.0117238
           6    0.659966    0.206534    0.188505   0.0192042
           6    0.848528    0.355739    0.290417   0.0310553
           6     1.03709    0.426793    0.353083   0.0314883
           6     1.22565    0.494705    0.399654   0.0293331
           6     1.41421    0.528661    0.459943   0.0288405
           6     1.60278    0.486676     0.43589   0.0222001
           6     1.79134    0.431286    0.395305   0.0232671
           6      1.9799    0.417119    0.428958   0.0175815
           6     2.16846    0.374865    0.398247   0.0270932
           6     2.35702    0.354265    0.424223   0.0356288
           6     2.54558    0.253134    0.345529   0.0550785
           6     2.73415    0.266491    0.304379   0.0273286
           6     2.92271    0.122271    0.202892   0.0247864
           6     3.11127   0.0713736    0.146058   0.0240973
           6     3.29983    0.140611     0.11281   0.0107066
           6     3.48839    0.118833    0.088282   0.0100868
           6     3.67696   0.0630995   0.0736324   0.0113084
           6     3.86552     0.02605   0.0267006  0.00459539
           6     4.05408   0.0112941   0.0237175   0.0105407
           6     4.24264   0.0390382   0.0255794  0.00653822
           6      4.4312  0.00753756   0.0105166  0.00214947
           6     4.61976  0.00596621  0.00462811   0.0028222
           6     4.80833           0 0.000343732 0.000214355
           6     4.99689           0 8.18411e-05 7.47103e-05
           6     5.18545           0           0           0
           6     5.37401           0           0           0
           6     5.56257           0           0           0

           7   0.0942809  0.00932988   0.0129636   0.0035938
           7    0.282843   0.0380315   0.0516125   0.0122287
           7    0.471405    0.129096    0.101142   0.0109356
           7    0.659966    0.258708    0.198534   0.0188989
           7    0.848528    0.250876    0.284768   0.0271277
           7     1.03709    0.399024    0.359646   0.0276655
           7     1.22565    0.495589    0.413359   0.0281628
           7     1.41421    0.441844    0.457357   0.0248361
           7     1.60278    0.550095    0.452205   0.0242949
           7     1.79134    0.503764    0.410799   0.0245664
           7      1.9799    0.463204     0.43385   0.0157359
           7     2.16846    0.374889     0.39491   0.0234273
           7     2.35702    0.357605    0.414706   0.0317846
           7     2.54558      0.3236    0.342396   0.0472991
           7     2.73415    0.168257    0.284933   0.0295438
           7     2.92271   0.0592693    0.182375   0.0284991
           7     3.11127    0.080949    0.136756    0.022378
           7     3.29983    0.115273    0.113162  0.00918287
           7     3.48839   0.0610371   0.0843898  0.00936672
           7     3.67696   0.0633941   0.0721698  0.00978707
           7     3.86552    0.069434   0.0328054  0.00688905
           7     4.05408   0.0513143   0.0276599  0.00974429
           7     4.24264  0.00950175   0.0232826  0.00599405
           7      4.4312    0.016671   0.0113958  0.00201421
           7     4.61976  0.00955085  0.00533136  0.00250512
           7     4.80833  0.00142403 0.000498061  0.00023275
           7     4.99689 0.000883883 0.000196419 0.000123909
           7     5.18545 0.000687465 9.82093e-05 9.09241e-05
           7     5.37401           0           0           0
           7     5.56257           0           0           0

           8   0.0942809  0.00770943   0.0123068  0.00320403
           8    0.282843    0.038228   0.0499394   0.0108139
           8    0.471405    0.173388    0.110172   0.0127641
           8    0.659966    0.270149    0.207486   0.0185358
           8    0.848528    0.338208    0.291448   0.0245454
           8     1.03709    0.365584    0.360388   0.0242172
           8     1.22565      0.3839    0.409677    0.024882
           8     1.41421    0.453972    0.456934   0.0217352
           8     1.60278    0.455691     0.45264    0.021262
           8     1.79134    0.500941    0.422067   0.0239406
           8      1.9799    0.369733    0.425835   0.0156776
           8     2.16846    0.341277    0.388206   0.0214367
           8     2.35702    0.461878    0.420603   0.0283532
           8     2.54558    0.310734    0.338438    0.041552
           8     2.73415    0.226495    0.277628   0.0267386
           8     2.92271    0.183504    0.182516   0.0249371
           8     3.11127    0.131257    0.136069   0.0195913
           8     3.29983   0.0476069    0.104967   0.0111047
           8     3.48839   0.0786902   0.0836774  0.00822293
           8     3.67696   0.0502586   0.0694309  0.00893872
           8     3.86552   0.0633204   0.0366198  0.00700476
           8     4.05408   0.0430893   0.0295886  0.00871503
           8     4.24264  0.00768488   0.0213329  0.00555285
           8      4.4312           0  0.00997131  0.00220945
           8     4.61976           0  0.00466494   0.0022789
           8     4.80833           0 0.000435804 0.000211819
           8     4.99689           0 0.000171866 0.000110826
           8     5.18545           0 8.59331e-05 8.03831e-05
           8     5.37401           0           0           0
           8     5.56257           0           0           0

           9   0.0942809  0.00095754   0.0110458  0.00308622
           9    0.282843   0.0148296   0.0460383    0.010292
           9    0.471405   0.0992405    0.108958   0.0114035
           9    0.659966    0.245597     0.21172   0.0169531
           9    0.848528    0.372606    0.300466   0.0234161
           9     1.03709    0.436147    0.368806   0.0229428
           9     1.22565    0.423748     0.41124   0.0221664
           9     1.41421    0.435214    0.454521   0.0194537
           9     1.60278    0.424534    0.449517   0.0191275
           9     1.79134    0.483141    0.428853   0.0222215
           9      1.9799    0.303246    0.412214   0.0189505
           9     2.16846    0.402535    0.389798   0.0191138
           9     2.35702    0.419845    0.420518    0.025203
           9     2.54558    0.361066    0.340953   0.0370111
           9     2.73415    0.227526    0.272062   0.0243403
           9     2.92271    0.304572    0.196078   0.0255897
           9     3.11127    0.132116     0.13563   0.0174194
           9     3.29983   0.0753756    0.101679   0.0103462
           9     3.48839   0.0710544   0.0822748  0.00742793
           9     3.67696   0.0278914   0.0648154   0.0090591
           9     3.86552   0.0329001   0.0362065  0.00623863
           9     4.05408  0.00358464   0.0266993  0.00821169
           9     4.24264   0.0037565     0.01938  0.00526811
           9      4.4312  0.00181687  0.00906526  0.00214169
           9     4.61976           0  0.00414661   0.0020838
           9     4.80833           0 0.000387381  0.00019374
           9     4.99689           0  0.00015277 0.000100144
           9     5.18545           0  7.6385e-05 7.20165e-05
           9     5.37401           0           0           0
           9     5.56257           0           0           0

          10   0.0942809   0.0102383   0.0109651  0.00277865
          10    0.282843   0.0257308   0.0440076  0.00946103
          10    0.471405   0.0848283    0.106545   0.0105153
          10    0.659966    0.204226    0.210971   0.0152743
          10    0.848528    0.307076    0.301127   0.0210838
          10     1.03709    0.339829    0.365908   0.0208307
          10     1.22565    0.442777    0.414394   0.0201729
          10     1.41421    0.610543    0.470123   0.0229265
          10     1.60278    0.518741     0.45644   0.0184249
          10     1.79134    0.450363    0.431004   0.0201032
          10      1.9799      0.3702    0.408013    0.017515
          10     2.16846    0.313459    0.382164   0.0186648
          10     2.35702    0.312919    0.409759   0.0248737
          10     2.54558    0.396274    0.346485   0.0337209
          10     2.73415    0.160106    0.260866   0.0243452
          10     2.92271    0.348987    0.211368   0.0272184
          10     3.11127    0.174174    0.139484   0.0160983
          10     3.29983   0.0790339   0.0994148  0.00955619
          10     3.48839   0.0693849   0.0809858  0.00679606
          10     3.67696   0.0178004   0.0601139  0.00929344
          10     3.86552   0.0529348   0.0378793  0.00583474
          10     4.05408  0.00608898   0.0246383   0.0076448
          10     4.24264  0.00643271   0.0180852  0.00489781
          10      4.4312  0.00115396  0.00827413  0.00206848
          10     4.61976           0  0.00373195  0.00191623
          10     4.80833           0 0.000348643 0.000178196
          10     4.99689           0 0.000137493 9.12871e-05
          10     5.18545           0 6.87465e-05 6.52186e-05
          10     5.37401           0           0           0
          10     5.56257           0           0           0

          11   0.0942809 0.000122762   0.0099794  0.00269521
          11    0.282843   0.0287999   0.0426251  0.00870136
          11    0.471405    0.197671    0.114829   0.0124004
          11    0.659966    0.209849    0.210869   0.0138861
          11    0.848528    0.306806    0.301643   0.0191734
          11     1.03709    0.348888    0.364361   0.0189944
          11     1.22565    0.441181    0.416829   0.0184854
          11     1.41421     0.47332    0.470413   0.0208441
          11     1.60278     0.45601    0.456401   0.0167499
          11     1.79134    0.406341    0.428762   0.0184002
          11      1.9799    0.425222    0.409577   0.0159924
          11     2.16846    0.365363    0.380637   0.0170303
          11     2.35702    0.373711    0.406481   0.0228273
          11     2.54558    0.398484    0.351212   0.0309849
          11     2.73415    0.269511    0.261652   0.0221447
          11     2.92271     0.21994    0.212148   0.0247552
          11     3.11127     0.09104     0.13508   0.0152253
          11     3.29983   0.0993878   0.0994123  0.00868745
          11     3.48839   0.0957295   0.0823262  0.00630902
          11     3.67696   0.0447343   0.0587158  0.00855311
          11     3.86552   0.0205012   0.0362995  0.00551404
          11     4.05408  0.00498412   0.0228515  0.00715557
          11     4.24264   0.0108767   0.0174299  0.00449618
          11      4.4312   0.0127672  0.00868259  0.00192034
          11     4.61976  0.00206239  0.00358017  0.00174803
          11     4.80833           0 0.000316948 0.000164791
          11     4.99689           0 0.000124994 8.38396e-05
          11     5.18545           0 6.24968e-05 5.95884e-05
          11     5.37401           0           0           0
          11     5.56257           0           0           0

          12   0.0942809  0.00385471  0.00946901  0.00251847
          12    0.282843   0.0199365   0.0407343  0.00817909
          12    0.471405   0.0926605    0.112982   0.0115038
          12    0.659966    0.237863    0.213118   0.0129099
          12    0.848528    0.318812    0.303074   0.0176289
          12     1.03709    0.407765    0.367978   0.0177526
          12     1.22565     0.35402    0.411595   0.0176704
          12     1.41421    0.452917    0.468955   0.0191581
          12     1.60278    0.508331    0.460728   0.0159033
          12     1.79134    0.489819     0.43385   0.0175563
          12      1.9799    0.464137    0.414124   0.0152924
          12     2.16846    0.375331    0.380195   0.0156169
          12     2.35702    0.468483    0.411648   0.0215018
          12     2.54558    0.328338    0.349306   0.0284614
          12     2.73415     0.31287     0.26592   0.0207066
          12     2.92271    0.174665    0.209024   0.0228885
          12     3.11127    0.120012    0.133824   0.0140082
          12     3.29983   0.0462811   0.0949847  0.00902149
          12     3.48839   0.0204275   0.0771679  0.00760501
          12     3.67696   0.0113186    0.054766  0.00870469
          12     3.86552   0.0471896    0.037207  0.00512867
          12     4.05408   0.0449062   0.0246894   0.0067912
          12     4.24264  0.00336367   0.0162577  0.00427157
          12      4.4312           0  0.00795904  0.00189172
          12     4.61976           0  0.00328183  0.00162762
          12     4.80833           0 0.000290536 0.000153161
          12     4.99689           0 0.000114577 7.74973e-05
          12     5.18545           0 5.72887e-05 5.48498e-05
          12     5.37401           0           0           0
          12     5.56257           0           0           0

          13   0.0942809 0.000417389  0.00877273  0.00241908
          13    0.282843   0.0182669   0.0390061  0.00773036
          13    0.471405   0.0923658    0.111396   0.0107277
          13    0.659966    0.285666    0.218699   0.0130674
          13    0.848528     0.31314    0.303848   0.0162898
          13     1.03709    0.373097    0.368372   0.0163913
          13     1.22565    0.397674    0.410524   0.0163436
          13     1.41421    0.407176    0.464203   0.0182643
          13     1.60278    0.451394     0.46001   0.0146962
          13     1.79134    0.515599    0.440138   0.0172954
          13      1.9799    0.477346    0.418987   0.0148692
          13     2.16846    0.437105    0.384572   0.0150166
          13     2.35702    0.365952    0.408133   0.0201331
          13     2.54558     0.29507    0.345134   0.0265761
          13     2.73415    0.279454    0.266961   0.0191399
          13     2.92271    0.180067    0.206797   0.0212359
          13     3.11127    0.114266     0.13232   0.0130112
          13     3.29983   0.0855403   0.0942582  0.00835673
          13     3.48839    0.080728   0.0774418  0.00702494
          13     3.67696   0.0460356   0.0540944  0.00806096
          13     3.86552   0.0259518   0.0363412  0.00480668
          13     4.05408   0.0548744   0.0270113  0.00665391
          13     4.24264  0.00611353   0.0154774  0.00401363
          13      4.4312           0  0.00734681  0.00184261
          13     4.61976           0  0.00302938  0.00152187
          13     4.80833           0 0.000268187    0.000143
          13     4.99689           0 0.000105764 7.20354e-05
          13     5.18545           0 5.28819e-05 5.08073e-05
          13     5.37401           0           0           0
          13     5.56257           0           0           0

          14   0.0942809 0.000392837  0.00817417  0.00231916
          14    0.282843   0.0565685   0.0402605  0.00727927
          14    0.471405    0.120282     0.11203  0.00998018
          14    0.659966     0.23418    0.219805   0.0121807
          14    0.848528    0.338208    0.306302     0.01531
          14     1.03709    0.348692    0.366966   0.0152807
          14     1.22565    0.374767     0.40797   0.0153744
          14     1.41421     0.52623    0.468634   0.0174888
          14     1.60278     0.44064    0.458627   0.0137114
          14     1.79134    0.580294    0.450149   0.0187346
          14      1.9799    0.445232    0.420862   0.0139248
          14     2.16846    0.414762    0.386729    0.014098
          14     2.35702    0.326079    0.402272   0.0195295
          14     2.54558    0.309948    0.342621   0.0247964
          14     2.73415    0.184511    0.261072   0.0186569
          14     2.92271    0.118023    0.200456   0.0206441
          14     3.11127    0.153648    0.133843   0.0121707
          14     3.29983   0.0911137   0.0940336  0.00776284
          14     3.48839    0.105108    0.079418  0.00679543
          14     3.67696   0.0604969   0.0545517  0.00749814
          14     3.86552   0.0130618   0.0346784  0.00474225
          14     4.05408   0.0230301    0.026727   0.0061847
          14     4.24264  0.00255344   0.0145543  0.00383163
          14      4.4312   0.0254608  0.00864066  0.00211707
          14     4.61976   0.0100173  0.00352852  0.00149278
          14     4.80833           0 0.000249031 0.000134063
          14     4.99689           0 9.82093e-05  6.7285e-05
          14     5.18545           0 4.91046e-05 4.73184e-05
          14     5.37401           0           0           0
          14     5.56257           0           0           0

          15   0.0942809  0.00461584  0.00793695  0.00217664
          15    0.282843   0.0125708   0.0384146  0.00702415
          15    0.471405    0.141176    0.113974   0.0095021
          15    0.659966    0.246333    0.221573   0.0114964
          15    0.848528    0.277932    0.304411   0.0144057
          15     1.03709    0.275011    0.360836   0.0154428
          15     1.22565    0.496767     0.41389   0.0154472
          15     1.41421    0.644989    0.480391   0.0198859
          15     1.60278     0.56625    0.465802    0.014554
          15     1.79134    0.360772    0.444191   0.0184088
          15      1.9799    0.435239     0.42182   0.0130294
          15     2.16846    0.428757    0.389531   0.0134337
          15     2.35702    0.379873    0.400779   0.0182845
          15     2.54558    0.258953    0.337043   0.0237623
          15     2.73415    0.280216    0.262348   0.0174567
          15     2.92271    0.168724     0.19834   0.0193759
          15     3.11127    0.115273    0.132605   0.0114221
          15     3.29983   0.0491292     0.09104  0.00780121
          15     3.48839   0.0386208   0.0766982  0.00686515
          15     3.67696   0.0382525   0.0534651  0.00707656
          15     3.86552   0.0195191   0.0336678  0.00453251
          15     4.05408   0.0113923   0.0257046  0.00585627
          15     4.24264  0.00437031   0.0138753  0.00363584
          15      4.4312  0.00680099  0.00851802  0.00197948
          15     4.61976   0.0175795  0.00446525  0.00166137
          15     4.80833  0.00324091 0.000448489 0.000229756
          15     4.99689 0.000171866  0.00010312 6.29783e-05
          15     5.18545 0.000171866 5.72887e-05  4.4866e-05
          15     5.37401   0.0164501  0.00109667  0.00105948
          15     5.56257  0.00414934 0.000276623 0.000267243

          16   0.0942809  0.00508233  0.00775853   0.0020479
          16    0.282843   0.0740743   0.0406433  0.00692971
          16    0.471405    0.100198    0.113113  0.00894714
          16    0.659966     0.30931    0.227057   0.0120147
          16    0.848528    0.418642    0.311551   0.0151717
          16     1.03709    0.384219    0.362297   0.0145466
          16     1.22565    0.494165    0.418907   0.0152748
          16     1.41421     0.55719    0.485191   0.0192136
          16     1.60278    0.390136    0.461073   0.0143922
          16     1.79134       0.255    0.432366   0.0207105
          16      1.9799    0.542704    0.429376   0.0142381
          16     2.16846    0.332733    0.385981   0.0130547
          16     2.35702    0.313656    0.395334   0.0179342
          16     2.54558    0.308672     0.33527   0.0223433
          16     2.73415     0.29723    0.264528   0.0165012
          16     2.92271    0.140439    0.194721   0.0184997
          16     3.11127    0.136241    0.132833   0.0107105
          16     3.29983   0.0792549   0.0903034  0.00734833
          16     3.48839   0.0309605   0.0738396    0.007006
          16     3.67696   0.0177022   0.0512299  0.00697835
          16     3.86552   0.0353062   0.0337702  0.00425038
          16     4.05408   0.0117606   0.0248331  0.00555472
          16     4.24264  0.00520509   0.0133334  0.00344875
          16      4.4312  0.00930533  0.00856722  0.00185638
          16     4.61976  0.00500867  0.00449921  0.00155788
          16     4.80833           0 0.000420458 0.000217099
          16     4.99689           0 9.66748e-05  5.9371e-05
          16     5.18545           0 5.37082e-05 4.22045e-05
          16     5.37401   0.0426228  0.00369205  0.00270215
          16     5.56257  0.00648181 0.000664447 0.000451417

          17   0.0942809   0.0122516  0.00802283  0.00194442
          17    0.282843    0.124996   0.0456052  0.00810616
          17    0.471405    0.126248    0.113885  0.00845413
          17    0.659966    0.325809    0.232866   0.0126344
          17    0.848528    0.404131    0.316996   0.0152253
          17     1.03709    0.364528    0.362428   0.0136915
          17     1.22565    0.384367    0.416875   0.0145108
          17     1.41421    0.456158    0.483483   0.0181591
          17     1.60278    0.356524    0.454923   0.0148013
          17     1.79134     0.39183    0.429982   0.0196291
          17      1.9799    0.499738    0.433515   0.0139892
          17     2.16846    0.399515    0.386777    0.012311
          17     2.35702    0.279553    0.388523   0.0181264
          17     2.54558    0.277638    0.331879   0.0212846
          17     2.73415    0.311422    0.267287   0.0157594
          17     2.92271    0.163175    0.192866   0.0175044
          17     3.11127    0.116624    0.131879   0.0101228
          17     3.29983    0.126248   0.0924178  0.00721386
          17     3.48839   0.0521982   0.0725665  0.00670854
          17     3.67696   0.0592202      0.0517  0.00658367
          17     3.86552   0.0277196   0.0334143  0.00401523
          17     4.05408   0.0126444   0.0241162  0.00527404
          17     4.24264 0.000417389   0.0125737  0.00332852
          17      4.4312  7.3657e-05   0.0080676  0.00181317
          17     4.61976 9.82093e-05  0.00424033  0.00148759
          17     4.80833 0.000122762 0.000402947 0.000205034
          17     4.99689  0.00324091  0.00028163 0.000187932
          17     5.18545  0.00643271 0.000428943 0.000366192
          17     5.37401  0.00817592  0.00395581  0.00255604
          17     5.56257   0.0120061   0.0013316 0.000774224

          18   0.0942809  0.00518054  0.00786493   0.0018428
          18    0.282843    0.028628    0.044662   0.0077105
          18    0.471405   0.0723802    0.111579  0.00829295
          18    0.659966    0.201304    0.231112   0.0120535
          18    0.848528    0.372508     0.32008   0.0146885
          18     1.03709    0.363055    0.362463   0.0129309
          18     1.22565    0.457704    0.419144   0.0138808
          18     1.41421    0.451247    0.481692   0.0172384
          18     1.60278    0.590753    0.462469   0.0157859
          18     1.79134    0.427701    0.429855    0.018539
          18      1.9799    0.502586    0.437352   0.0137282
          18     2.16846    0.413142    0.388242   0.0117139
          18     2.35702    0.333789    0.385482   0.0173726
          18     2.54558    0.308328    0.330571   0.0201423
          18     2.73415    0.243952     0.26599   0.0149371
          18     2.92271    0.102236    0.187831   0.0172408
          18     3.11127    0.124137    0.131449  0.00956956
          18     3.29983    0.118931   0.0938908  0.00696184
          18     3.48839    0.065211   0.0721579  0.00634828
          18     3.67696   0.0191999   0.0498944  0.00646076
          18     3.86552   0.0633941   0.0350798  0.00412316
          18     4.05408   0.0349379   0.0247174  0.00501519
          18     4.24264  0.00299538   0.0120415  0.00318585
          18      4.4312           0   0.0076194  0.00176696
          18     4.61976           0  0.00400476  0.00142348
          18     4.80833           0 0.000380561 0.000194861
          18     4.99689           0 0.000265983 0.000178141
          18     5.18545           0 0.000405113 0.000346623
          18     5.37401           0  0.00373604  0.00242346
          18     5.56257           0  0.00125762 0.000734737

          19   0.0942809  0.00324091  0.00762156   0.0017618
          19    0.282843   0.0219498   0.0434666  0.00739676
          19    0.471405    0.106213    0.111297  0.00786129
          19    0.659966    0.310955    0.235315   0.0121296
          19    0.848528    0.367769     0.32259   0.0141282
          19     1.03709    0.383679     0.36358   0.0122985
          19     1.22565    0.426523    0.419532   0.0131556
          19     1.41421    0.447319    0.479883   0.0164257
          19     1.60278    0.490285    0.463933   0.0150228
          19     1.79134      0.4113    0.428879   0.0175889
          19      1.9799    0.460896    0.438591   0.0130615
          19     2.16846     0.37209    0.387392   0.0111281
          19     2.35702    0.321513    0.382115   0.0167813
          19     2.54558     0.21444    0.324459    0.019988
          19     2.73415    0.340762    0.269926   0.0146602
          19     2.92271    0.189127    0.187899   0.0163335
          19     3.11127      0.1755    0.133767  0.00934253
          19     3.29983   0.0810227   0.0932135  0.00662829
          19     3.48839    0.134768   0.0754532  0.00681596
          19     3.67696   0.0321881   0.0489625  0.00618756
          19     3.86552  0.00680099   0.0335914  0.00416613
          19     4.05408  0.00495957   0.0236775  0.00485785
          19     4.24264           0   0.0114078  0.00308057
          19      4.4312           0  0.00721838  0.00171887
          19     4.61976           0  0.00379398  0.00136407
          19     4.80833           0 0.000360531 0.000185632
          19     4.99689           0 0.000251984 0.000169315
          19     5.18545           0 0.000383792 0.000329035
          19     5.37401           0  0.00353941  0.00230388
          19     5.56257           0  0.00119143 0.000699042

          20   0.0942809   0.0047386  0.00747741   0.0016796
          20    0.282843   0.0438995   0.0434883  0.00702696
          20    0.471405    0.130397    0.112252  0.00752601
          20    0.659966    0.298581    0.238478   0.0119284
          20    0.848528    0.377516    0.325337   0.0136861
          20     1.03709    0.328878    0.361845   0.0118053
          20     1.22565    0.401136    0.418612     0.01253
          20     1.41421    0.439757    0.477877   0.0157265
          20     1.60278    0.621075     0.47179   0.0161965
          20     1.79134    0.379137    0.426392   0.0168844
          20      1.9799    0.457852    0.439554   0.0124439
          20     2.16846    0.385668    0.387305   0.0105721
          20     2.35702    0.356524    0.380836   0.0159909
          20     2.54558    0.256424    0.321057   0.0192759
          20     2.73415    0.245204     0.26869   0.0139792
          20     2.92271   0.0999525    0.183502   0.0160979
          20     3.11127    0.171498    0.135654  0.00906387
          20     3.29983    0.149352   0.0960204  0.00686553
          20     3.48839   0.0686483   0.0751129  0.00648365
          20     3.67696    0.019028   0.0474658   0.0060565
          20     3.86552   0.0298065   0.0334022  0.00396212
          20     4.05408   0.0042721   0.0227072  0.00471085
          20     4.24264   0.0298065   0.0123277  0.00306082
          20      4.4312  0.00346188  0.00703056  0.00164316
          20     4.61976 0.000687465  0.00363865  0.00130468
          20     4.80833           0 0.000342505 0.000177223
          20     4.99689           0 0.000239385 0.000161317
          20     5.18545           0 0.000364602 0.000313142
          20     5.37401           0  0.00336244  0.00219547
          20     5.56257           0  0.00113186 0.000666623

