0
0.000328407
0.000682626
0.00150027
0.00131386
0.0010731
0.000992679
0.00115317
0.00105557
0.00106302
0.00101872
0.000949529
0.000874504
0.000810111
0.000762709
0.000867804
0.000825145
0.000784756
0.000743151
0.000705376
0.000849049
0.000827413
0.000800847
0.0007852
0.000766273
0.00074576
0.000728492
0.00071518
0.00085239
0.000834633
0.000814324
0.000791712
0.000769706
0.000759056
0.000737067
0.000772098
0.000767508
0.000750163
0.00074765
0.000735194
0.000732046
0.000725157
0.000749948
0.000737282
0.000720782
0.000706679
0.000692075
0.00068076
0.000669491
0.000660241
0.000647425
0.000634915
0.000636206
0.000625951
0.000614762
0.000603777
0.000593119
0.000614882
0.000605552
0.000601051
0.000591197
0.000582603
0.000580128
0.000578673
0.000570326
0.000564546
0.000556877
0.000560603
0.000552564
0.000549013
0.000549332
0.000545667
0.000545646
0.000539991
0.000532776
0.000527277
0.000525002
0.000519535
0.000515173
0.000509323
0.000511355
0.000511326
0.000507888
0.000510509
0.000517588
0.000512576
0.000507993
0.000504705
0.000499682
0.000494339
0.000488957
0.00048676
0.000488382
0.000488613
0.000483977
0.00048111
0.000476608
0.000471753
0.000468197
0.000465019
