0
0.00885695
0.00811391
0.00691456
0.0103975
0.00885391
0.00765332
0.00725768
0.0064809
0.00589614
0.0054212
0.00586831
0.00603722
0.00572131
0.00532857
0.00500428
0.00470717
0.00466981
0.00445125
0.00422619
0.00401992
0.00384479
0.00367489
0.00378442
0.003654
0.00351092
0.00339845
0.00327484
0.00317706
0.00309653
0.00312722
0.00304177
0.00302511
0.0029418
0.00289922
0.00282572
0.00277455
0.00270477
0.00263467
0.00258514
0.00261247
0.00256503
0.00252002
0.00247778
0.0024223
0.00237027
0.00232977
0.0022817
0.00224909
0.00221864
0.00221012
0.00216753
0.00212635
0.00210607
0.00210985
0.00207189
0.00206456
0.00205201
0.00201695
0.00198652
0.0019677
0.00195685
0.00192556
0.00189819
0.00187511
0.00184817
0.00184026
0.00181377
0.00182096
0.00179525
0.0017727
0.00175068
0.00173756
0.00172881
0.00170837
0.00174499
0.00172463
0.00174457
0.00172745
0.0017085
0.00169555
0.00168042
0.00166317
0.00167029
0.0016611
0.00164568
0.00163876
0.00164338
0.00162485
0.00161095
0.00162601
0.00161845
0.00160135
0.00159312
0.00157989
0.00156335
0.00156204
0.00154621
0.00153394
0.0015241
