# T	mu	sigma	E	Eerr	acc
0.1	0.989883	0.667312	-0.265981	0.0234576	0.9
0.0995	1.00237	0.671219	-0.194626	0.0320278	1
0.099	1.02008	0.684315	-0.192183	0.0244176	0.8
0.0985	1.03844	0.696053	-0.0830839	0.0441102	0.9
0.098	1.05364	0.689551	-0.0880453	0.0366441	0.6
0.0975	1.05146	0.668652	-0.10251	0.032479	0.7
0.097	1.03065	0.659188	-0.166703	0.0332373	0.9
0.0965	1.00346	0.64943	-0.236156	0.0237027	0.7
0.096	1.023	0.636075	-0.205922	0.024702	1
0.0955	1.01993	0.621285	-0.212676	0.0282394	0.4
0.095	1.00939	0.625905	-0.279953	0.0159793	0.8
0.0945	1.04062	0.621539	-0.213822	0.0196579	1
0.094	1.0122	0.596746	-0.248091	0.021668	0.9
0.0935	0.998198	0.572084	-0.256778	0.0189977	0.8
0.093	0.983064	0.567296	-0.317786	0.0126496	0.8
0.0925	0.956558	0.549881	-0.287448	0.0113098	1
0.092	0.926024	0.572838	-0.381739	0.0113137	1
0.0915	0.927266	0.585636	-0.38331	0.010289	0.9
0.091	0.919808	0.583709	-0.368391	0.0109088	0.7
0.0905	0.945625	0.575808	-0.364642	0.00992248	1
0.09	0.949987	0.569146	-0.351875	0.00925716	1
0.0895	0.98247	0.582863	-0.297191	0.0123283	1
0.089	0.990734	0.582812	-0.312613	0.0111738	0.9
0.0885	0.984861	0.573589	-0.304518	0.0113985	0.9
0.088	1.00199	0.557423	-0.24561	0.0113897	0.7
0.0875	0.996661	0.563357	-0.281672	0.0126053	0.8
0.087	0.99839	0.529755	-0.243954	0.0143628	1
0.0865	0.9835	0.540871	-0.279205	0.0136522	0.9
0.086	0.974865	0.561937	-0.31566	0.0113343	0.9
0.0855	0.95886	0.569559	-0.326876	0.0116776	0.9
0.085	0.938556	0.570086	-0.38147	0.0117793	0.9
0.0845	0.93766	0.598535	-0.393361	0.0093246	0.8
0.084	0.94848	0.553359	-0.306797	0.0125454	0.9
0.0835	0.942299	0.531656	-0.298006	0.012986	1
0.083	0.959845	0.544852	-0.30713	0.0147489	0.9
0.0825	0.966651	0.535347	-0.26367	0.0145913	1
0.082	0.967148	0.544153	-0.309644	0.0138832	0.9
0.0815	0.968537	0.519065	-0.250237	0.0149977	0.9
0.081	0.971004	0.539084	-0.277904	0.0137161	0.9
0.0805	0.960153	0.524169	-0.251232	0.0143245	0.7
0.08	0.989851	0.539445	-0.252499	0.0121784	0.9
0.0795	1.02939	0.568145	-0.185033	0.0199114	0.8
0.079	1.03952	0.576881	-0.192571	0.0134205	1
0.0785	1.04591	0.601451	-0.209636	0.0149483	0.8
0.078	1.06744	0.583731	-0.103545	0.031591	1
0.0775	1.03944	0.624908	-0.209087	0.0176694	1
0.077	1.0203	0.622001	-0.264062	0.0156578	0.9
0.0765	1.03911	0.599679	-0.215978	0.0188823	0.8
0.076	1.01857	0.605008	-0.275593	0.0126389	0.6
0.0755	1.03828	0.606342	-0.202853	0.0207364	0.9
0.075	1.06928	0.591976	-0.161305	0.0163391	1
0.0745	1.05664	0.588267	-0.146834	0.0230248	0.8
0.074	1.0467	0.595529	-0.197638	0.0185218	1
0.0735	1.02794	0.583978	-0.233755	0.0175359	1
0.073	1.03087	0.576386	-0.195299	0.0161303	0.8
0.0725	1.03099	0.553013	-0.210951	0.0137911	0.7
0.072	1.04835	0.579195	-0.186588	0.0145033	0.8
0.0715	1.05767	0.603538	-0.194585	0.01485	0.6
0.071	1.04117	0.61067	-0.236799	0.0151485	0.8
0.0705	1.08895	0.612145	-0.106621	0.0215286	1
0.07	1.07191	0.593578	-0.155043	0.0175232	0.8
0.0695	1.06166	0.573075	-0.19299	0.0123671	0.6
0.069	1.08602	0.565497	-0.10202	0.0159735	1
0.0685	1.08534	0.566015	-0.112559	0.0131142	0.7
0.068	1.06857	0.581815	-0.157548	0.0151564	0.8
0.0675	1.06211	0.61074	-0.194368	0.018052	0.5
0.067	1.05306	0.586713	-0.154014	0.0158597	0.9
0.0665	1.03485	0.605409	-0.203041	0.0180568	0.7
0.066	1.02303	0.618572	-0.214468	0.0202639	0.5
0.0655	0.992043	0.637805	-0.253368	0.0216676	1
0.065	1.0072	0.650591	-0.231365	0.0235261	0.7
0.0645	0.975425	0.650661	-0.316095	0.016907	0.9
0.064	0.959189	0.661788	-0.327202	0.0216101	0.7
0.0635	0.930899	0.655125	-0.343764	0.0201028	0.9
0.063	0.916373	0.657127	-0.388244	0.0133172	1
0.0625	0.934805	0.648662	-0.376999	0.0140553	0.6
0.062	0.946212	0.666111	-0.362738	0.0163242	0.8
0.0615	0.949397	0.655887	-0.344997	0.0170452	0.6
0.061	0.910767	0.631602	-0.375967	0.0147977	1
0.0605	0.918313	0.619428	-0.367948	0.0138988	1
0.06	0.936304	0.640744	-0.364176	0.016817	0.8
0.0595	0.934953	0.635769	-0.379501	0.0117901	0.9
0.059	0.95608	0.635281	-0.320995	0.0208439	1
0.0585	0.954312	0.628591	-0.343959	0.0118924	0.8
0.058	0.944007	0.634254	-0.354581	0.0204814	0.6
0.0575	0.941397	0.637695	-0.358209	0.0180971	0.6
0.057	0.937459	0.620541	-0.373355	0.0133083	0.8
0.0565	0.960639	0.599066	-0.342707	0.0133227	0.8
0.056	0.962435	0.615749	-0.360196	0.0116548	0.8
0.0555	0.958753	0.60706	-0.355275	0.0129103	0.8
0.055	0.977689	0.614378	-0.328947	0.0132715	0.8
0.0545	0.989456	0.600312	-0.272481	0.0151235	0.8
0.054	0.979423	0.574176	-0.310945	0.00928734	0.9
0.0535	0.946542	0.570576	-0.336429	0.0110255	0.9
0.053	0.943098	0.566043	-0.342775	0.0116694	0.8
0.0525	0.960623	0.579961	-0.327723	0.0106168	0.9
0.052	0.972402	0.574545	-0.318854	0.00960622	0.9
0.0515	0.978054	0.560348	-0.275868	0.0145466	1
0.051	0.974373	0.581391	-0.308421	0.0125608	0.8
0.0505	0.98419	0.620833	-0.301652	0.0147773	1
0.05	0.970648	0.613774	-0.33958	0.0146714	0.9
0.0495	0.955612	0.582319	-0.348093	0.00984798	0.7
0.049	0.927229	0.61119	-0.361885	0.0153584	0.9
0.0485	0.894241	0.593388	-0.41724	0.00785699	1
0.048	0.860183	0.592946	-0.417832	0.00895473	0.9
0.0475	0.870512	0.591629	-0.416729	0.00982662	0.7
0.047	0.855097	0.591711	-0.416148	0.00919835	0.8
0.0465	0.868816	0.562161	-0.411973	0.0106477	0.9
0.046	0.866406	0.580064	-0.417315	0.00822601	0.9
0.0455	0.838371	0.556877	-0.409356	0.011103	1
0.045	0.807457	0.58312	-0.448302	0.00919348	1
0.0445	0.799193	0.587737	-0.447028	0.00724512	0.9
0.044	0.817738	0.597567	-0.444281	0.00729664	0.9
0.0435	0.834517	0.587357	-0.438632	0.00854832	0.9
0.043	0.820768	0.607416	-0.451838	0.00748067	0.8
0.0425	0.848495	0.613288	-0.442094	0.006894	1
0.042	0.879244	0.628563	-0.419008	0.0115458	1
0.0415	0.895358	0.602211	-0.405962	0.00734323	0.8
0.041	0.895693	0.61427	-0.40748	0.012141	1
0.0405	0.885212	0.585134	-0.411326	0.00805842	0.7
0.04	0.870929	0.583476	-0.419905	0.00776209	0.7
0.0395	0.900437	0.59414	-0.375747	0.0123652	1
0.039	0.874595	0.605116	-0.439772	0.00819351	0.8
0.0385	0.858027	0.614402	-0.441004	0.00705703	0.9
0.038	0.854621	0.575614	-0.417792	0.00927506	0.9
0.0375	0.852105	0.561309	-0.391663	0.00960583	0.9
0.037	0.88355	0.548317	-0.381243	0.0114431	0.9
0.0365	0.85708	0.545429	-0.399524	0.0121296	0.9
0.036	0.830176	0.576077	-0.421735	0.00828158	1
0.0355	0.848251	0.589864	-0.425715	0.0081659	0.9
0.035	0.850989	0.576055	-0.420508	0.00864118	0.7
0.0345	0.840824	0.576526	-0.421786	0.00870847	0.9
0.034	0.838753	0.536892	-0.399779	0.0148084	0.9
0.0335	0.858091	0.57657	-0.418957	0.00915791	0.9
0.033	0.851252	0.558085	-0.395756	0.0114731	0.9
0.0325	0.849822	0.567279	-0.394935	0.00954567	0.7
0.032	0.858658	0.54565	-0.370954	0.0131277	0.6
0.0315	0.841959	0.569231	-0.418251	0.0088106	0.7
0.031	0.840013	0.564938	-0.436872	0.00930459	0.6
0.0305	0.853114	0.563056	-0.405521	0.0116415	0.8
0.03	0.85621	0.54386	-0.403027	0.0145891	0.8
0.0295	0.844443	0.557228	-0.409855	0.0108422	0.5
0.029	0.813028	0.554375	-0.427794	0.0119257	0.7
0.0285	0.820508	0.563229	-0.418928	0.0106409	0.8
0.028	0.807146	0.569582	-0.423471	0.007802	0.9
0.0275	0.796975	0.565708	-0.422472	0.00943862	0.6
0.027	0.792225	0.57573	-0.425571	0.00903925	0.6
0.0265	0.803825	0.612951	-0.446264	0.00763414	1
0.026	0.815095	0.620377	-0.432926	0.0118745	0.8
0.0255	0.774794	0.638005	-0.447963	0.00663197	0.8
0.025	0.787241	0.625502	-0.437689	0.00746569	0.9
0.0245	0.759551	0.627038	-0.449297	0.00581599	0.7
0.024	0.738188	0.6237	-0.43438	0.00647907	0.8
0.0235	0.728892	0.639063	-0.416114	0.00801386	0.9
0.023	0.702453	0.649095	-0.421764	0.0076022	0.6
0.0225	0.717852	0.68158	-0.426859	0.00812435	0.7
0.022	0.718658	0.673489	-0.410404	0.00834298	0.9
0.0215	0.703711	0.656161	-0.418479	0.00760326	1
0.021	0.711748	0.648926	-0.41903	0.00631014	0.9
0.0205	0.688811	0.665526	-0.397926	0.00739438	1
0.02	0.690194	0.673458	-0.393416	0.00787965	0.8
0.0195	0.683369	0.677674	-0.4	0.00848433	0.8
0.019	0.703398	0.670341	-0.408582	0.00733165	0.5
0.0185	0.700153	0.67257	-0.400941	0.00902276	0.8
0.018	0.67521	0.662699	-0.389515	0.00951354	0.8
0.0175	0.675335	0.665057	-0.384888	0.00990679	0.6
0.017	0.668625	0.682165	-0.38186	0.0119455	0.5
0.0165	0.678405	0.680701	-0.404623	0.00790218	0.1
0.016	0.67326	0.693463	-0.384168	0.0106274	0.5
0.0155	0.641558	0.669642	-0.355888	0.00932827	0.7
0.015	0.640322	0.675282	-0.379486	0.0085749	0.6
0.0145	0.657848	0.69778	-0.370953	0.00897284	0.7
0.014	0.660119	0.698159	-0.382943	0.0106508	0.8
0.0135	0.665828	0.692046	-0.379986	0.00949022	0.6
0.013	0.667015	0.673561	-0.402284	0.00810182	0.3
0.0125	0.641836	0.671915	-0.353008	0.0112351	0.7
0.012	0.673734	0.663588	-0.40224	0.00869203	0.5
0.0115	0.669876	0.647329	-0.387974	0.00959272	0.8
0.011	0.679914	0.654579	-0.405808	0.00727013	0.5
0.0105	0.688603	0.629034	-0.400935	0.00672413	0.7
0.01	0.710893	0.621645	-0.415763	0.00972106	0.5
0.0095	0.722973	0.60278	-0.433647	0.00741854	0.9
0.009	0.721168	0.605429	-0.431045	0.00827335	0.4
0.0085	0.713973	0.623217	-0.4219	0.00594721	0.6
0.008	0.730703	0.60173	-0.439789	0.0073027	0.6
0.0075	0.738415	0.600947	-0.441196	0.00673725	0.5
0.007	0.736918	0.580025	-0.419604	0.00886511	0.5
0.0065	0.752976	0.598699	-0.432711	0.00724891	0.7
0.006	0.766741	0.596361	-0.446465	0.00622575	0.7
0.0055	0.766641	0.592862	-0.441135	0.00726637	0.5
0.005	0.775335	0.607752	-0.447234	0.00568128	0.7
0.0045	0.775335	0.607752	-0.451115	0.00661634	0
0.004	0.77065	0.598099	-0.45278	0.00625469	0.2
0.0035	0.765465	0.594234	-0.439922	0.00805064	0.3
0.003	0.760452	0.591599	-0.446945	0.0075529	0.1
0.0025	0.755208	0.590132	-0.437732	0.00705466	0.3
0.1	1.01373	0.64837	-0.205024	0.0339749	0.9
0.0995	0.987594	0.6118	-0.293748	0.0174971	0.84
0.099	0.920314	0.657924	-0.343211	0.0256722	0.9
0.0985	0.938519	0.714309	-0.288354	0.0249179	0.74
0.098	0.910955	0.640851	-0.408973	0.0107742	0.86
0.0975	0.925939	0.56825	-0.376557	0.0104335	0.96
0.097	0.916358	0.578932	-0.385361	0.0104152	0.92
0.0965	0.879005	0.569712	-0.383535	0.0120698	0.94
0.096	0.826317	0.586923	-0.421686	0.0150074	0.96
0.0955	0.829832	0.53212	-0.367545	0.014118	0.86
0.095	0.849235	0.571607	-0.404385	0.0087914	0.86
0.0945	0.834292	0.618462	-0.422089	0.0109628	0.98
0.094	0.780931	0.559795	-0.40177	0.0104825	0.96
0.0935	0.838855	0.581315	-0.424563	0.00768501	0.84
0.093	0.871138	0.622056	-0.421845	0.00854788	0.94
0.0925	0.889694	0.624412	-0.410686	0.0110366	0.96
0.092	0.893996	0.586885	-0.373017	0.0134663	0.92
0.0915	0.863987	0.608721	-0.437253	0.00732865	0.86
0.091	0.903234	0.666044	-0.397447	0.0141505	0.94
0.0905	0.872265	0.622604	-0.417945	0.00962638	0.92
0.09	0.874329	0.59777	-0.424733	0.00793844	0.94
0.0895	0.863714	0.61913	-0.44157	0.00860807	0.9
0.089	0.814005	0.634599	-0.445474	0.011067	0.82
0.0885	0.802824	0.697042	-0.41033	0.0138844	0.9
0.088	0.844074	0.637335	-0.440221	0.00927056	0.92
0.0875	0.805178	0.587174	-0.447256	0.00820121	0.92
0.087	0.810401	0.603646	-0.444996	0.00658171	0.9
0.0865	0.781928	0.595697	-0.429773	0.0074793	0.92
0.086	0.708278	0.546901	-0.378358	0.0126619	0.94
0.0855	0.662486	0.667428	-0.378519	0.00999743	0.96
0.085	0.73713	0.62822	-0.44173	0.00546566	0.98
0.0845	0.740803	0.651931	-0.424105	0.0172256	0.96
0.084	0.774698	0.598814	-0.445698	0.00688722	0.94
0.0835	0.787422	0.644516	-0.438678	0.00687972	0.98
0.083	0.771095	0.600451	-0.443181	0.00720439	0.98
0.0825	0.801492	0.617127	-0.445406	0.00674343	0.96
0.082	0.821589	0.566511	-0.431599	0.00877326	0.82
0.0815	0.819813	0.608124	-0.439524	0.0080618	0.9
0.081	0.850744	0.566302	-0.42875	0.00945605	0.98
0.0805	0.851569	0.528665	-0.331223	0.015624	0.94
0.08	0.887382	0.51084	-0.271706	0.0175805	0.84
0.0795	0.901472	0.496711	-0.22498	0.02205	0.82
0.079	0.894824	0.522228	-0.3081	0.0172431	0.8
0.0785	0.950103	0.533807	-0.309979	0.0146132	0.94
0.078	0.941601	0.533638	-0.306044	0.0146045	0.9
0.0775	0.939686	0.499635	-0.220112	0.0201744	0.88
0.077	0.918619	0.453032	-0.0234179	0.0276774	0.74
0.0765	0.871424	0.50244	-0.303293	0.0203346	0.8
0.076	0.878586	0.542607	-0.381106	0.0139549	0.86
0.0755	0.880393	0.53931	-0.363487	0.0145969	0.82
0.075	0.815355	0.574806	-0.424522	0.00877069	0.9
0.0745	0.776821	0.636749	-0.436173	0.00587419	0.9
0.074	0.752806	0.599743	-0.437347	0.00615911	0.9
0.0735	0.713113	0.560376	-0.395981	0.0114599	0.96
0.073	0.767283	0.629508	-0.444319	0.00778517	0.9
0.0725	0.786419	0.617623	-0.436891	0.0116905	0.86
0.072	0.776581	0.594668	-0.450732	0.00774359	0.94
0.0715	0.746475	0.575053	-0.415324	0.0087567	0.94
0.071	0.791216	0.498791	-0.272544	0.0226897	0.9
0.0705	0.793802	0.529451	-0.368447	0.0134949	0.76
0.07	0.814672	0.535714	-0.39333	0.0126718	0.92
0.0695	0.79271	0.525203	-0.35331	0.0157746	0.82
0.069	0.82612	0.531924	-0.362573	0.0127514	0.88
0.0685	0.793535	0.605987	-0.445082	0.00657988	0.92
0.068	0.805755	0.66873	-0.437479	0.0104132	0.92
0.0675	0.832411	0.68099	-0.396631	0.0162638	0.86
0.067	0.775742	0.658086	-0.431816	0.0124106	0.8
0.0665	0.809559	0.629523	-0.44789	0.00741732	0.96
0.066	0.850504	0.6305	-0.436629	0.0136075	0.92
0.0655	0.82389	0.636423	-0.452967	0.00522505	0.92
0.065	0.802877	0.625206	-0.44862	0.00808252	0.88
0.0645	0.807266	0.622162	-0.451607	0.00747196	0.96
0.064	0.814146	0.677919	-0.427126	0.0122712	0.88
0.0635	0.783954	0.668202	-0.419646	0.0115826	0.88
0.063	0.766383	0.658107	-0.427192	0.0078761	0.9
0.0625	0.783741	0.686922	-0.415431	0.0102059	0.92
0.062	0.791669	0.648261	-0.42948	0.00971382	0.84
0.0615	0.805748	0.635101	-0.446261	0.0088001	0.94
0.061	0.857293	0.67029	-0.41043	0.0132415	0.94
0.0605	0.885143	0.656015	-0.411264	0.0129789	0.9
0.06	0.863854	0.597396	-0.429279	0.00886255	0.86
0.0595	0.824336	0.533114	-0.372397	0.0159199	0.94
0.059	0.849396	0.622852	-0.423511	0.0124395	0.82
0.0585	0.852995	0.654428	-0.423155	0.0111529	0.82
0.058	0.799135	0.608317	-0.45034	0.0062449	0.82
0.0575	0.740399	0.627616	-0.422075	0.00841683	0.9
0.057	0.732554	0.611087	-0.421667	0.00662944	0.96
0.0565	0.782546	0.595239	-0.432348	0.00782202	0.92
0.056	0.810972	0.620538	-0.450915	0.00756996	0.92
0.0555	0.765145	0.635315	-0.439022	0.00634393	0.9
0.055	0.764837	0.664682	-0.438915	0.00716022	0.88
0.0545	0.811094	0.693231	-0.444512	0.00925844	0.92
0.054	0.830445	0.676744	-0.400578	0.0139654	0.92
0.0535	0.824801	0.726806	-0.377741	0.0137612	0.96
0.053	0.843698	0.705251	-0.387459	0.0181777	0.76
0.0525	0.795227	0.739107	-0.36133	0.0191513	0.8
0.052	0.796839	0.767489	-0.362531	0.0236611	0.8
0.0515	0.815223	0.70221	-0.369341	0.0202916	0.9
0.051	0.774401	0.702054	-0.376897	0.0162893	0.88
0.0505	0.695531	0.677635	-0.40387	0.0128419	0.86
0.05	0.692538	0.651981	-0.390096	0.00979198	0.82
0.0495	0.688501	0.658909	-0.3919	0.0102507	0.84
0.049	0.691701	0.664137	-0.398591	0.00834149	0.72
0.0485	0.708741	0.626946	-0.401837	0.00804459	0.94
0.048	0.714378	0.648616	-0.4142	0.00720094	0.96
0.0475	0.772133	0.678255	-0.440131	0.00697809	0.84
0.047	0.795172	0.686434	-0.423328	0.0120878	0.86
0.0465	0.830139	0.672082	-0.433137	0.0107772	0.8
0.046	0.813977	0.664963	-0.44084	0.00826241	0.86
0.0455	0.796401	0.635245	-0.447491	0.00728614	0.86
0.045	0.789857	0.640453	-0.444402	0.0122736	0.92
0.0445	0.869574	0.578145	-0.423159	0.00982335	0.92
0.044	0.864248	0.627078	-0.422533	0.00993925	0.88
0.0435	0.832066	0.608559	-0.421523	0.00907512	0.84
0.043	0.86204	0.634061	-0.421158	0.0162612	0.88
0.0425	0.877052	0.629995	-0.419276	0.00993129	0.86
0.042	0.87362	0.654985	-0.40935	0.0155441	0.88
0.0415	0.84755	0.660705	-0.42133	0.0154914	0.82
0.041	0.835994	0.672634	-0.417422	0.0141051	0.86
0.0405	0.819289	0.653343	-0.448133	0.00794657	0.78
0.04	0.805856	0.610184	-0.458155	0.00605849	0.82
0.0395	0.843177	0.631548	-0.433637	0.00871445	0.86
0.039	0.830658	0.711137	-0.389471	0.0184987	0.88
0.0385	0.802042	0.708968	-0.407679	0.0126628	0.68
0.038	0.845215	0.706204	-0.365549	0.0190048	0.74
0.0375	0.839109	0.700959	-0.383258	0.0189032	0.78
0.037	0.853543	0.733692	-0.356264	0.020209	0.58
0.0365	0.833087	0.746605	-0.362387	0.0163484	0.52
0.036	0.801596	0.715511	-0.393905	0.0132363	0.44
0.0355	0.753794	0.730212	-0.370886	0.0212894	0.7
0.035	0.734096	0.700316	-0.388546	0.0169594	0.8
0.0345	0.693375	0.707992	-0.382052	0.0140602	0.72
0.034	0.7104	0.717088	-0.3791	0.0159421	0.86
0.0335	0.654299	0.627976	-0.386607	0.00910454	0.72
0.033	0.681272	0.609184	-0.389565	0.0071162	0.76
0.0325	0.652465	0.641516	-0.368933	0.00760568	0.72
0.032	0.640785	0.673611	-0.356658	0.00989305	0.92
0.0315	0.654566	0.649097	-0.375605	0.00992777	0.88
0.031	0.640863	0.594972	-0.362458	0.00934564	0.94
0.0305	0.68041	0.662263	-0.387406	0.00781955	0.88
0.03	0.720389	0.62447	-0.433473	0.00634511	0.86
0.0295	0.786546	0.598786	-0.445418	0.00684728	0.86
0.029	0.828274	0.637398	-0.447428	0.00920453	0.8
0.0285	0.874354	0.62164	-0.416521	0.0114315	0.78
0.028	0.931815	0.634054	-0.364473	0.0169148	0.84
0.0275	0.920942	0.671319	-0.329448	0.0267852	0.7
0.027	0.857127	0.616935	-0.437679	0.00728754	0.72
0.0265	0.849101	0.604516	-0.455501	0.00819366	0.82
0.026	0.811755	0.627302	-0.446844	0.00641757	0.86
0.0255	0.813526	0.699385	-0.428643	0.0123982	0.86
0.025	0.802795	0.654524	-0.428812	0.0134089	0.78
0.0245	0.798179	0.621528	-0.440116	0.00663416	0.8
0.024	0.774828	0.614131	-0.457166	0.00540105	0.82
0.0235	0.763852	0.637059	-0.437741	0.009433	0.86
0.023	0.780204	0.669383	-0.435838	0.00850896	0.84
0.0225	0.74477	0.651177	-0.421853	0.0076452	0.84
0.022	0.76379	0.648801	-0.452582	0.00508371	0.82
0.0215	0.771716	0.630432	-0.444982	0.00689594	0.86
0.021	0.773586	0.608948	-0.436454	0.00629605	0.82
0.0205	0.743619	0.627998	-0.438034	0.00754626	0.92
0.02	0.778362	0.597269	-0.434377	0.00844106	0.8
0.0195	0.787996	0.595918	-0.450289	0.00751933	0.8
0.019	0.753144	0.605039	-0.435415	0.0065737	0.74
0.0185	0.700784	0.6521	-0.403853	0.00903016	0.84
0.018	0.759759	0.65736	-0.443206	0.00592704	0.62
0.0175	0.770065	0.654254	-0.42985	0.00618048	0.8
0.017	0.77256	0.645355	-0.44111	0.00746743	0.62
0.0165	0.800553	0.602542	-0.451556	0.00680831	0.62
0.016	0.831519	0.61619	-0.450386	0.0064539	0.54
0.0155	0.81663	0.597615	-0.441155	0.00727882	0.74
0.015	0.787976	0.614897	-0.442247	0.0070992	0.54
0.0145	0.795184	0.652815	-0.444155	0.013974	0.62
0.014	0.801612	0.672663	-0.441799	0.00841056	0.66
0.0135	0.783455	0.647854	-0.435487	0.0111161	0.52
0.013	0.745336	0.656389	-0.433806	0.00723057	0.54
0.0125	0.77999	0.616393	-0.45028	0.00589925	0.48
0.012	0.80959	0.601078	-0.449047	0.00889301	0.7
0.0115	0.828952	0.597883	-0.449567	0.00788283	0.72
0.011	0.825203	0.576748	-0.443559	0.0083927	0.58
0.0105	0.832376	0.594841	-0.432081	0.00828519	0.54
0.01	0.82809	0.646487	-0.447805	0.00696619	0.42
0.0095	0.848926	0.661024	-0.438325	0.0101096	0.38
0.009	0.860276	0.647791	-0.43899	0.00877091	0.08
0.0085	0.845067	0.619166	-0.437891	0.00739214	0.48
0.008	0.840291	0.616706	-0.449075	0.00735452	0.44
0.0075	0.849939	0.644431	-0.440076	0.00821346	0.48
0.007	0.813861	0.622568	-0.4562	0.00573221	0.42
0.0065	0.823355	0.607739	-0.449303	0.00617951	0.42
0.006	0.816345	0.609586	-0.446094	0.00820559	0.26
0.0055	0.813728	0.602737	-0.463508	0.00690526	0.26
0.005	0.803822	0.591638	-0.451116	0.00751873	0.28
0.0045	0.790726	0.593235	-0.461424	0.00701686	0.3
0.004	0.760894	0.599095	-0.44064	0.00680268	0.28
0.0035	0.755332	0.587893	-0.444819	0.00702348	0.34
0.003	0.784454	0.569739	-0.444087	0.00955112	0.22
0.0025	0.773492	0.623585	-0.452942	0.00615996	0.3
0.1	1.00294	0.716547	-0.174712	0.0124061	0.94
0.0995	1.05423	0.70377	-0.0510516	0.0135351	0.94
0.099	1.00181	0.67226	-0.2323	0.00925989	0.88
0.0985	0.996786	0.662324	-0.259696	0.0075703	0.9
0.098	1.0083	0.629676	-0.255975	0.00693725	0.94
0.0975	1.04836	0.63465	-0.189034	0.00722845	0.98
0.097	0.992721	0.655758	-0.272261	0.00654292	0.96
0.0965	0.997963	0.63102	-0.273436	0.00638242	0.94
0.096	1.02121	0.647855	-0.216439	0.00786279	0.92
0.0955	1.02981	0.601007	-0.230837	0.00542585	0.9
0.095	0.994073	0.598035	-0.283279	0.00473068	0.98
0.0945	1.00228	0.560475	-0.260906	0.00396596	0.96
0.094	0.973684	0.579723	-0.322515	0.00333146	0.98
0.0935	0.956573	0.57611	-0.333329	0.00420202	0.92
0.093	0.983733	0.609336	-0.303426	0.00478676	0.96
0.0925	0.952185	0.652345	-0.331912	0.006729	0.92
0.092	0.921515	0.598694	-0.383319	0.00356017	0.96
0.0915	0.910883	0.603153	-0.397275	0.00344419	0.92
0.091	0.891136	0.691183	-0.351045	0.00775035	0.92
0.0905	0.910461	0.670136	-0.376708	0.00561224	0.92
0.09	0.87359	0.675568	-0.385452	0.00543221	0.98
0.0895	0.88993	0.688398	-0.361042	0.0063847	1
0.089	0.90042	0.67793	-0.376599	0.00597928	0.94
0.0885	0.857629	0.765481	-0.281073	0.00964254	0.88
0.088	0.825522	0.704275	-0.38972	0.00632699	0.92
0.0875	0.834837	0.654323	-0.433151	0.00329638	0.92
0.087	0.817491	0.636501	-0.437868	0.00284929	0.94
0.0865	0.814419	0.643442	-0.437928	0.00342249	1
0.086	0.781258	0.688265	-0.412929	0.00396767	0.94
0.0855	0.791263	0.671525	-0.427449	0.00368917	0.98
0.085	0.801367	0.703638	-0.405536	0.00449073	0.96
0.0845	0.737739	0.616838	-0.428829	0.00208727	0.92
0.084	0.707238	0.670538	-0.403018	0.00398205	1
0.0835	0.686255	0.697354	-0.388417	0.00383065	0.98
0.083	0.722079	0.728453	-0.379073	0.00514727	0.94
0.0825	0.752925	0.687211	-0.415384	0.00367201	0.96
0.082	0.841668	0.598525	-0.437497	0.00258374	0.98
0.0815	0.838095	0.618492	-0.435299	0.00357362	0.98
0.081	0.817364	0.634052	-0.433627	0.00367908	0.96
0.0805	0.879898	0.576907	-0.404478	0.00353563	0.98
0.08	0.857655	0.589456	-0.428864	0.00314673	0.96
0.0795	0.87762	0.551604	-0.383431	0.00391499	0.9
0.079	0.79123	0.580076	-0.431984	0.00266831	0.96
0.0785	0.709905	0.639825	-0.416342	0.00208162	0.98
0.078	0.68244	0.685176	-0.392478	0.00344055	0.98
0.0775	0.709198	0.685775	-0.402042	0.00315453	0.94
0.077	0.746911	0.669654	-0.423171	0.00280161	0.98
0.0765	0.711974	0.698039	-0.396725	0.00326279	0.94
0.076	0.655986	0.602427	-0.369884	0.00273111	0.96
0.0755	0.57112	0.566011	-0.253824	0.00428832	0.94
0.075	0.554441	0.568394	-0.229407	0.00446491	0.98
0.0745	0.575047	0.569883	-0.26275	0.00370149	0.94
0.074	0.549326	0.540672	-0.207974	0.0047601	0.98
0.0735	0.532309	0.611149	-0.223848	0.00430536	0.88
0.073	0.535092	0.608926	-0.231378	0.00477552	0.98
0.0725	0.538566	0.672892	-0.265155	0.00375011	0.92
0.072	0.586873	0.748609	-0.32407	0.00475103	0.88
0.0715	0.61359	0.774761	-0.316695	0.00561085	0.98
0.071	0.648119	0.739225	-0.348326	0.00472365	0.96
0.0705	0.701617	0.718276	-0.378542	0.00464537	1
0.07	0.723681	0.674211	-0.406929	0.00364933	0.94
0.0695	0.728391	0.702023	-0.403151	0.00410699	0.94
0.069	0.750439	0.657359	-0.429901	0.00318279	1
0.0685	0.746189	0.667635	-0.421807	0.00325749	0.98
0.068	0.789182	0.652946	-0.439728	0.00269588	0.96
0.0675	0.733463	0.668758	-0.418934	0.00304508	0.98
0.067	0.723322	0.715602	-0.391718	0.00413261	0.9
0.0665	0.751489	0.676237	-0.422541	0.00322236	0.92
0.066	0.798024	0.645219	-0.436529	0.00305328	0.92
0.0655	0.831422	0.665444	-0.422624	0.00379152	0.98
0.065	0.815817	0.708263	-0.390898	0.00535874	0.94
0.0645	0.832268	0.641824	-0.432157	0.00294665	0.96
0.064	0.864894	0.646182	-0.412053	0.0051774	0.98
0.0635	0.84312	0.68634	-0.405607	0.00486855	0.92
0.063	0.838667	0.695763	-0.399779	0.00506414	0.92
0.0625	0.815817	0.672879	-0.422616	0.00393259	0.94
0.062	0.904582	0.693868	-0.358151	0.0061901	0.96
0.0615	0.934158	0.706162	-0.318281	0.00796607	0.9
0.061	0.932993	0.611461	-0.374594	0.00372474	0.94
0.0605	0.934239	0.599706	-0.37277	0.00345918	0.94
0.06	0.939568	0.628162	-0.359183	0.00474335	0.92
0.0595	0.930157	0.562749	-0.345603	0.00388796	0.92
0.059	0.912888	0.600983	-0.400248	0.00333778	0.88
0.0585	0.890718	0.629317	-0.411681	0.00394263	0.94
0.058	0.857252	0.648837	-0.424125	0.00322708	0.94
0.0575	0.823135	0.707173	-0.402273	0.00546933	0.94
0.057	0.828616	0.69607	-0.399125	0.00544427	0.92
0.0565	0.812325	0.636657	-0.439308	0.00343796	0.98
0.056	0.822192	0.660683	-0.433935	0.00322551	0.94
0.0555	0.833193	0.653777	-0.430624	0.00367783	0.92
0.055	0.854005	0.627613	-0.429845	0.00312721	0.98
0.0545	0.847437	0.666251	-0.420333	0.00528128	0.92
0.054	0.846838	0.650251	-0.424778	0.00414971	0.98
0.0535	0.859606	0.633788	-0.42751	0.00340085	0.98
0.053	0.843869	0.628741	-0.434848	0.00292133	0.92
0.0525	0.771962	0.632395	-0.447778	0.00228756	0.96
0.052	0.710103	0.583741	-0.408495	0.00266403	0.94
0.0515	0.686605	0.585042	-0.392978	0.00258313	0.98
0.051	0.705797	0.594313	-0.406777	0.00247306	0.96
0.0505	0.692455	0.629402	-0.403696	0.00257594	0.94
0.05	0.737965	0.559137	-0.403862	0.0036035	0.92
0.0495	0.719559	0.563252	-0.400198	0.00319664	0.92
0.049	0.729266	0.530891	-0.356517	0.00477926	0.9
0.0485	0.743985	0.551469	-0.404802	0.00403538	0.88
0.048	0.7702	0.51443	-0.344761	0.00505329	0.92
0.0475	0.753937	0.593858	-0.43448	0.00232733	0.9
0.047	0.751953	0.623138	-0.435411	0.00226201	0.98
0.0465	0.74209	0.604421	-0.434724	0.00205259	1
0.046	0.81614	0.607781	-0.445322	0.00248517	0.92
0.0455	0.862331	0.581455	-0.411291	0.00316835	1
0.045	0.818354	0.540444	-0.388621	0.00384769	0.8
0.0445	0.754786	0.592545	-0.430788	0.00236987	0.98
0.044	0.752005	0.544523	-0.394753	0.00350878	0.9
0.0435	0.76257	0.584547	-0.432545	0.00243982	0.88
0.043	0.753598	0.604512	-0.433933	0.00234261	0.96
0.0425	0.716347	0.63752	-0.415907	0.00222404	0.96
0.042	0.76992	0.592403	-0.434181	0.00281152	0.9
0.0415	0.710673	0.594146	-0.418121	0.00243347	0.98
0.041	0.691411	0.618422	-0.401656	0.00238228	0.9
0.0405	0.693639	0.613004	-0.40179	0.0022811	0.9
0.04	0.73155	0.608981	-0.42311	0.00249744	0.96
0.0395	0.687924	0.552691	-0.374022	0.0034673	0.9
0.039	0.638538	0.544853	-0.319925	0.00370161	0.92
0.0385	0.648909	0.540395	-0.321494	0.00431062	0.94
0.038	0.701253	0.556347	-0.381889	0.00323442	0.98
0.0375	0.633929	0.564662	-0.330441	0.00342541	1
0.037	0.685659	0.595802	-0.399605	0.00270023	0.94
0.0365	0.672969	0.598892	-0.391242	0.0028684	0.9
0.036	0.688967	0.589094	-0.396431	0.00253363	0.96
0.0355	0.682035	0.620872	-0.395753	0.00277309	0.92
0.035	0.672992	0.590407	-0.379785	0.00265176	0.98
0.0345	0.753359	0.625733	-0.437886	0.00227994	0.94
0.034	0.777277	0.644176	-0.438591	0.00317957	0.92
0.0335	0.790041	0.609348	-0.447675	0.00237612	0.92
0.033	0.822111	0.61134	-0.444379	0.00236442	0.94
0.0325	0.804579	0.597465	-0.43903	0.00287757	0.88
0.032	0.735827	0.536624	-0.376667	0.00449561	0.96
0.0315	0.736074	0.61178	-0.432365	0.00230616	0.98
0.031	0.736561	0.593185	-0.422282	0.00208083	0.9
0.0305	0.735482	0.584186	-0.422892	0.00219121	0.94
0.03	0.768202	0.597469	-0.438924	0.00210164	0.96
0.0295	0.812922	0.691325	-0.403154	0.00558714	0.98
0.029	0.816076	0.729361	-0.369549	0.00794165	0.86
0.0285	0.783797	0.709256	-0.398384	0.0046579	0.88
0.028	0.805205	0.679127	-0.417586	0.00491158	0.86
0.0275	0.782082	0.643342	-0.437151	0.00360665	0.94
0.027	0.74103	0.58551	-0.420074	0.0024902	0.9
0.0265	0.681342	0.658835	-0.385794	0.00304886	0.96
0.026	0.692732	0.69946	-0.377689	0.00441432	0.92
0.0255	0.750894	0.714021	-0.389844	0.0044662	0.96
0.025	0.758742	0.719795	-0.383767	0.00520383	0.86
0.0245	0.745712	0.708728	-0.406969	0.0039123	0.86
0.024	0.792529	0.64127	-0.437126	0.00306084	0.94
0.0235	0.830549	0.659286	-0.422914	0.00374129	0.9
0.023	0.877109	0.650239	-0.413182	0.00436361	0.9
0.0225	0.840019	0.678506	-0.411299	0.00440802	0.82
0.022	0.799216	0.651253	-0.432365	0.00347391	0.74
0.0215	0.838323	0.590235	-0.434011	0.00274944	0.94
0.021	0.82334	0.590938	-0.441589	0.00251984	0.86
0.0205	0.787638	0.601799	-0.44689	0.00222327	0.92
0.02	0.805439	0.561656	-0.420156	0.0031868	0.9
0.0195	0.851046	0.585322	-0.428005	0.00288528	0.96
0.019	0.845466	0.612345	-0.438462	0.00270583	0.88
0.0185	0.849694	0.564111	-0.412785	0.00352506	0.82
0.018	0.820418	0.545387	-0.390524	0.00413377	0.82
0.0175	0.817476	0.528575	-0.362706	0.00437435	0.74
0.017	0.822042	0.588518	-0.43683	0.00255443	0.8
0.0165	0.814661	0.608732	-0.445607	0.00249965	0.9
0.016	0.8374	0.586726	-0.434125	0.00271008	0.82
0.0155	0.876668	0.576896	-0.409388	0.00342013	0.88
0.015	0.830465	0.557138	-0.407858	0.00367357	0.9
0.0145	0.811587	0.579555	-0.438527	0.0024129	0.86
0.014	0.882642	0.619687	-0.419066	0.00361529	0.88
0.0135	0.84624	0.58773	-0.429224	0.00248358	0.88
0.013	0.797719	0.579122	-0.437296	0.00266725	0.84
0.0125	0.774786	0.605981	-0.440137	0.00224814	0.78
0.012	0.729105	0.624539	-0.428221	0.00216377	0.88
0.0115	0.723669	0.628035	-0.423755	0.00238602	0.9
0.011	0.734515	0.621263	-0.425768	0.00243635	0.7
0.0105	0.730134	0.616237	-0.427372	0.00260713	0.78
0.01	0.75822	0.611623	-0.436096	0.00265684	0.84
0.0095	0.77658	0.582853	-0.437309	0.00290457	0.74
0.009	0.785966	0.625969	-0.445307	0.00248321	0.82
0.0085	0.797079	0.640086	-0.439344	0.00287921	0.82
0.008	0.789021	0.639873	-0.441054	0.00270866	0.86
0.0075	0.81071	0.610522	-0.441462	0.00280167	0.74
0.007	0.787596	0.620075	-0.445656	0.00194708	0.76
0.0065	0.81841	0.581611	-0.432955	0.00299403	0.74
0.006	0.776556	0.624422	-0.443687	0.00209552	0.58
0.0055	0.810924	0.647687	-0.438406	0.00306249	0.76
0.005	0.798458	0.637553	-0.446983	0.00236876	0.62
0.0045	0.78192	0.594327	-0.439782	0.00240155	0.72
0.004	0.819101	0.617804	-0.447364	0.0022136	0.52
0.0035	0.76534	0.610292	-0.442707	0.00230133	0.62
0.003	0.807267	0.615503	-0.451695	0.00240028	0.48
0.0025	0.819669	0.637218	-0.441401	0.0029203	0.26
