#     BLOCK:  ACTUAL_PE:     PE_AVE:      ERROR:      V_TAIL=-0.428346
           1    -5.45887    -5.45887           0
           2    -5.44329    -5.45108  0.00551025
           3    -5.44325    -5.44847    0.004247
           4    -5.41568    -5.44027  0.00778165
           5    -5.44854    -5.44192  0.00639843
           6    -5.46288    -5.44542  0.00621228
           7    -5.45109    -5.44623  0.00537747
           8    -5.45795    -5.44769  0.00490095
           9    -5.43905    -5.44673  0.00444943
          10    -5.43113    -5.44517  0.00426913
          11    -5.43938    -5.44465  0.00391332
          12    -5.44659    -5.44481  0.00359057
          13    -5.41774    -5.44273  0.00387132
          14    -5.43196    -5.44196  0.00367045
          15    -5.44872    -5.44241  0.00345335
          16    -5.43076    -5.44168  0.00331332
          17    -5.43989    -5.44157  0.00312009
          18    -5.41671    -5.44019  0.00323809
          19    -5.44401    -5.44039  0.00307388
          20    -5.43986    -5.44037   0.0029203
          21    -5.43612    -5.44017  0.00278825
          22    -5.46438    -5.44127  0.00287058
          23    -5.46565    -5.44233  0.00293505
          24    -5.43834    -5.44216  0.00281744
          25    -5.44364    -5.44222  0.00270537
          26    -5.44562    -5.44235  0.00260448
          27    -5.45068    -5.44266  0.00252621
          28    -5.42556    -5.44205  0.00250876
          29    -5.43136    -5.44168  0.00244915
          30    -5.44324    -5.44173  0.00236806
          31    -5.42274    -5.44112  0.00236958
          32    -5.43738      -5.441  0.00229842
          33    -5.43554    -5.44084  0.00223472
          34    -5.46908    -5.44167  0.00231822
          35    -5.45105    -5.44194  0.00226743
          36    -5.43995    -5.44188  0.00220511
          37    -5.45956    -5.44236  0.00219668
          38    -5.42544    -5.44191  0.00218352
          39    -5.42223    -5.44141  0.00218505
          40     -5.4494    -5.44161  0.00213953
          41    -5.42808    -5.44128  0.00211263
          42    -5.44466    -5.44136  0.00206387
          43    -5.45132    -5.44159  0.00202884
          44    -5.43548    -5.44145  0.00198747
          45     -5.4911    -5.44255  0.00222861
          46    -5.43723    -5.44244  0.00218317
          47    -5.43723    -5.44233  0.00213954
          48    -5.42521    -5.44197  0.00212449
          49    -5.43246    -5.44178  0.00208997
          50    -5.45394    -5.44202  0.00206227
          51    -5.45825    -5.44234  0.00204623
          52    -5.44188    -5.44233   0.0020069
          53    -5.45831    -5.44263  0.00199155
          54    -5.45833    -5.44292  0.00197577
          55    -5.44184     -5.4429  0.00193994
          56    -5.43642    -5.44279  0.00190875
          57    -5.43427    -5.44264   0.0018811
          58    -5.44077    -5.44261  0.00184894
          59    -5.45922    -5.44289  0.00183894
          60    -5.44609    -5.44294  0.00180906
          61    -5.45312    -5.44311  0.00178708
          62    -5.40802    -5.44254  0.00184567
          63    -5.44023     -5.4425  0.00181674
          64    -5.45013    -5.44262  0.00179226
          65    -5.44498    -5.44266  0.00176505
          66    -5.46039    -5.44293  0.00175863
          67    -5.44699    -5.44299  0.00173343
          68    -5.43844    -5.44292  0.00170922
          69    -5.42933    -5.44273  0.00169576
          70    -5.43621    -5.44263  0.00167409
          71    -5.45435     -5.4428  0.00165863
          72    -5.43383    -5.44267  0.00164026
          73    -5.42137    -5.44238  0.00164355
          74    -5.43386    -5.44227  0.00162537
          75    -5.42108    -5.44198  0.00162805
          76    -5.43055    -5.44183  0.00161356
          77    -5.45539    -5.44201  0.00160219
          78    -5.44986    -5.44211   0.0015848
          79    -5.42525     -5.4419  0.00157904
          80    -5.43374    -5.44179  0.00156259
          81    -5.43561    -5.44172  0.00154517
          82    -5.43303    -5.44161  0.00152996
          83    -5.44087     -5.4416  0.00151155
          84    -5.45876    -5.44181  0.00150729
          85    -5.44726    -5.44187  0.00149092
          86    -5.43361    -5.44178  0.00147668
          87    -5.46506    -5.44204  0.00148377
          88    -5.45543    -5.44219  0.00147468
          89     -5.3937    -5.44165  0.00155554
          90    -5.44654     -5.4417   0.0015392
          91    -5.45026     -5.4418  0.00152516
          92    -5.45961    -5.44199  0.00152082
          93     -5.4478    -5.44205  0.00150575
          94    -5.43783    -5.44201   0.0014904
          95    -5.43868    -5.44197  0.00147512
          96     -5.4311    -5.44186   0.0014641
          97    -5.42962    -5.44174  0.00145443
          98    -5.42033    -5.44152   0.0014559
          99    -5.44867    -5.44159  0.00144299
         100    -5.41055    -5.44128  0.00146157
         101     -5.4427    -5.44129  0.00144717
         102    -5.46385    -5.44151  0.00144978
         103    -5.44867    -5.44158  0.00143737
         104    -5.44758    -5.44164   0.0014247
         105     -5.4424    -5.44165  0.00141115
         106    -5.44603    -5.44169  0.00139845
         107    -5.44239     -5.4417  0.00138539
         108     -5.4458    -5.44173  0.00137309
         109    -5.45287    -5.44184  0.00136429
         110    -5.41309    -5.44157  0.00137669
         111    -5.41013    -5.44129  0.00139313
         112     -5.4347    -5.44123  0.00138193
         113    -5.42727    -5.44111  0.00137522
         114    -5.45557    -5.44124    0.001369
         115    -5.43378    -5.44117  0.00135863
         116    -5.43425    -5.44111  0.00134823
         117    -5.43959     -5.4411  0.00133676
         118    -5.47892    -5.44142  0.00136332
         119    -5.43571    -5.44137  0.00135271
         120    -5.43834    -5.44135  0.00134167
         121    -5.42371     -5.4412  0.00133848
         122    -5.45732    -5.44133  0.00133401
         123    -5.44983     -5.4414  0.00132495
         124    -5.44951    -5.44147  0.00131588
         125    -5.43858    -5.44144  0.00130556
         126    -5.41766    -5.44125  0.00130878
         127    -5.44072    -5.44125  0.00129848
         128    -5.46831    -5.44146  0.00130543
         129    -5.43951    -5.44145   0.0012954
         130    -5.44811     -5.4415  0.00128645
         131     -5.4408    -5.44149  0.00127664
         132    -5.45641    -5.44161  0.00127196
         133    -5.43742    -5.44157  0.00126278
         134    -5.44151    -5.44157  0.00125336
         135     -5.4164    -5.44139  0.00125788
         136    -5.42939     -5.4413  0.00125172
         137    -5.44462    -5.44132  0.00124282
         138    -5.43264    -5.44126   0.0012354
         139    -5.41921     -5.4411  0.00123666
         140    -5.42519    -5.44099  0.00123304
         141    -5.42373    -5.44087  0.00123035
         142     -5.4212    -5.44073  0.00122946
         143    -5.43743     -5.4407  0.00122108
         144    -5.41393    -5.44052  0.00122667
         145    -5.43633    -5.44049  0.00121855
         146    -5.43025    -5.44042  0.00121222
         147    -5.43001    -5.44035  0.00120603
         148    -5.43528    -5.44031  0.00119837
         149    -5.42785    -5.44023  0.00119325
         150    -5.43796    -5.44022  0.00118539
         151    -5.44057    -5.44022  0.00117754
         152    -5.44524    -5.44025  0.00117026
         153    -5.40937    -5.44005  0.00117989
         154     -5.4631     -5.4402  0.00118168
         155    -5.43412    -5.44016  0.00117471
         156    -5.44711     -5.4402  0.00116803
         157    -5.45939    -5.44033  0.00116696
         158    -5.43235    -5.44028  0.00116066
         159    -5.46594    -5.44044  0.00116453
         160    -5.46067    -5.44056   0.0011641
         161    -5.43682    -5.44054   0.0011571
         162    -5.43622    -5.44051  0.00115027
         163    -5.42704    -5.44043  0.00114618
         164    -5.45019    -5.44049  0.00114073
         165     -5.4486    -5.44054  0.00113488
         166    -5.42007    -5.44042  0.00113472
         167    -5.43933    -5.44041  0.00112794
         168     -5.4395     -5.4404  0.00112124
         169    -5.45308    -5.44048  0.00111711
         170     -5.4572    -5.44058  0.00111486
         171     -5.4407    -5.44058  0.00110834
         172    -5.45793    -5.44068  0.00110648
         173    -5.46031    -5.44079  0.00110589
         174    -5.45221    -5.44086  0.00110147
         175    -5.42227    -5.44075  0.00110029
         176    -5.42452    -5.44066  0.00109789
         177    -5.47656    -5.44086  0.00111027
         178    -5.44345    -5.44088  0.00110413
         179    -5.44504     -5.4409   0.0010982
         180     -5.4552    -5.44098  0.00109497
         181    -5.43129    -5.44093  0.00109023
         182    -5.44993    -5.44098  0.00108536
         183    -5.44099    -5.44098  0.00107943
         184    -5.44368    -5.44099  0.00107366
         185    -5.42712    -5.44092  0.00107047
         186     -5.4239    -5.44082  0.00106862
         187    -5.43743    -5.44081  0.00106306
         188    -5.43633    -5.44078  0.00105767
         189     -5.4515    -5.44084  0.00105359
         190    -5.41932    -5.44073  0.00105412
         191    -5.45268    -5.44079  0.00105046
         192    -5.42025    -5.44068  0.00105042
         193    -5.43492    -5.44065   0.0010454
         194    -5.45697    -5.44074  0.00104339
         195    -5.43079    -5.44068  0.00103929
         196    -5.41765    -5.44057  0.00104061
         197    -5.40306    -5.44038  0.00105259
         198    -5.44989    -5.44042  0.00104837
         199    -5.46326    -5.44054  0.00104937
         200    -5.41831    -5.44043  0.00104999
         201    -5.45382    -5.44049  0.00104688
         202    -5.42901    -5.44044  0.00104324
         203    -5.42772    -5.44038  0.00103998
         204    -5.42464     -5.4403  0.00103774
         205    -5.42607    -5.44023  0.00103499
         206    -5.44413    -5.44025  0.00103014
         207    -5.45801    -5.44033  0.00102873
         208    -5.44473    -5.44035  0.00102401
         209    -5.43025    -5.44031  0.00102025
         210    -5.45954     -5.4404  0.00101949
         211    -5.44529    -5.44042  0.00101492
         212    -5.44635    -5.44045  0.00101052
         213    -5.44597    -5.44048  0.00100611
         214    -5.42494     -5.4404  0.00100402
         215    -5.42545    -5.44033  0.00100176
         216    -5.42123    -5.44024  0.00100102
         217    -5.44523    -5.44027 0.000996669
         218    -5.42873    -5.44021   0.0009935
         219    -5.46313    -5.44032 0.000994457
         220    -5.41845    -5.44022 0.000994891
         221    -5.42979    -5.44017 0.000991507
         222    -5.42977    -5.44013 0.000988148
         223    -5.44867    -5.44016  0.00098446
         224     -5.4358    -5.44014 0.000980258
         225    -5.45392    -5.44021 0.000977812
         226    -5.43726    -5.44019 0.000973572
         227    -5.43064    -5.44015 0.000970193
         228    -5.41515    -5.44004 0.000972115
         229    -5.44351    -5.44006 0.000967989
         230    -5.45123     -5.4401 0.000964999
         231    -5.44743    -5.44014 0.000961342
         232    -5.43434    -5.44011 0.000957523
         233    -5.44221    -5.44012 0.000953456
         234    -5.43857    -5.44011 0.000949404
         235    -5.43078    -5.44007 0.000946195
         236    -5.44325    -5.44009 0.000942281
         237    -5.43849    -5.44008 0.000938329
         238    -5.46471    -5.44018 0.000940075
         239    -5.42781    -5.44013 0.000937567
         240    -5.43823    -5.44012 0.000933694
         241    -5.45295    -5.44018 0.000931336
         242    -5.44441     -5.4402 0.000927651
         243    -5.42937    -5.44015 0.000924904
         244    -5.42286    -5.44008 0.000923823
         245    -5.41833    -5.43999 0.000924306
         246    -5.42496    -5.43993 0.000922567
         247    -5.43109    -5.43989 0.000919525
         248    -5.46318    -5.43999 0.000920599
         249    -5.45274    -5.44004 0.000918325
         250    -5.43077       -5.44   0.0009154
