#     BLOCK:   ACTUAL_P:     P_AVE:       ERROR:       P_TAIL=-0.855522
           1      1.3925      1.3925           0
           2     1.43431     1.41341   0.0147823
           3     1.49472     1.44051   0.0242242
           4     1.57998     1.47538    0.035241
           5     1.56187     1.49268   0.0321595
           6     1.42107     1.48074   0.0289293
           7     1.49349     1.48257   0.0248538
           8     1.42016     1.47477   0.0229385
           9     1.54085     1.48211   0.0215328
          10     1.60966     1.49486   0.0228473
          11     1.53383     1.49841   0.0210431
          12     1.37076     1.48777    0.021813
          13     1.57917      1.4948    0.021238
          14     1.57423     1.50047   0.0204649
          15     1.48023     1.49912    0.019145
          16     1.49736     1.49901   0.0179488
          17     1.57681     1.50359   0.0174667
          18     1.66691     1.51266   0.0187051
          19     1.49525     1.51175   0.0177431
          20     1.51083      1.5117    0.016856
          21     1.62718      1.5172   0.0169266
          22      1.3749     1.51073   0.0173491
          23     1.35102     1.50379   0.0179308
          24     1.51417     1.50422   0.0171889
          25     1.54831     1.50598   0.0165916
          26     1.49348      1.5055   0.0159604
          27     1.46694     1.50407   0.0154331
          28     1.55111     1.50575    0.014973
          29     1.52767     1.50651   0.0144758
          30     1.59943     1.50961   0.0143208
          31     1.52927     1.51024   0.0138728
          32      1.6012     1.51308   0.0137274
          33     1.62231     1.51639   0.0137046
          34      1.4096     1.51325   0.0136568
          35      1.4757     1.51218   0.0133087
          36      1.5398     1.51295   0.0129611
          37     1.48098     1.51208   0.0126395
          38     1.61116     1.51469    0.012573
          39     1.53194     1.51513   0.0122584
          40     1.43398      1.5131   0.0121186
          41     1.56952     1.51448   0.0119009
          42     1.61565     1.51689   0.0118588
          43     1.46837     1.51576   0.0116366
          44     1.51883     1.51583   0.0113723
          45     1.26127     1.51017   0.0124473
          46     1.49332     1.50981   0.0121821
          47     1.51638     1.50995   0.0119237
          48     1.61381     1.51211     0.01187
          49     1.52593     1.51239   0.0116311
          50     1.46137     1.51137   0.0114432
          51     1.50575     1.51126   0.0112193
          52     1.49298     1.51091   0.0110091
          53     1.46123     1.50997   0.0108412
          54     1.47006     1.50923   0.0106656
          55     1.57384     1.51041   0.0105362
          56     1.56087     1.51131   0.0103865
          57     1.52887     1.51162   0.0102088
          58     1.45275      1.5106   0.0100831
          59     1.41198     1.50893   0.0100498
          60     1.51581     1.50905  0.00988298
          61     1.38249     1.50697  0.00993634
          62     1.63421     1.50902  0.00998577
          63     1.58856     1.51029  0.00990676
          64     1.46279     1.50954  0.00977972
          65     1.43723     1.50843  0.00969234
          66     1.43099     1.50726  0.00961625
          67     1.60542     1.50872  0.00958367
          68     1.56875     1.50961   0.0094833
          69      1.5647      1.5104  0.00937941
          70     1.54297     1.51087  0.00925696
          71     1.47873     1.51042  0.00913764
          72     1.62196     1.51197  0.00914112
          73     1.56249     1.51266  0.00904206
          74     1.54912     1.51315  0.00893329
          75     1.61133     1.51446  0.00890957
          76     1.59518     1.51552  0.00885541
          77     1.48727     1.51516  0.00874801
          78     1.42421     1.51399  0.00871321
          79      1.6029     1.51511  0.00867529
          80     1.48456     1.51473  0.00857525
          81     1.53387     1.51497  0.00847264
          82     1.57195     1.51566  0.00839777
          83     1.49467     1.51541   0.0083004
          84      1.4209     1.51429  0.00827749
          85      1.4563      1.5136  0.00820817
          86     1.50838     1.51354  0.00811295
          87     1.37849     1.51199  0.00816685
          88     1.42081     1.51095  0.00813952
          89     1.64641     1.51248  0.00818913
          90     1.41041     1.51134  0.00817629
          91     1.49369     1.51115  0.00808874
          92     1.40037     1.50994  0.00808995
          93     1.48518     1.50968  0.00800734
          94     1.44447     1.50898  0.00795215
          95     1.45288     1.50839  0.00789034
          96     1.50109     1.50832  0.00780852
          97     1.54377     1.50868  0.00773657
          98     1.61186     1.50974  0.00772893
          99     1.54183     1.51006  0.00765765
         100     1.64835     1.51144  0.00770493
         101     1.53206     1.51165  0.00763135
         102     1.35154     1.51008  0.00771628
         103     1.43599     1.50936  0.00767482
         104     1.54126     1.50966  0.00760715
         105     1.47844     1.50937  0.00754051
         106     1.44385     1.50875  0.00749466
         107     1.51106     1.50877  0.00742465
         108     1.49632     1.50866   0.0073568
         109     1.46698     1.50827  0.00729924
         110     1.60796     1.50918  0.00728892
         111     1.59062     1.50991  0.00726009
         112     1.51793     1.50998  0.00719562
         113     1.67842     1.51148  0.00728469
         114     1.48307     1.51123  0.00722505
         115     1.53178     1.51141  0.00716444
         116     1.49933      1.5113  0.00710343
         117     1.60364     1.51209  0.00708642
         118      1.3638     1.51083  0.00713693
         119     1.48389     1.51061  0.00708055
         120     1.45528     1.51015  0.00703654
         121     1.54201     1.51041  0.00698331
         122      1.4482      1.5099  0.00694466
         123     1.59404     1.51058  0.00692181
         124     1.46221     1.51019  0.00687698
         125     1.59015     1.51083  0.00685164
         126     1.56721     1.51128  0.00681186
         127      1.5415     1.51152  0.00676238
         128     1.43754     1.51094   0.0067342
         129     1.45767     1.51053  0.00669464
         130     1.52592     1.51065  0.00664419
         131     1.49345     1.51051  0.00659477
         132      1.3732     1.50947  0.00662635
         133     1.53516     1.50967  0.00657934
         134     1.49319     1.50954  0.00653139
         135     1.68783     1.51087  0.00661518
         136     1.50155      1.5108   0.0065669
         137     1.50074     1.51072  0.00651937
         138     1.42842     1.51013  0.00649935
         139     1.54845      1.5104  0.00645844
         140     1.58348     1.51092  0.00643336
         141     1.55201     1.51122  0.00639433
         142     1.54941     1.51148  0.00635496
         143     1.60353     1.51213  0.00634303
         144     1.63739       1.513  0.00635835
         145     1.54879     1.51325  0.00631929
         146     1.56245     1.51358  0.00628498
         147     1.50918     1.51355   0.0062423
         148     1.59422      1.5141  0.00622387
         149     1.58942      1.5146   0.0062026
         150     1.50344     1.51453  0.00616169
         151     1.45383     1.51413  0.00613399
         152     1.49569       1.514  0.00609483
         153     1.64781     1.51488  0.00611741
         154      1.3258     1.51365  0.00619968
         155     1.52937     1.51375  0.00616051
         156     1.50008     1.51367  0.00612165
         157     1.47313     1.51341   0.0060881
         158     1.47206     1.51315  0.00605519
         159     1.35464     1.51215  0.00609861
         160     1.42196     1.51158  0.00608648
         161     1.52218     1.51165  0.00604903
         162     1.55667     1.51193  0.00601807
         163     1.55074     1.51217  0.00598586
         164     1.46254     1.51186  0.00595701
         165     1.47246     1.51163  0.00592569
         166     1.57521     1.51201  0.00590236
         167     1.56868     1.51235  0.00587676
         168     1.51002     1.51233  0.00584179
         169     1.43674     1.51189  0.00582433
         170     1.44664      1.5115   0.0058027
         171     1.54627     1.51171  0.00577233
         172     1.41095     1.51112  0.00576841
         173     1.42599     1.51063  0.00575602
         174     1.57598       1.511  0.00573518
         175      1.5799      1.5114   0.0057159
         176     1.60874     1.51195  0.00571012
         177      1.3391     1.51097  0.00576076
         178     1.45705     1.51067  0.00573635
         179     1.49548     1.51059  0.00570494
         180     1.44738     1.51024  0.00568404
         181      1.5045      1.5102  0.00565272
         182     1.49227      1.5101  0.00562252
         183     1.51515     1.51013  0.00559186
         184     1.52593     1.51022  0.00556213
         185     1.55671     1.51047  0.00553774
         186     1.60021     1.51095  0.00552895
         187      1.5401     1.51111  0.00550158
         188     1.55785     1.51136  0.00547793
         189     1.50935     1.51135  0.00544895
         190     1.62378     1.51194  0.00545231
         191     1.52713     1.51202  0.00542435
         192      1.5686     1.51231  0.00540409
         193     1.57395     1.51263  0.00538552
         194     1.42111     1.51216  0.00537838
         195     1.63294     1.51278  0.00538635
         196     1.69281      1.5137  0.00543662
         197     1.66938     1.51449  0.00546616
         198     1.37829      1.5138  0.00548166
         199     1.50708     1.51377  0.00545422
         200     1.61122     1.51425  0.00544867
         201       1.505     1.51421  0.00542176
         202      1.5749     1.51451  0.00540324
         203     1.58863     1.51487  0.00538895
         204     1.61213     1.51535  0.00538358
         205      1.6086      1.5158   0.0053765
         206     1.43195      1.5154  0.00536578
         207     1.44367     1.51505  0.00535104
         208     1.45815     1.51478   0.0053323
         209     1.54895     1.51494   0.0053093
         210     1.39754     1.51438  0.00531337
         211     1.52335     1.51442  0.00528835
         212     1.41007     1.51393  0.00528627
         213     1.50842     1.51391  0.00526151
         214     1.56563     1.51415  0.00524248
         215     1.50893     1.51412  0.00521815
         216     1.66318     1.51481  0.00523942
         217     1.42792     1.51441  0.00523055
         218     1.60064     1.51481  0.00522149
         219     1.39096     1.51424  0.00522819
         220     1.59563     1.51461  0.00521749
         221     1.56901     1.51486  0.00519969
         222     1.63522      1.5154  0.00520445
         223     1.45071     1.51511  0.00518919
         224     1.56548     1.51534   0.0051709
         225     1.41235     1.51488  0.00516814
         226     1.50499     1.51483  0.00514545
         227     1.56252     1.51504  0.00512707
         228     1.65048     1.51564  0.00513888
         229     1.55225      1.5158  0.00511893
         230     1.52617     1.51584  0.00509687
         231     1.48744     1.51572  0.00507629
         232     1.61313     1.51614  0.00507174
         233      1.5357     1.51622  0.00505067
         234     1.55818      1.5164  0.00503227
         235     1.54063     1.51651  0.00501191
         236     1.49541     1.51642  0.00499147
         237     1.65131     1.51699  0.00500275
         238     1.45278     1.51672    0.004989
         239     1.48316     1.51658   0.0049701
         240      1.5181     1.51658   0.0049494
         241     1.40219     1.51611  0.00495157
         242     1.48455     1.51598  0.00493283
         243     1.52582     1.51602  0.00491269
         244     1.66973     1.51665  0.00493279
         245     1.57135     1.51687   0.0049177
         246     1.72691     1.51773  0.00497128
         247     1.53646      1.5178  0.00495173
         248     1.42982     1.51745  0.00494446
         249     1.43867     1.51713  0.00493471
         250     1.58245     1.51739  0.00492189
