#     BLOCK:   ACTUAL_TE:    TE_AVE:      ERROR:
           1    -3.77712    -3.77712           0
           2    -3.77647    -3.77679 0.000231763
           3    -3.77688    -3.77682 0.000156167
           4    -3.77598    -3.77661 0.000217155
           5    -3.77538    -3.77636 0.000280971
           6    -3.77747    -3.77655 0.000288252
           7    -3.77653    -3.77654 0.000247091
           8    -3.77647    -3.77654  0.00021639
           9    -3.77776    -3.77667 0.000230941
          10     -3.7757    -3.77657 0.000227533
          11    -3.77604    -3.77652 0.000211958
          12    -3.77794    -3.77664 0.000224802
          13    -3.77631    -3.77662 0.000209001
          14    -3.77635     -3.7766 0.000194934
          15    -3.77606    -3.77656 0.000185206
          16    -3.77659    -3.77656 0.000173641
          17    -3.77485    -3.77646  0.00019055
          18     -3.7753     -3.7764 0.000190619
          19    -3.77678    -3.77642 0.000181657
          20    -3.77569    -3.77638 0.000176162
          21    -3.77709    -3.77642 0.000170959
          22    -3.77701    -3.77644 0.000165274
          23     -3.7779    -3.77651 0.000169848
          24    -3.77743    -3.77654 0.000167086
          25    -3.77645    -3.77654 0.000160443
          26    -3.77715    -3.77656 0.000155954
          27    -3.77696    -3.77658 0.000150851
          28    -3.77628    -3.77657  0.00014583
          29    -3.77729    -3.77659 0.000142887
          30    -3.77654    -3.77659 0.000138136
          31     -3.7791    -3.77667 0.000155552
          32    -3.77703    -3.77668 0.000151091
          33    -3.77514    -3.77664 0.000153572
          34    -3.77703    -3.77665  0.00014948
          35    -3.77724    -3.77666 0.000146151
          36    -3.77724    -3.77668  0.00014297
          37    -3.77878    -3.77674 0.000149911
          38    -3.77771    -3.77676 0.000148146
          39    -3.77616    -3.77675 0.000145165
          40    -3.77805    -3.77678 0.000145121
          41    -3.77683    -3.77678 0.000141586
          42    -3.77661    -3.77678 0.000138276
          43    -3.77661    -3.77677 0.000135118
          44    -3.77678    -3.77677 0.000132047
          45     -3.7772    -3.77678 0.000129455
          46    -3.77609    -3.77677 0.000127502
          47    -3.77627    -3.77676 0.000125234
          48    -3.77615    -3.77674 0.000123261
          49    -3.77772    -3.77676 0.000122339
          50    -3.77738    -3.77678 0.000120516
          51    -3.77609    -3.77676 0.000118898
          52    -3.77743    -3.77678 0.000117311
          53    -3.77661    -3.77677 0.000115141
          54    -3.77725    -3.77678 0.000113343
          55    -3.77707    -3.77679 0.000111401
          56     -3.7756    -3.77677 0.000111425
          57    -3.77604    -3.77675 0.000110193
          58    -3.77627    -3.77674 0.000108613
          59    -3.77897    -3.77678 0.000113154
          60    -3.77564    -3.77676 0.000112863
          61    -3.77752    -3.77678 0.000111684
          62    -3.77724    -3.77678 0.000110135
          63    -3.77577    -3.77677 0.000109553
          64    -3.77682    -3.77677 0.000107845
          65    -3.77708    -3.77677 0.000106292
          66    -3.77714    -3.77678 0.000104828
          67    -3.77746    -3.77679 0.000103752
          68    -3.77785     -3.7768 0.000103403
          69    -3.77635     -3.7768 0.000102114
          70    -3.77673     -3.7768  0.00010066
          71    -3.77784    -3.77681 0.000100308
          72    -3.77643    -3.77681  9.9055e-05
          73    -3.77678    -3.77681 9.76986e-05
          74    -3.77711    -3.77681 9.64669e-05
          75    -3.77524    -3.77679 9.74232e-05
          76    -3.77529    -3.77677 9.81137e-05
          77    -3.77692    -3.77677 9.68588e-05
          78     -3.7781    -3.77679 9.71119e-05
          79     -3.7758    -3.77678 9.66843e-05
          80    -3.77568    -3.77676 9.64484e-05
          81    -3.77573    -3.77675 9.60942e-05
          82    -3.77669    -3.77675 9.49252e-05
          83    -3.77857    -3.77677 9.62983e-05
          84    -3.77677    -3.77677 9.51519e-05
          85    -3.77786    -3.77678 9.48877e-05
          86    -3.77718    -3.77679 9.38979e-05
          87    -3.77819     -3.7768 9.41942e-05
          88    -3.77722    -3.77681  9.3243e-05
          89    -3.77598     -3.7768 9.26624e-05
          90    -3.77801    -3.77681 9.25986e-05
          91    -3.77893    -3.77684 9.44711e-05
          92    -3.77875    -3.77686 9.57077e-05
          93    -3.77736    -3.77686 9.48325e-05
          94    -3.77824    -3.77688 9.49525e-05
          95    -3.77838    -3.77689 9.52615e-05
          96     -3.7758    -3.77688 9.49448e-05
          97     -3.7776    -3.77689 9.42531e-05
          98    -3.77759     -3.7769  9.3559e-05
          99    -3.77718     -3.7769  9.2659e-05
         100    -3.77581    -3.77689 9.23686e-05
         101    -3.77705    -3.77689 9.14674e-05
         102    -3.77775     -3.7769 9.09548e-05
         103    -3.77823    -3.77691 9.09901e-05
         104    -3.77745    -3.77692 9.02604e-05
         105    -3.77586    -3.77691 8.99646e-05
         106    -3.77698    -3.77691 8.91183e-05
         107    -3.77588     -3.7769 8.87963e-05
         108    -3.77734     -3.7769 8.80705e-05
         109    -3.77641     -3.7769 8.73793e-05
         110    -3.77685     -3.7769 8.65861e-05
         111    -3.77687     -3.7769 8.58063e-05
         112    -3.77675    -3.77689 8.50506e-05
         113    -3.77456    -3.77687 8.67713e-05
         114    -3.77641    -3.77687 8.61052e-05
         115    -3.77708    -3.77687 8.53753e-05
         116    -3.77628    -3.77687 8.47903e-05
         117    -3.77757    -3.77687 8.42784e-05
         118    -3.77755    -3.77688 8.37615e-05
         119    -3.77849    -3.77689 8.41406e-05
         120    -3.77657    -3.77689 8.34825e-05
         121    -3.77614    -3.77688  8.3022e-05
         122    -3.77614    -3.77688 8.25664e-05
         123     -3.7768    -3.77688 8.18974e-05
         124    -3.77741    -3.77688 8.13509e-05
         125    -3.77597    -3.77687  8.1024e-05
         126    -3.77718    -3.77688 8.04185e-05
         127    -3.77771    -3.77688 8.00515e-05
         128    -3.77719    -3.77688  7.9462e-05
         129    -3.77705    -3.77689 7.88559e-05
         130     -3.7762    -3.77688 7.84258e-05
         131    -3.77664    -3.77688 7.78482e-05
         132    -3.77771    -3.77689 7.75152e-05
         133    -3.77646    -3.77688 7.69977e-05
         134    -3.77658    -3.77688 7.64565e-05
         135    -3.77563    -3.77687 7.64527e-05
         136    -3.77659    -3.77687 7.59187e-05
         137    -3.77709    -3.77687 7.53819e-05
         138    -3.77729    -3.77687  7.4896e-05
         139    -3.77751    -3.77688 7.44982e-05
         140    -3.77696    -3.77688 7.39685e-05
         141    -3.77645    -3.77688 7.35054e-05
         142    -3.77703    -3.77688 7.29957e-05
         143     -3.7771    -3.77688 7.25025e-05
         144     -3.7763    -3.77687 7.21117e-05
         145    -3.77671    -3.77687 7.16229e-05
         146    -3.77635    -3.77687 7.12214e-05
         147    -3.77579    -3.77686 7.11153e-05
         148    -3.77711    -3.77686 7.06546e-05
         149    -3.77645    -3.77686 7.02352e-05
         150    -3.77681    -3.77686 6.97678e-05
         151    -3.77942    -3.77688 7.13413e-05
         152    -3.77798    -3.77688 7.12398e-05
         153    -3.77668    -3.77688 7.07869e-05
         154    -3.77897     -3.7769 7.16162e-05
         155    -3.77814     -3.7769 7.15985e-05
         156     -3.7786    -3.77692 7.19579e-05
         157    -3.77701    -3.77692 7.15019e-05
         158    -3.77647    -3.77691 7.11053e-05
         159    -3.77777    -3.77692 7.08622e-05
         160    -3.77642    -3.77692 7.04878e-05
         161    -3.77684    -3.77692 7.00516e-05
         162    -3.77675    -3.77691 6.96262e-05
         163    -3.77829    -3.77692  6.9706e-05
         164    -3.77745    -3.77693 6.93559e-05
         165    -3.77794    -3.77693 6.92092e-05
         166    -3.77661    -3.77693   6.882e-05
         167     -3.7765    -3.77693  6.8456e-05
         168    -3.77772    -3.77693  6.8211e-05
         169    -3.77682    -3.77693 6.78108e-05
         170    -3.77659    -3.77693  6.7441e-05
         171    -3.77732    -3.77693 6.70857e-05
         172    -3.77763    -3.77694  6.6819e-05
         173    -3.77837    -3.77694 6.69418e-05
         174    -3.77692    -3.77694 6.65572e-05
         175    -3.77749    -3.77695 6.62504e-05
         176    -3.77575    -3.77694 6.62248e-05
         177    -3.77736    -3.77694 6.58922e-05
         178    -3.77713    -3.77694 6.55307e-05
         179     -3.7785    -3.77695 6.57418e-05
         180    -3.77617    -3.77695 6.55206e-05
         181    -3.77723    -3.77695 6.51776e-05
         182    -3.77602    -3.77694 6.50193e-05
         183    -3.77738    -3.77695 6.47081e-05
         184     -3.7781    -3.77695 6.46594e-05
         185    -3.77662    -3.77695 6.43355e-05
         186    -3.77827    -3.77696 6.43762e-05
         187    -3.77681    -3.77696 6.40366e-05
         188    -3.77657    -3.77696 6.37297e-05
         189    -3.77682    -3.77696 6.33967e-05
         190    -3.77844    -3.77696 6.35433e-05
         191    -3.77706    -3.77696 6.32125e-05
         192    -3.77723    -3.77696 6.28979e-05
         193    -3.77759    -3.77697 6.26555e-05
         194    -3.77858    -3.77698 6.28795e-05
         195    -3.77587    -3.77697 6.28141e-05
         196    -3.77396    -3.77696 6.43427e-05
         197    -3.77652    -3.77695 6.40542e-05
         198    -3.77611    -3.77695 6.38708e-05
         199    -3.77698    -3.77695   6.355e-05
         200    -3.77744    -3.77695 6.32788e-05
         201    -3.77552    -3.77694 6.33629e-05
         202    -3.77808    -3.77695 6.32987e-05
         203    -3.77668    -3.77695  6.3001e-05
         204    -3.77542    -3.77694 6.31371e-05
         205    -3.77632    -3.77694 6.29015e-05
         206    -3.77772    -3.77694 6.27096e-05
         207    -3.77714    -3.77694 6.24139e-05
         208    -3.77665    -3.77694 6.21301e-05
         209    -3.77739    -3.77694 6.18707e-05
         210    -3.77887    -3.77695 6.22535e-05
         211    -3.77673    -3.77695 6.19671e-05
         212    -3.77846    -3.77696 6.20832e-05
         213    -3.77737    -3.77696 6.18219e-05
         214    -3.77578    -3.77696  6.1777e-05
         215    -3.77623    -3.77695 6.15812e-05
         216    -3.77678    -3.77695 6.13011e-05
         217    -3.77685    -3.77695 6.10205e-05
         218    -3.77489    -3.77694 6.14691e-05
         219    -3.77676    -3.77694 6.11941e-05
         220    -3.77686    -3.77694 6.09172e-05
         221    -3.77663    -3.77694 6.06574e-05
         222    -3.77606    -3.77693 6.05138e-05
         223    -3.77818    -3.77694 6.04981e-05
         224    -3.77743    -3.77694 6.02679e-05
         225    -3.77771    -3.77695 6.00956e-05
         226    -3.77661    -3.77694 5.98484e-05
         227    -3.77642    -3.77694 5.96301e-05
         228     -3.7762    -3.77694 5.94563e-05
         229    -3.77622    -3.77694 5.92804e-05
         230    -3.77752    -3.77694 5.90769e-05
         231    -3.77625    -3.77694 5.88953e-05
         232    -3.77666    -3.77693 5.86533e-05
         233    -3.77776    -3.77694 5.85087e-05
         234    -3.77659    -3.77694 5.82773e-05
         235    -3.77687    -3.77694   5.803e-05
         236    -3.77648    -3.77693 5.78163e-05
         237    -3.77655    -3.77693 5.75952e-05
         238    -3.77675    -3.77693 5.73586e-05
         239    -3.77875    -3.77694 5.76224e-05
         240    -3.77814    -3.77694 5.75994e-05
         241     -3.7784    -3.77695 5.76759e-05
         242    -3.77751    -3.77695 5.74838e-05
         243    -3.77768    -3.77696 5.73253e-05
         244    -3.77576    -3.77695 5.72977e-05
         245    -3.77637    -3.77695 5.71127e-05
         246    -3.77613    -3.77694  5.6978e-05
         247    -3.77589    -3.77694  5.6908e-05
         248    -3.77806    -3.77694 5.68579e-05
         249    -3.77736    -3.77695 5.66541e-05
         250    -3.77661    -3.77695 5.64432e-05
