2163.23
2163.23
2027.69
2011.4
1882.19
1859.81
1747.95
1563.07
1563.07
1468.01
1464.37
1464.37
1462.95
1424.71
1424.71
1419.71
1395.28
1371.07
1285.47
1280.16
1213.37
1178.06
1178.06
1127.26
1057.61
1050.58
1015.61
1000.18
966.111
956.303
937.13
925.063
910.833
896.436
888.032
819.601
819.601
815.93
812.316
811.722
781.109
778.536
764.298
764.298
731.834
713.444
700.296
700.296
687.482
679.475
667.658
654.977
654.977
610.85
610.85
604.006
577.425
577.425
577.239
563.987
563.987
563.987
555.534
555.534
555.534
549.709
548.43
540.879
532.978
524.068
509.023
496.083
481.673
481.673
481.156
478.789
473.806
469.778
465.977
465.977
458.448
454.588
450.521
446.828
446.828
438.245
431.112
427.8
415.303
415.303
406.957
400.789
400.789
387.622
384.735
378.894
376.368
369.721
360.844
320.938
320.938
320.938
320.938
320.938
320.938
320.938
305.921
305.921
305.921
305.921
305.921
305.921
305.921
305.921
305.921
305.657
297.289
297.065
291.759
291.759
291.759
287.747
285.906
285.906
284.177
282.205
280.364
280.364
277.529
274.473
269.081
267.352
265.617
259.413
254.934
254.934
251.156
248.976
248.976
246.877
243.393
241.994
241.513
240.093
238.61
237.679
227.034
224.947
220.319
220.319
214.512
214.49
213.918
208.744
208.744
206.501
206.501
206.501
205.18
203.82
200.245
200.182
195.631
194.204
194.204
193.387
192.066
190.948
190.732
187.114
187.114
184.833
179.385
179.385
178.421
175.154
175.154
174.539
173.623
173.623
173.623
172.569
172.569
171.239
170.09
168.024
168.024
167.123
162.513
162.513
161.717
161.717
161.252
160.502
160.502
159.806
158.972
158.972
158.85
145.589
139.839
139.839
139.839
138.387
133.092
133.092
132.322
131.641
131.641
131.505
131.05
130.503
130.503
129.912
129.784
129.343
128.451
128.451
127.162
127.162
125.664
125.664
125.664
124.592
124.592
124.355
124.044
123.061
120.554
120.554
120.007
119.01
119.01
119.01
117.479
117.479
117.479
117.265
116.931
116.284
115.842
115.842
115.735
114.647
114.647
114.647
114.647
114.098
114.098
114.098
114.098
114.098
114.098
114.068
114.068
112.627
112.627
112.597
112.597
112.597
111.431
111.431
111.431
111.431
111.431
111.431
111.431
111.431
111.165
110.872
110.872
110.679
110.679
110.679
110.679
109.911
109.911
109.911
109.868
108.748
108.748
108.748
108.748
108.748
108.748
108.748
108.748
108.748
108.278
108.196
108.038
108.038
108.038
108.038
106.583
106.583
106.583
106.583
106.183
90.6132
90.6132
86.9435
86.9435
86.1098
86.1098
86.1098
86.1098
86.0693
86.0693
85.8862
85.8756
85.8457
85.5177
85.5177
85.5177
85.5177
85.5177
85.5177
85.5177
85.5177
84.4227
84.4227
84.4227
84.4227
84.4227
84.4227
84.4227
84.4227
83.5916
83.5916
83.5916
83.5916
83.5916
80.7427
80.7427
80.7427
80.7427
80.7427
80.107
79.159
79.159
79.159
79.159
78.5234
78.4182
78.4182
78.4182
78.4182
77.264
77.264
77.264
77.264
77.264
77.0445
77.0445
77.003
76.4539
76.4539
76.4539
76.1834
76.1834
76.1834
76.1834
76.1834
76.1834
76.1834
76.1834
75.6154
75.6154
75.6154
75.6154
75.6154
75.6154
75.6154
75.6154
75.6154
75.6154
75.6154
75.6154
75.3354
75.3354
75.3354
75.3354
74.8053
74.8053
74.5253
74.5253
74.5253
74.4189
74.4189
74.4189
74.4068
74.4068
74.4068
74.3003
73.7717
73.7717
73.7717
73.7717
71.1654
71.1654
71.1654
71.1654
71.1654
70.948
70.4777
70.4777
70.4777
70.4636
70.223
70.223
69.9814
68.9097
68.9097
68.6209
68.6209
68.6209
67.6532
67.6464
67.3776
67.3776
67.3601
66.4098
66.3691
66.3691
66.3691
66.3307
66.1583
66.1583
66.1583
65.9491
65.8056
65.8056
65.6976
65.3449
65.3449
65.2881
65.2881
65.2881
65.2881
64.7247
64.7247
64.7247
64.7247
64.7247
64.7247
64.515
64.515
64.515
64.515
64.515
64.515
64.515
64.515
64.515
63.8495
63.8495
63.8495
63.8495
63.8495
63.8495
63.8495
63.8495
63.8495
63.2406
63.2406
63.2406
63.2406
63.0235
63.0235
63.0235
63.0235
63.0235
63.0235
63.0235
62.946
62.887
62.887
62.887
62.8095
62.8095
62.8095
62.8095
62.7749
62.7749
62.7749
62.7749
62.7749
62.7749
62.7749
62.7749
62.7749
62.7749
62.7749
62.7749
62.7749
62.7749
62.7749
62.7749
61.5365
61.5365
61.5365
61.2896
61.2896
61.2896
60.9909
60.9909
60.9695
60.9695
60.6103
60.6103
60.6103
60.6103
60.4555
60.4555
60.4555
60.4555
60.4555
60.4555
60.4555
60.4555
60.4555
60.4555
60.4555
60.1907
60.1907
60.1907
60.1907
60.1907
60.1907
60.1907
60.1907
60.1907
60.1907
60.1907
60.1907
60.1907
60.1907
60.1907
60.1907
60.1907
60.1907
60.1907
60.1907
60.1907
60.1907
60.1907
60.1907
60.1907
60.1907
60.1907
60.1907
60.1907
60.1907
60.1907
60.1907
60.1907
60.1907
60.1907
60.1907
60.1907
60.1907
60.1907
60.1907
60.1907
60.1907
60.1907
60.1907
60.1907
60.1907
60.1907
60.1907
60.1907
60.1907
60.1907
60.1907
60.1907
60.1907
60.1907
59.9395
59.9395
59.9395
59.9395
59.9395
59.9395
59.9395
59.9395
59.9395
59.9395
59.9395
59.9395
59.9395
59.9395
59.9395
59.9395
59.9395
59.9395
59.9395
59.9395
57.7024
57.7024
57.7024
57.7024
57.7024
57.7024
57.7024
57.7024
57.7024
57.7024
57.7024
57.7024
57.7024
57.7024
57.7024
57.7024
57.7024
57.7024
57.7024
57.7024
57.7024
57.7024
57.7024
57.7024
57.7024
57.7024
57.7024
57.7024
57.7024
57.7024
57.7024
57.7024
57.7024
57.7024
57.4512
57.4512
57.4512
57.4512
57.4512
57.4512
57.4512
57.4512
57.4512
57.4512
57.4512
57.4512
57.4512
57.4512
57.3808
57.3808
57.3808
57.3808
57.3808
57.3808
57.3808
57.3808
57.3808
57.3808
57.3808
57.3808
57.3808
57.3808
56.9844
56.9844
56.9844
56.9844
56.9844
56.9844
56.9844
56.9844
56.9844
56.9844
56.9844
56.9844
56.9844
56.9844
56.9844
56.9844
56.9844
56.9844
56.9844
56.9844
56.9844
56.9844
56.8758
56.8758
56.8758
56.8758
56.8758
56.8758
56.8758
56.8758
56.8758
56.3216
56.3216
56.3216
56.3216
56.3216
56.3216
56.3216
55.8074
55.8074
55.8074
55.3937
55.3937
55.3937
55.3937
55.3937
55.3937
55.3937
55.3937
55.3937
55.3937
55.3937
55.3937
55.3937
55.3937
55.3937
55.3937
55.3937
55.3937
55.3937
55.3937
55.3937
55.3937
55.3937
55.3937
55.3937
55.3937
55.3937
55.3937
55.3937
55.3937
55.3937
55.3937
55.3937
55.3937
55.3937
55.3937
55.3937
55.3937
55.3937
55.3937
55.3937
55.3937
55.3937
55.3937
55.3937
55.3937
55.3937
55.3937
55.3937
55.3937
55.3937
55.3937
55.3937
55.3937
55.3937
55.3937
55.3937
55.3937
55.3937
55.3937
55.3937
55.3937
55.3937
55.3937
55.3937
55.3937
55.3937
55.3937
55.3937
55.3937
55.3937
55.3937
55.3937
55.3937
55.3937
55.3937
55.3937
55.3937
55.3937
55.3937
55.3937
55.3937
55.3937
55.3937
55.3937
55.3937
55.3937
55.3937
55.3937
55.3937
55.3937
55.3937
55.3937
55.3937
55.3937
55.3937
55.3937
54.5224
54.5224
54.5224
54.5224
54.4199
54.4199
54.4199
54.4199
54.4199
54.4199
54.4199
54.4199
54.4199
54.4199
54.4199
54.4199
54.4199
54.4199
54.4199
54.4199
54.4199
54.4199
54.4199
54.4199
54.4199
54.4199
54.4199
54.4199
54.4199
54.4199
54.4199
54.4199
54.4199
54.4199
54.4199
54.4199
54.4199
54.4199
54.4199
54.4199
54.4199
54.4199
54.4199
54.4199
54.4199
54.4199
54.4199
54.4199
54.4199
54.4199
54.4199
54.4199
54.4199
54.4199
54.4199
54.4199
54.4199
54.4199
54.4199
54.4199
54.4199
54.4199
54.4199
54.4199
54.4199
54.4199
54.4199
54.4199
54.4199
54.4199
54.4199
54.4199
54.4199
54.4199
54.4199
54.4199
54.4199
54.4199
54.4199
54.4199
54.4199
54.4199
54.4199
54.4199
54.4199
54.4199
54.4199
54.4199
54.4199
54.4199
54.4199
54.4199
54.4199
54.4199
54.4199
54.4199
54.4199
54.4199
54.4199
54.4199
54.4199
54.4199
54.4199
54.4199
54.4199
54.4199
54.4199
54.4199
54.4199
54.4199
54.4199
54.4199
54.4199
54.4199
54.4199
54.4199
54.4199
54.4199
54.4199
54.4199
54.4199
54.4199
54.4199
54.4199
54.4199
54.4199
54.4199
54.4199
54.4199
54.4199
54.4199
54.4199
54.4199
54.4199
54.4199
54.4199
54.4199
54.4199
54.4199
54.4199
54.4199
54.4199
54.4199
54.4199
54.4199
54.4199
54.4199
54.4199
54.4199
54.4199
54.4199
54.4199
54.4199
54.4199
54.4199
54.4199
54.4199
54.4199
54.4199
54.4199
54.4199
54.4199
54.4199
54.4199
54.4199
54.4199
54.4199
54.4199
54.4199
54.4199
54.4199
54.4199
54.4199
54.4199
54.4199
54.4199
54.4199
54.4199
54.4199
54.4199
54.4199
54.4199
54.4199
54.4199
54.4199
54.4199
54.4199
54.4199
54.4199
54.4199
54.4199
54.4199
54.4199
54.4199
54.4199
54.4199
54.4199
54.4199
54.4199
54.4199
54.4199
