2231.35
2040.56
2004.85
1847.5
1770.85
1770.85
1665.01
1655.5
1640.88
1561.42
1561.42
1479.62
1456.31
1425.6
1370.9
1220.96
1177.92
1177.92
1149.77
1030.57
1027.31
1015.29
954.561
903.532
903.532
903.532
896.471
874.048
827.586
827.586
805.398
790.245
780.696
772.083
748.833
748.833
737.119
715.092
702.652
696.542
687.772
664.938
664.938
664.938
656.918
646.648
646.648
643.899
636.198
629.616
607.848
607.848
602.341
588.229
588.229
560.059
560.059
547.643
547.643
538.31
523.232
523.232
515.762
506.124
494.579
494.579
484.703
483.441
483.441
479.56
474.655
469.853
468.396
456.53
456.53
456.53
454.962
442.416
437.891
434.202
429.47
429.47
423.312
416.107
413.215
410.612
406.966
406.966
405.377
403.07
397.121
397.121
389.548
389.548
381.946
381.544
380.81
358.414
355.512
320.938
320.938
320.938
320.938
320.938
320.938
320.938
320.938
317.521
317.521
317.521
314.718
314.718
313.837
311.278
310.007
310.007
308.922
299.568
299.338
297.694
296.193
292.725
290.165
289.579
288.439
282.554
282.554
280.111
280.111
276.705
274.384
269.269
267.553
263.446
263.446
260.081
255.938
255.938
249.901
240.059
240.059
235.917
234.701
234.494
231.575
229.556
227.542
226.088
224.935
223.339
223.145
222.638
219.424
217.633
213.663
213.663
213.045
213.045
208.144
208.144
205.275
203.859
202.412
200.394
199.525
197.355
197.355
194.916
192.902
189.496
189.496
189.496
188.07
185.738
185.738
185.738
185.738
184.312
183.836
183.486
180.609
180.609
178.357
178.203
175.332
175.332
173.714
169.919
167.924
167.924
167.469
165.286
165.286
164.182
164.182
164.182
163.334
163.056
162.652
145.589
145.589
145.589
140.129
139.839
139.675
135.348
135.348
134.231
128.719
128.719
128.719
128.719
126.849
126.849
126.834
124.671
124.671
124.671
124.513
123.793
123.793
123.793
123.696
122.838
122.838
122.584
122.584
122.584
122.269
122.155
122.092
122.092
121.767
120.738
120.738
120.738
119.101
119.101
119.101
118.947
118.947
117.326
117.326
117.326
117.31
117.31
116.863
115.494
115.494
115.494
115.494
115.494
115.494
115.494
115.375
115.375
115.358
113.715
112.458
112.458
111.118
110.657
110.657
110.657
109.704
108.805
108.353
108.025
107.893
107.893
107.893
107.716
106.18
106.18
106.18
105.885
105.447
105.447
105.447
105.447
105.447
105.124
105.124
105.124
105.124
105.124
105.124
104.286
104.286
104.286
104.286
101.999
101.999
101.999
101.999
101.999
101.681
101.681
101.681
90.6132
86.7867
86.7867
86.7867
86.7867
86.7867
85.6918
85.6918
85.6918
85.6918
85.6918
84.8896
84.8896
84.8896
84.8896
84.8896
84.5882
84.5882
84.5882
84.5882
84.5882
84.5882
84.5882
84.5882
84.5308
84.5308
84.5308
84.5308
84.5308
84.5308
84.5308
84.5308
84.5308
84.5308
84.5308
84.5308
84.5133
84.4119
84.4119
84.4119
83.5545
83.5545
83.5545
81.5916
81.5916
80.6328
80.6153
80.6153
80.6153
80.6153
80.6153
80.6153
80.6153
80.5728
80.5728
80.5728
79.2946
79.2946
79.2946
79.2946
78.9554
78.6824
78.6824
78.0137
78.0137
78.0137
77.4015
77.4015
77.0622
77.0622
77.0622
77.0622
77.0622
76.679
76.679
76.679
75.5604
75.5604
75.5604
75.3169
75.2804
75.2804
75.0704
75.0704
74.8949
74.6849
74.6849
74.6849
72.6737
72.6737
72.6737
72.6737
72.176
72.176
72.176
72.176
71.1654
71.1654
71.1654
71.1654
71.1654
71.1654
71.1654
71.1654
71.1654
71.1654
71.1654
71.1654
70.1304
70.1304
70.1304
70.1304
70.1304
69.3116
69.3116
69.3116
69.3116
69.3116
69.3116
69.2519
69.2206
69.2206
69.2206
69.2206
69.2206
69.2206
69.2206
69.2206
69.2206
69.2206
69.2206
68.7087
68.7087
67.8235
67.8235
67.8235
67.3839
67.3839
67.3839
67.3839
67.3839
67.3839
67.3839
67.3839
67.3839
67.3839
67.3839
67.3839
67.3839
67.3839
67.3839
67.2244
67.0538
67.0538
67.0538
66.9418
66.9418
66.9418
66.9418
66.9418
66.9418
66.9418
66.9418
66.9418
66.9418
66.9418
66.9418
66.9418
66.9418
66.9418
66.9418
66.8468
66.8468
66.3711
66.3711
66.2761
66.2761
66.2761
66.2761
66.2761
66.2761
66.2761
66.2761
66.2761
66.2761
66.2761
66.2761
66.2761
66.2761
66.2761
66.0249
66.0249
66.0249
66.0249
66.0249
66.0249
65.7188
65.7188
65.7188
65.7188
61.5365
61.5365
61.5365
61.5365
61.5365
60.4685
60.4685
60.3591
60.3138
60.3138
60.2043
60.2043
60.2043
60.2043
60.2043
60.2043
60.2043
59.8512
59.8512
59.8512
59.8512
59.8512
59.8512
59.8512
59.8512
59.8512
59.8512
59.8512
59.8512
59.8512
59.8512
59.8512
59.8512
59.8512
59.8512
59.8512
59.8512
59.8512
59.8512
59.8512
59.8512
59.8512
59.8512
59.8512
59.8512
59.8512
59.8512
59.8512
59.8512
59.8512
59.8512
59.8512
59.0213
59.0213
59.0213
59.0213
59.0213
59.0213
59.0213
59.0213
59.0213
59.0213
59.0213
59.0213
59.0213
59.0213
59.0213
59.0213
59.0213
59.0213
59.0213
59.0213
59.0213
59.0213
59.0213
59.0213
59.0213
59.0213
59.0213
59.0213
59.0213
59.0213
59.0213
59.0213
59.0213
59.0213
59.0213
59.0213
59.0213
59.0213
59.0213
59.0213
59.0213
59.0213
59.0213
59.0213
59.0213
59.0213
59.0213
59.0213
57.7024
57.7024
57.7024
57.7024
57.7024
57.7024
57.7024
57.7024
57.7024
57.7024
57.7024
57.7024
57.7024
57.7024
57.7024
57.7024
57.7024
57.7024
57.7024
57.7024
57.7024
57.7024
57.7024
57.7024
57.7024
57.7024
57.7024
57.7024
57.7024
57.7024
57.7024
57.7024
57.7024
57.7024
57.7024
57.7024
57.7024
57.7024
57.7024
57.7024
57.7024
57.7024
57.7024
57.7024
57.7024
57.7024
57.7024
57.7024
57.7024
57.7024
57.7024
57.7024
57.7024
57.7024
57.7024
57.7024
57.7024
57.7024
57.7024
57.7024
57.7024
57.7024
57.7024
57.7024
57.7024
57.7024
57.7024
57.7024
57.7024
57.7024
57.7024
57.7024
57.7024
57.7024
57.7024
57.7024
57.7024
57.7024
57.7024
57.7024
57.7024
57.7024
57.7024
57.7024
57.7024
57.7024
57.4512
57.4512
57.4512
57.4512
57.4512
57.4512
57.4512
57.4512
57.4512
57.4512
57.4512
57.4512
57.4512
57.4512
55.8074
55.8074
55.8074
55.8074
55.3937
55.3937
55.3937
54.989
54.989
54.989
54.989
54.989
54.989
54.989
54.989
54.989
54.989
54.989
54.989
54.989
54.989
54.989
54.989
54.989
54.989
54.989
54.989
54.989
54.989
54.989
54.989
54.989
54.989
54.989
54.989
54.989
54.989
54.989
54.989
54.989
54.989
54.989
54.989
54.989
54.989
54.989
54.989
54.989
54.989
54.989
54.989
54.989
54.989
54.989
54.989
54.989
54.989
54.989
54.989
54.989
54.989
54.989
54.989
54.989
54.989
54.989
54.989
54.989
54.989
54.989
54.989
54.989
54.989
54.989
54.989
54.989
54.989
54.989
54.989
54.989
54.989
54.989
54.989
54.989
54.989
54.989
54.989
54.989
54.989
54.989
54.989
54.989
54.989
54.989
54.989
54.989
54.989
54.989
54.989
54.989
54.5224
54.5224
54.5224
54.5224
54.4199
54.4199
54.4199
54.4199
54.4199
54.4199
54.4199
54.4199
54.4199
54.4199
54.4199
54.4199
54.4199
54.4199
54.4199
54.4199
54.4199
54.4199
54.4199
54.4199
54.4199
54.4199
54.4199
54.4199
54.4199
54.4199
54.4199
54.4199
54.4199
54.4199
54.4199
54.4199
54.4199
54.4199
54.4199
54.4199
54.4199
54.4199
54.4199
54.4199
54.4199
54.4199
54.4199
54.4199
54.4199
54.4199
54.4199
54.4199
54.4199
54.4199
54.4199
54.4199
54.4199
54.4199
54.4199
54.4199
54.4199
54.4199
54.4199
54.4199
54.4199
54.4199
54.4199
54.4199
54.4199
54.4199
54.4199
54.4199
54.4199
54.4199
54.4199
54.4199
54.4199
54.4199
54.4199
54.4199
54.4199
54.4199
54.4199
54.4199
54.4199
54.4199
54.4199
54.4199
54.4199
54.4199
54.4199
54.4199
54.4199
54.4199
54.4199
54.4199
54.4199
54.4199
54.4199
54.4199
54.4199
54.4199
54.4199
54.4199
54.4199
54.4199
54.4199
54.4199
54.4199
54.4199
54.4199
54.4199
54.4199
54.4199
54.4199
54.4199
54.4199
54.4199
54.4199
54.4199
54.4199
54.4199
54.4199
54.4199
54.4199
54.4199
54.4199
54.4199
54.4199
54.4199
54.4199
54.4199
54.4199
54.4199
54.4199
54.4199
54.4199
54.4199
54.4199
54.4199
54.4199
54.4199
54.4199
54.4199
54.4199
54.4199
54.4199
54.4199
54.4199
54.4199
54.4199
54.4199
54.4199
54.4199
54.4199
54.4199
54.4199
54.4199
54.4199
54.4199
54.4199
54.4199
54.4199
54.4199
54.4199
54.4199
54.4199
54.4199
54.4199
54.4199
54.4199
54.4199
54.4199
54.4199
54.4199
54.4199
54.4199
54.4199
54.4199
54.4199
54.4199
54.4199
54.4199
54.4199
54.4199
54.4199
54.4199
54.4199
54.4199
54.4199
54.4199
54.4199
54.4199
54.4199
54.4199
54.4199
54.4199
54.4199
54.4199
54.4199
54.4199
