2261.45
2163.77
2107.94
2011.58
1856.68
1786.17
1755.34
1755.34
1593.2
1593.2
1593.2
1551.08
1551.08
1471.43
1471.43
1364.39
1343.96
1343.96
1295.71
1295.71
1292.03
1257.19
1229.7
1180.06
1180.06
1151.21
1143.86
1127.87
1073.49
1073.49
1014.42
1011.72
966.048
966.048
920.684
920.684
894.453
894.453
892.124
864.146
843.232
785.277
785.277
753.157
743.126
734.587
734.587
728.564
713.97
697.553
697.289
697.289
648.423
644.287
628.992
614.109
614.108
610.994
602.996
590.327
575.794
557.663
556.542
550.818
540.333
533.063
530.212
524.441
514.078
507.611
500.872
484.844
472.692
453.495
445.688
445.688
445.374
438.401
430.698
421.085
412.983
412.983
408.558
401.162
389.838
388.555
381.157
380.212
377.503
373.821
371.873
367.514
367.514
365.244
347.957
347.957
346.783
332.718
332.718
320.938
320.938
320.938
320.938
320.938
306.526
306.526
306.526
306.526
297.285
297.285
297.285
297.285
292.095
292.095
292.095
291.039
282.845
282.845
282.845
275.375
275.375
271.485
271.485
271.485
260.68
260.271
258.817
254.172
252.631
250.223
249.505
237.866
237.866
237.866
235.481
235.481
234.84
232.965
230.34
229.4
228.658
228.028
223.28
218.824
217.307
217.307
217.307
215.167
213.992
210.916
210.916
210.216
210.216
210.216
205.531
205.531
205.531
205.531
204.8
201.727
200.918
200.803
198.907
197.814
194.527
194.527
194.362
192.48
191.62
189.573
189.339
189.339
187.117
186.237
186.237
185.811
185.614
185.596
185.17
179.67
179.67
179.029
176.639
176.639
176.62
176.264
174.342
174.342
173.543
173.203
172.778
172.344
172.344
171.187
171.187
170.761
170.37
168.48
168.054
145.589
145.589
145.589
145.589
145.589
143.566
143.345
143.345
141.381
141.381
139.718
136.593
136.593
136.593
136.593
135.752
134.221
134.221
134.221
133.684
133.684
133.684
133.684
132.584
132.584
132.387
131.82
131.82
130.75
130.75
130.212
130.019
129.989
129.989
129.989
129.481
129.451
128.857
128.857
128.827
128.289
128.289
128.289
127.973
124.354
124.354
123.831
123.831
123.831
123.831
123.831
123.831
122.989
122.989
122.989
122.989
122.188
122.188
119.958
119.958
119.958
119.958
119.501
119.501
119.501
119.501
119.135
119.135
119.135
118.929
118.817
118.817
118.817
118.817
118.817
118.817
118.817
117.872
117.872
117.872
117.554
117.554
117.554
117.361
117.088
117.088
116.962
116.16
116.16
115.568
115.368
114.903
114.311
113.846
113.719
113.555
113.555
113.376
113.376
113.376
90.6132
90.6132
89.5871
89.5871
87.2474
87.2474
85.9846
85.9846
85.9846
85.9846
85.9846
85.9846
85.6831
85.6831
85.6831
85.6831
85.6831
85.6831
85.2644
85.2644
85.2644
84.5882
84.1695
84.1695
84.063
84.063
84.063
84.063
84.063
84.063
84.063
84.063
83.6962
83.6962
83.2896
83.1831
82.7098
82.7098
82.1577
82.1577
81.2778
81.1262
79.8534
79.2256
79.1191
79.1191
79.1191
78.6765
78.5701
78.5222
78.4158
78.4158
77.3603
77.3603
77.3603
77.3214
76.8005
76.694
76.5231
76.1313
76.1313
76.1313
75.8569
75.8569
75.8569
75.8569
75.3924
75.3924
75.3924
75.3924
75.1069
73.9892
73.9892
73.9892
73.5247
73.2392
73.2392
72.2875
72.2875
72.2875
72.2875
72.2875
72.2875
72.2875
72.2875
72.0363
72.0363
72.0363
72.0363
72.0363
72.0363
72.0363
72.0363
72.0363
72.0363
72.0363
72.0363
72.0363
72.0363
72.0363
71.1654
71.1654
71.1654
71.1654
71.1654
71.1654
70.5315
70.5315
70.1683
69.8758
69.7971
69.7971
69.7971
69.3638
68.6832
68.6832
68.4352
68.3944
68.3944
68.1464
67.8098
67.0474
67.0474
66.975
65.3203
65.3203
65.1992
65.1992
65.0542
65.0542
65.0542
64.7674
64.7674
64.7674
64.7674
64.7674
64.7142
64.7142
64.7142
64.7142
64.7142
64.7142
64.7142
64.7142
64.7142
64.7142
64.0967
64.0967
64.0967
64.0967
64.0967
64.0967
64.0967
64.0967
64.0967
64.0967
64.0967
64.0967
64.0967
64.0967
64.0967
64.0967
64.0967
64.0967
64.0967
64.0967
64.0967
64.0967
64.0967
63.2198
63.2198
63.2198
63.2198
63.2198
63.0704
63.0704
63.0704
63.0704
63.0704
63.0704
63.0704
63.0704
63.0704
63.0704
63.0704
63.0704
63.0704
63.0704
63.0704
63.0704
63.0704
63.0704
63.0704
63.0704
63.0704
62.9936
62.9584
62.9584
62.9584
62.8815
61.5365
61.5365
61.5365
61.1133
61.1133
60.6969
60.5552
60.2204
59.8397
59.8397
59.8397
59.7303
59.7303
59.7303
59.7303
59.7303
59.7303
59.7303
59.7303
59.7303
59.7303
59.7303
59.6786
59.6786
59.6786
59.6786
59.6786
59.6786
59.6786
59.5054
59.5054
59.5054
59.5054
59.5054
59.5054
59.5054
59.5054
59.5054
59.5054
59.5054
59.5054
59.5054
59.5054
59.5054
59.5054
59.5054
59.5054
59.5054
59.5054
59.5054
59.5054
59.5054
59.5054
59.5054
59.5054
59.5054
59.5054
59.5054
59.5054
59.5054
59.5054
59.5054
59.5054
59.5054
59.5054
59.5054
59.5054
59.2125
59.2125
59.2125
59.2125
59.2125
59.142
59.142
59.142
59.142
59.142
59.142
59.142
59.142
59.142
59.142
59.142
59.142
59.142
59.142
59.142
59.142
59.0841
59.0841
59.0841
59.0841
59.0841
59.0841
59.0841
59.0841
59.0841
59.0841
59.0841
59.0841
57.7024
57.7024
57.7024
57.7024
57.7024
57.7024
57.7024
57.7024
57.7024
57.7024
57.7024
57.7024
57.7024
57.7024
57.6113
57.6113
57.6113
57.6113
57.6113
57.4513
57.4513
57.4513
57.4513
57.4513
57.4513
57.4513
57.4513
57.4513
57.4513
57.3602
57.3602
57.3602
57.3602
57.3602
57.3602
57.3602
57.3602
57.109
57.109
57.109
57.109
57.109
57.109
57.109
57.109
57.109
57.109
57.109
57.109
57.109
57.109
57.109
57.109
57.109
57.109
57.109
57.109
57.109
57.109
57.109
57.109
56.5541
56.5541
56.5541
56.5541
56.5541
56.5541
56.5541
56.5541
56.5541
56.5541
56.5541
56.5541
56.5541
56.5541
56.5541
56.441
56.441
56.441
56.441
56.3324
56.3324
56.3324
56.3324
56.3324
55.8494
55.8494
55.8494
55.8494
55.8494
55.8494
55.8494
55.8494
55.8494
55.8494
55.8494
55.8494
55.8494
55.8494
55.8494
55.8074
55.8074
55.8074
55.3937
55.3937
55.3937
55.3937
55.3937
55.3937
55.3937
55.3937
55.3937
55.3937
55.3937
55.3937
55.3937
55.3937
55.3937
55.3937
55.3937
55.3937
55.3937
55.3937
55.3937
55.3937
55.3937
55.3937
55.3937
55.3937
55.3937
55.3937
55.3937
55.3937
55.3937
55.3937
55.3937
55.3937
55.3937
55.3937
55.3937
55.3937
55.3937
55.3937
55.3937
55.3937
55.3937
55.3937
55.3937
55.3937
55.3937
55.3937
55.3937
55.3937
55.3937
55.3937
55.3937
55.3937
55.3937
55.3937
55.3937
55.3937
55.3937
55.3937
55.3937
55.3937
55.3937
55.3937
55.3937
55.3937
55.3937
55.3937
55.3937
55.3937
55.3937
55.3937
55.3937
55.3937
55.3937
55.3937
55.3937
55.3937
55.3937
55.3937
55.3937
55.3937
55.3937
55.3937
55.3937
55.3937
55.3937
55.3937
55.3937
55.3937
55.3937
55.3937
55.3937
55.3937
55.3937
55.3937
55.3937
54.5224
54.5224
54.4199
54.4199
54.4199
54.4199
54.4199
54.4199
54.4199
54.4199
54.4199
54.4199
54.4199
54.4199
54.4199
54.4199
54.4199
54.4199
54.4199
54.4199
54.4199
54.4199
54.4199
54.4199
54.4199
54.4199
54.4199
54.4199
54.4199
54.4199
54.4199
54.4199
54.4199
54.4199
54.4199
54.4199
54.4199
54.4199
54.4199
54.4199
54.4199
54.4199
54.4199
54.4199
54.4199
54.4199
54.4199
54.4199
54.4199
54.4199
54.4199
54.4199
54.4199
54.4199
54.4199
54.4199
54.4199
54.4199
54.4199
54.4199
54.4199
54.4199
54.4199
54.4199
54.4199
54.4199
54.4199
54.4199
54.4199
54.4199
54.4199
54.4199
54.4199
54.4199
54.4199
54.4199
54.4199
54.4199
54.4199
54.4199
54.4199
54.4199
54.4199
54.4199
54.4199
54.4199
54.4199
54.4199
54.4199
54.4199
54.4199
54.4199
54.4199
54.4199
54.4199
54.4199
54.4199
54.4199
54.4199
54.4199
54.4199
54.4199
54.4199
54.4199
54.4199
54.4199
54.4199
54.4199
54.4199
54.4199
54.4199
54.4199
54.4199
54.4199
54.4199
54.4199
54.4199
54.4199
54.4199
54.4199
54.4199
54.4199
54.4199
54.4199
54.4199
54.4199
54.4199
54.4199
54.4199
54.4199
54.4199
54.4199
54.4199
54.4199
54.4199
54.4199
54.4199
54.4199
54.4199
54.4199
54.4199
54.4199
54.4199
54.4199
54.4199
54.4199
54.4199
54.4199
54.4199
54.4199
54.4199
54.4199
54.4199
54.4199
54.4199
54.4199
54.4199
54.4199
54.4199
54.4199
54.4199
54.4199
54.4199
54.4199
54.4199
54.4199
54.4199
54.4199
54.4199
54.4199
54.4199
54.4199
54.4199
54.4199
54.4199
54.4199
54.4199
54.4199
54.4199
54.4199
54.4199
54.4199
54.4199
54.4199
54.4199
54.4199
54.4199
54.4199
54.4199
54.4199
54.4199
54.4199
54.4199
54.4199
54.4199
54.4199
54.4199
54.4199
54.4199
54.4199
54.4199
