2082.85
1839.16
1839.16
1824.08
1793.37
1734.16
1660.45
1624.69
1583.15
1571.78
1538.59
1535.59
1527.86
1452.97
1452.12
1441.72
1426.37
1343.12
1256.35
1220.59
1204.37
1160.51
1128.45
1109.9
1041.26
1014.32
1014.32
979.836
950.359
950.359
950.359
931.933
918.608
890.11
873.107
858.514
843.969
822.396
758.352
753.539
753.539
753.539
745.872
740.867
725.022
725.022
716.256
700.932
666.664
663.213
663.213
643.251
643.251
585.1
585.1
585.1
585.1
572.126
572.126
572.126
568.145
568.145
561.466
557.661
554.616
535.566
535.566
520.903
514.922
509.306
497.523
491.663
491.663
478.948
478.948
466.144
466.144
456.747
437.711
437.711
421.102
412.016
406.521
404.409
402.795
396.596
389.877
389.877
375.444
374.33
367.787
367.787
367.787
367.091
364.196
353.668
353.668
353.668
346.633
320.938
320.938
320.938
320.938
320.938
316.887
316.887
316.832
313.969
308.464
308.464
308.018
301.007
301.007
299.403
289.016
289.016
281.92
277.384
272.542
271.983
267.436
267.436
264.614
263.092
263.092
260.322
259.966
256.173
255.484
250.509
250.509
250.509
250.137
244.49
244.49
244.49
244.49
244.141
243.501
241.795
241.737
239.748
238.409
234.938
232.685
229.214
227.651
226.813
226.813
223.596
222.068
220.68
219.026
216.643
216.643
215.255
214.443
213.249
209.555
209.555
206.067
206.067
205.195
202.982
201.276
197.989
197.989
196.414
196.113
193.621
191.313
190.249
185.432
185.432
185.432
184.589
184.589
184.589
183.863
183.863
178.726
177.273
176.848
174.679
174.679
172.096
172.096
171.634
171.634
170.892
170.151
169.009
168.354
166.63
163.087
163.087
163.087
162.067
161.009
145.589
145.589
145.589
145.589
145.589
145.589
145.589
143.183
143.183
140.235
140.235
140.235
140.205
139.572
139.217
135.963
135.299
135.299
135.299
135.299
135.269
133.918
133.918
133.918
133.204
132.541
132.541
132.541
132.541
132.541
132.541
130.65
130.65
130.65
129.987
129.987
129.987
129.987
129.987
129.987
129.987
129.987
129.987
128.166
128.166
128.166
128.166
128.018
126.529
126.127
126.127
125.791
123.751
123.751
123.529
122.114
118.403
118.403
116.573
116.569
111.982
111.982
111.982
111.982
111.464
110.2
110.2
108.432
108.432
107.404
107.404
107.404
107.392
106.74
106.74
105.7
105.7
104.842
103.802
103.802
103.696
103.607
103.501
102.917
102.534
102.534
102.534
102.534
102.534
102.534
102.534
102.534
102.534
102.534
101.598
101.598
101.488
101.271
100.294
100.294
90.6132
90.6132
90.6132
90.6132
90.6132
90.6132
90.6132
90.6132
86.1098
86.1098
86.1098
86.1098
86.1098
86.0992
86.0693
86.0693
84.1938
84.1938
84.164
84.164
84.164
83.3329
83.3329
82.7396
82.7396
82.7396
82.5161
82.5161
82.188
82.188
82.188
81.8582
81.8582
81.8582
81.8582
81.5301
81.5301
81.4306
81.4306
81.4306
81.4306
81.4306
81.4306
81.4306
81.4306
81.4306
80.0327
80.0327
80.0327
80.0327
80.0327
80.0327
80.0327
80.0327
80.0327
80.0327
79.226
79.226
79.226
79.226
79.226
79.226
79.226
79.226
79.226
79.226
79.226
79.226
79.226
79.226
78.6456
78.6456
78.6456
78.6456
78.6456
78.5168
78.5168
78.5168
78.4022
78.3656
78.3656
78.1144
78.1144
78.1144
78.1144
78.0855
77.7289
77.7
77.7
77.5173
75.7265
75.7265
75.341
75.2648
75.1584
74.0204
74.0106
73.6251
73.6251
73.6251
71.1654
71.1654
70.2324
70.0828
70.0828
69.0396
69.0396
69.0396
69.0396
68.0129
68.0129
68.0129
68.0129
68.0129
67.9009
67.9009
67.9009
67.9009
67.9009
67.9009
67.9009
67.9009
67.9009
67.9009
67.9009
67.9009
67.9009
67.9009
67.9009
67.9009
67.9009
67.8874
67.8874
67.8874
67.8874
67.8874
67.8874
67.8874
67.8874
67.8874
67.8874
67.8874
67.8874
67.8874
67.8874
67.8874
67.8874
67.8874
67.8874
67.8874
67.8874
67.8874
67.8874
67.8874
67.8874
67.8874
67.8874
67.8874
67.8874
67.8874
67.8874
67.8874
67.8874
67.8874
67.8874
67.8874
67.8874
67.8874
67.8874
67.8874
67.8874
67.8874
67.8874
67.8874
67.8874
67.8874
67.8874
67.8874
67.8874
67.8874
67.8874
67.8874
67.8874
67.8874
67.4005
67.4005
67.4005
67.1925
67.0707
67.0707
67.0707
67.0707
67.0707
67.0707
67.0707
67.0707
67.0707
67.0707
67.0707
67.0707
61.5365
61.5365
61.5365
61.5365
61.5365
60.7845
60.7845
60.7845
60.7845
60.7845
60.7845
60.3621
60.3621
60.3621
60.3621
60.2204
60.2204
60.1109
60.1109
60.1109
60.1109
60.1109
60.1109
60.0139
60.0139
60.0139
60.0139
59.4175
59.4175
59.4175
59.4175
59.4175
59.4175
59.4175
59.4175
59.4175
59.3264
59.3264
59.3264
59.3264
59.3264
59.2679
59.2679
59.2679
59.2679
59.2679
59.2679
59.2679
59.2679
59.2679
59.2679
59.2679
59.2679
59.2679
59.2679
59.2679
59.2679
59.2679
59.2679
59.2679
59.2679
59.2679
59.2679
59.2679
59.2679
59.2679
59.2679
59.2679
59.2151
59.2151
59.2151
59.2151
58.713
58.713
58.713
58.713
58.713
58.713
58.713
58.713
58.713
58.713
58.713
58.713
58.713
58.713
58.713
58.713
58.713
58.713
58.713
58.713
58.713
58.713
58.713
58.713
58.713
58.713
58.713
58.713
57.7024
57.7024
57.7024
57.7024
57.7024
57.7024
57.7024
57.7024
57.6439
57.6439
57.6439
57.6439
57.6439
57.6439
57.6439
57.6439
57.3792
57.3792
57.3792
57.3792
57.3792
57.3792
57.3792
57.3792
57.3792
57.3792
57.3792
57.3792
57.3792
57.3792
57.3792
57.3792
57.3792
57.3792
57.3792
57.3792
57.3792
57.3792
57.3792
57.3792
56.9745
56.9745
56.9745
56.9745
56.9745
56.9745
56.9745
56.9745
56.9745
56.9745
56.9745
56.9745
56.9745
56.9745
56.9745
56.9745
56.9745
56.9745
56.9745
56.9745
56.9745
56.9521
56.9521
56.9521
56.9521
56.9521
56.9521
56.9521
56.9521
56.9521
56.9521
56.7009
56.7009
56.7009
56.7009
56.7009
56.7009
56.7009
56.7009
56.7009
56.7009
56.7009
56.7009
56.7009
56.7009
56.7009
56.7009
56.7009
56.7009
56.7009
56.7009
56.7009
56.7009
56.7009
56.7009
56.7009
56.7009
56.7009
56.7009
56.7009
55.8074
55.8074
55.4949
55.4949
55.4949
55.3937
54.989
54.989
54.989
54.989
54.989
54.989
54.989
54.989
54.989
54.989
54.989
54.989
54.989
54.989
54.989
54.989
54.989
54.989
54.989
54.989
54.989
54.989
54.989
54.989
54.989
54.989
54.989
54.989
54.989
54.989
54.989
54.989
54.989
54.989
54.989
54.989
54.989
54.989
54.989
54.989
54.989
54.989
54.989
54.989
54.989
54.989
54.989
54.989
54.989
54.989
54.989
54.989
54.989
54.5398
54.5398
54.5398
54.5398
54.5398
54.5398
54.5224
54.5224
54.5224
54.5224
54.5224
54.5224
54.5224
54.5224
54.5224
54.5224
54.5224
54.5224
54.5224
54.5224
54.5224
54.5224
54.5224
54.5224
54.5224
54.5224
54.5224
54.5224
54.5224
54.5224
54.5224
54.5224
54.5224
54.5224
54.5224
54.5224
54.5224
54.5224
54.5224
54.5224
54.5224
54.5224
54.5224
54.5224
54.5224
54.5224
54.5224
54.5224
54.5224
54.5224
54.5224
54.5224
54.5224
54.5224
54.5224
54.5224
54.5224
54.5224
54.5224
54.5224
54.5224
54.5224
54.5224
54.5224
54.5224
54.5224
54.5224
54.5224
54.5224
54.5224
54.5224
54.5224
54.5224
54.5224
54.5224
54.5224
54.5224
54.5224
54.5224
54.5224
54.5224
54.5224
54.5224
54.5224
54.5224
54.5224
54.5224
54.5224
54.5224
54.5224
54.5224
54.5224
54.5224
54.5224
54.5224
54.5224
54.5224
54.5224
54.5224
54.5224
54.5224
54.5224
54.5224
54.5224
54.5224
54.5224
54.5224
54.5224
54.5224
54.5224
54.5224
54.5224
54.5224
54.5224
54.5224
54.5224
54.5224
54.5224
54.5224
54.5224
54.5224
54.5224
54.5224
54.5224
54.5224
54.5224
54.5224
54.5224
54.5224
54.5224
54.5224
54.5224
54.5224
54.5224
54.5224
54.5224
54.5224
54.5224
54.5224
54.5224
54.5224
54.4199
54.4199
54.4199
54.4199
54.4199
54.4199
54.4199
54.4199
54.4199
54.4199
54.4199
54.4199
54.4199
54.4199
54.4199
54.4199
54.4199
54.4199
54.4199
54.4199
54.4199
54.4199
54.4199
54.4199
54.4199
54.4199
54.4199
54.4199
54.4199
54.4199
54.4199
54.4199
54.4199
54.4199
54.4199
54.4199
54.4199
54.4199
54.4199
54.4199
54.4199
54.4199
54.4199
54.4199
54.4199
54.4199
54.4199
54.4199
54.4199
54.4199
54.4199
54.4199
54.4199
54.4199
54.4199
54.4199
54.4199
54.4199
54.4199
54.4199
54.4199
54.4199
54.4199
54.4199
54.4199
54.4199
54.4199
54.4199
54.4199
54.4199
54.4199
54.4199
54.4199
54.4199
54.4199
54.4199
54.4199
54.4199
54.4199
54.4199
54.4199
54.4199
54.4199
54.4199
54.4199
54.4199
54.4199
54.4199
54.4199
54.4199
54.4199
54.4199
54.4199
54.4199
54.4199
54.4199
54.4199
54.4199
54.4199
54.4199
54.4199
