2225.66
2053.66
1917.07
1914.42
1684.6
1649
1633.67
1633.33
1559.4
1478.81
1432.39
1396.55
1276.64
1276.64
1230.13
1230.13
1211.33
1184.9
1147.66
1060.67
983.328
983.328
983.328
983.328
962.289
949.085
871.115
850.054
847.022
772.461
745.137
745.137
745.137
731.882
715.524
715.524
685.143
674.735
644.242
644.242
630.798
605.767
605.767
593.233
579.145
568.795
568.795
568.795
560.904
554.25
539.141
539.141
522.918
522.918
518.516
511.615
499.648
499.648
491.802
491.802
481.048
480.457
475.095
472.595
472.595
471.26
469.852
454.577
454.577
446.734
441.092
441.092
428.793
428.793
428.793
428.793
420.322
416.047
415.679
415.249
407.577
405.954
405.954
397.322
397.322
383.561
378.479
378.479
378.479
369.117
369.117
369.117
362.604
360.982
360.15
360.15
353.689
353.689
352.015
320.938
312.588
306.103
306.103
305.868
300.355
297.838
295.363
292.948
289.146
283.336
279.533
278.611
272.617
268.815
263.885
263.529
260.083
260.083
256.016
256.016
255.879
251.697
247.825
247.63
244.366
243.776
242.711
241.359
240.734
238.233
237.243
234.053
231.046
228.468
228.468
227.617
226.798
224.844
224.844
224.844
224.556
223.385
221.821
220.866
220.866
220.866
220.584
217.875
217.875
217.875
217.875
216.99
216.99
215.765
214.443
213.97
213.97
213.97
213.97
213.97
210.968
209.685
207.124
207.124
205.878
205.185
202.572
199.337
199.337
191.976
191.976
191.669
191.209
190.902
190.902
188.907
188.214
188.214
187.428
185.304
185.304
185.304
180.926
180.926
180.926
180.843
180.843
177.451
177.451
177.451
177.451
177.451
177.451
177.451
177.451
177.451
174.571
174.571
174.571
145.589
145.589
145.235
145.235
145.235
140.77
140.77
138.05
136.593
136.593
135.312
133.149
133.149
131.55
129.65
129.65
127.376
125.606
124.543
124.142
124.086
123.702
123.702
123.171
123.041
122.612
122.482
122.482
121.818
120.975
120.975
120.975
120.975
120.846
119.633
119.633
118.782
117.586
117.586
117.586
116.487
116.487
114.991
114.991
114.991
114.991
114.474
114.474
114.433
113.461
112.763
112.763
112.763
112.246
111.61
111.61
109.623
109.509
109.509
109.197
108.806
108.534
108.534
108.093
107.387
107.387
107.185
106.522
105.446
104.984
104.511
104.511
104.511
104.161
103.259
102.981
102.981
102.981
102.981
102.981
102.981
102.63
102.63
102.63
102.63
100.993
100.993
100.993
100.993
100.993
100.993
100.236
100.236
100.236
100.236
100.131
99.809
99.809
99.0465
99.0465
90.6132
90.6132
90.6132
90.6132
90.6132
90.6132
90.4657
90.4657
89.0808
86.1098
86.1098
84.6276
84.6276
84.617
84.5871
84.5871
84.5871
83.5973
83.4922
83.4922
83.4922
83.4922
82.7532
82.7532
82.7532
82.7532
82.7532
82.6622
82.1859
81.6507
81.6507
81.0834
81.0834
81.0834
79.8312
79.8121
79.8121
79.2448
79.2448
79.2448
79.2448
79.2448
79.0579
78.5222
78.5222
78.5222
78.5222
78.5222
78.5222
78.4158
78.4158
78.4158
78.3176
78.3176
78.3037
78.2056
78.2056
78.2056
78.2056
78.1987
78.0866
78.0866
78.0866
78.0866
78.0866
78.0866
78.0866
78.0866
77.9871
77.9871
77.9871
77.9871
77.9871
77.9871
77.9871
77.9871
77.9871
77.9871
77.9871
77.9871
77.9871
77.9871
77.9871
77.9871
77.9871
77.9871
77.8425
77.8425
77.8425
77.8425
77.8425
77.8425
77.8425
77.8425
77.8425
77.0359
77.0359
77.0359
77.0359
77.0359
71.1654
71.1654
70.6484
70.6484
70.189
70.189
70.189
69.7927
69.256
69.1712
69.1712
69.1155
68.8781
68.3525
68.0977
68.0594
68.0594
68.0594
68.0594
68.0594
68.0594
68.0594
67.2295
67.2295
67.2295
67.2295
67.2295
67.2295
67.2295
67.186
67.186
67.186
67.186
67.186
67.186
67.186
67.186
67.186
67.186
67.1693
67.1693
67.1693
67.1693
67.1693
67.1693
67.1693
67.1693
67.1693
67.1693
67.1693
67.1693
67.1693
67.1693
66.3619
66.3619
66.3619
66.3619
66.3619
66.3619
66.3619
66.3619
66.3619
66.3619
66.3619
65.9395
65.9395
65.9395
65.9395
65.9395
65.6883
65.6883
65.6883
65.6883
65.6883
65.6883
65.6883
65.6179
65.6179
65.3368
65.3368
65.3368
64.9806
64.9806
64.9806
64.9806
64.9806
64.9806
64.9806
64.9806
64.9806
64.9806
64.9806
64.9806
64.3323
64.3323
64.3323
64.3323
64.3323
64.3323
64.3323
61.5365
61.5365
61.5365
61.4232
61.4232
61.4232
60.9909
60.9909
60.9909
60.815
60.815
60.815
60.815
60.6103
60.6103
60.4344
60.4344
60.4344
60.4344
60.4344
60.4344
60.4344
60.4344
60.4344
60.4344
60.4344
60.4344
60.4344
60.4344
60.4344
60.4344
60.4344
60.2027
60.2027
60.2027
60.2027
60.2027
60.2027
60.2027
60.2027
60.2027
60.2027
60.2027
60.2027
60.2027
60.2027
60.2027
60.2027
60.2027
60.2027
60.2027
60.2027
60.2027
60.2027
60.2027
59.9515
59.9515
59.9515
59.9515
59.9515
59.9515
59.9515
59.8604
59.8604
59.8604
59.8604
59.8604
59.8604
58.4392
58.4392
58.4392
58.4392
58.4392
58.4392
58.4392
58.4392
58.4392
58.4392
58.4392
58.4392
58.4392
58.4392
58.4392
58.4392
58.4392
58.4392
58.4392
58.4392
58.4392
58.4392
58.4392
58.4392
58.4392
58.4392
58.4392
58.4392
58.4392
58.4392
58.4392
58.4392
57.7024
57.7024
57.7024
57.7024
57.7024
57.7024
57.7024
57.7024
57.7024
57.7024
57.7024
57.7024
57.7024
57.7024
57.7024
57.7024
57.7024
57.7024
57.7024
57.7024
57.7024
57.7024
57.7024
57.7024
57.7024
57.7024
57.7024
57.7024
57.7024
57.7024
57.7024
57.7024
57.7024
57.7024
57.7024
57.7024
57.7024
57.7024
57.7024
57.7024
57.7024
57.7024
57.7024
57.7024
57.7024
57.7024
57.7024
57.7024
57.7024
57.7024
57.7024
57.7024
57.7024
57.7024
57.7024
57.7024
57.7024
57.7024
57.7024
57.7024
57.7024
57.7024
57.7024
57.7024
57.7024
57.7024
57.7024
57.7024
57.7024
57.7024
57.7024
57.7024
57.7024
57.7024
57.7024
57.7024
57.7024
57.7024
57.7024
57.7024
57.4512
57.4512
57.4512
57.4512
57.4512
57.3808
57.3808
57.3808
57.3808
57.3808
57.3808
57.3808
57.3808
57.3808
57.3808
57.3808
57.3808
57.3808
57.3808
57.3808
55.8074
55.8074
55.8074
55.8074
55.8074
55.3937
55.3937
55.3937
55.3937
55.3937
55.3937
55.3937
55.3937
55.3937
55.3937
55.3937
55.3937
55.3937
55.3937
55.3937
55.3937
55.3937
55.3937
55.3937
55.3937
55.3937
55.3937
55.3937
55.3937
55.3937
55.3937
55.3937
55.3937
55.3937
55.3937
55.3937
55.3937
55.3937
55.2912
55.2912
55.2912
55.2912
55.2912
55.2912
55.2912
55.2912
55.2912
55.2912
55.2912
55.2912
55.2912
55.2912
55.2912
55.2912
55.2912
55.2912
55.2912
55.2912
55.2912
55.2912
55.2912
55.2912
55.2912
55.2912
55.2912
55.2912
55.2912
55.2912
55.2912
55.2912
55.2912
55.2912
55.2912
55.2912
55.2912
55.2912
55.2912
55.2912
55.2912
55.2912
55.2912
55.2912
55.2912
55.2912
55.2912
55.2912
55.2912
55.2912
55.2912
55.2912
55.2912
55.2912
55.2912
55.2912
55.2912
55.2912
55.2912
55.2912
55.2912
55.2912
54.5224
54.5224
54.4199
54.4199
54.4199
54.4199
54.4199
54.4199
54.4199
54.4199
54.4199
54.4199
54.4199
54.4199
54.4199
54.4199
54.4199
54.4199
54.4199
54.4199
54.4199
54.4199
54.4199
54.4199
54.4199
54.4199
54.4199
54.4199
54.4199
54.4199
54.4199
54.4199
54.4199
54.4199
54.4199
54.4199
54.4199
54.4199
54.4199
54.4199
54.4199
54.4199
54.4199
54.4199
54.4199
54.4199
54.4199
54.4199
54.4199
54.4199
54.4199
54.4199
54.4199
54.4199
54.4199
54.4199
54.4199
54.4199
54.4199
54.4199
54.4199
54.4199
54.4199
54.4199
54.4199
54.4199
54.4199
54.4199
54.4199
54.4199
54.4199
54.4199
54.4199
54.4199
54.4199
54.4199
54.4199
54.4199
54.4199
54.4199
54.4199
54.4199
54.4199
54.4199
54.4199
54.4199
54.4199
54.4199
54.4199
54.4199
54.4199
54.4199
54.4199
54.4199
54.4199
54.4199
54.4199
54.4199
54.4199
54.4199
54.4199
54.4199
54.4199
54.4199
54.4199
54.4199
54.4199
54.4199
54.4199
54.4199
54.4199
54.4199
54.4199
54.4199
54.4199
54.4199
54.4199
54.4199
54.4199
54.4199
54.4199
54.4199
54.4199
54.4199
54.4199
54.4199
54.4199
54.4199
54.4199
54.4199
54.4199
54.4199
54.4199
54.4199
54.4199
54.4199
54.4199
54.4199
54.4199
54.4199
54.4199
54.4199
54.4199
54.4199
54.4199
54.4199
54.4199
54.4199
54.4199
54.4199
54.4199
54.4199
54.4199
54.4199
54.4199
54.4199
54.4199
54.4199
54.4199
54.4199
54.4199
54.4199
54.4199
54.4199
54.4199
54.4199
54.4199
54.4199
54.4199
54.4199
54.4199
54.4199
54.4199
54.4199
54.4199
54.4199
54.4199
54.4199
54.4199
54.4199
54.4199
54.4199
54.4199
54.4199
54.4199
54.4199
54.4199
54.4199
54.4199
54.4199
54.4199
54.4199
54.4199
54.4199
54.4199
54.4199
54.4199
54.4199
54.4199
54.4199
54.4199
