2280.23
2153.39
1991.43
1949.17
1780.25
1713.31
1463.49
1463.49
1414.01
1414.01
1276.22
1276.22
1276.22
1276.22
1249.44
1191.75
1169.51
1164.21
1135.64
1103.17
1079.15
1076.3
1047.23
1017.22
1013.74
980.302
970.856
959.016
941.679
929.119
929.119
927.549
919.323
906.644
884.779
877.497
845.988
844.722
822.277
811.96
797.97
746.182
742.286
730.649
722.849
707.092
702.846
672.574
646.899
646.899
629.873
616.775
611.556
599.166
597.239
589.225
584.51
576.785
570.865
570.865
561.402
556.623
536.326
527.15
527.15
518.813
517.333
491.271
491.271
484.847
478.441
478.441
476.89
473.524
472.052
463.193
463.193
462.059
452.8
450.79
450.79
443.651
434.392
429.976
420.81
414.054
404.483
399.072
393.118
381.907
379.493
370.772
369.218
363.68
357.996
356.706
356.188
351.365
344.575
320.938
320.938
320.938
320.938
320.938
320.938
318.721
310.021
310.021
310.021
300.834
300.834
292.555
288.572
288.572
283.607
282.72
281.203
279.568
279.111
270.99
270.99
270.99
264.634
264.634
245.322
245.322
245.322
236.536
236.536
236.536
231.649
227.725
225.841
225.841
222.837
222.837
221.838
219.681
219.681
207.734
207.734
207.734
207.734
207.734
207.734
207.734
207.734
206.387
206.228
206.228
204.157
202.742
202.742
202.742
199.83
199.83
195.338
195.338
195.338
193.811
190.702
190.32
186.262
186.262
180.408
179.542
179.542
179.542
178.554
178.554
177.653
177.653
177.653
176.837
176.598
175.285
175.285
173.329
173.329
171.699
171.699
171.585
171.585
169.625
169.625
169.585
169.585
169.102
169.102
168.33
165.089
165.089
163.87
163.559
163.559
161.599
161.599
159.962
158.491
145.589
139.205
139.205
139.205
139.205
139.205
139.205
139.205
139.205
137.734
137.734
131.617
130.113
130.113
129.454
128.818
128.732
128.732
127.209
125.829
125.219
125.219
125.219
124.395
123.688
122.864
122.864
122.864
122.864
121.141
121.141
121.141
121.141
121.141
121.141
121.141
121.141
121.141
121.141
120.082
120.082
120.082
118.803
118.803
118.803
118.803
118.803
118.803
118.803
118.116
117.763
117.689
117.076
117.076
116.648
116.648
115.962
115.748
115.748
115.748
115.267
115.267
115.054
114.909
114.346
110.729
110.729
109.38
109.38
108.831
108.831
108.831
108.564
103.692
103.478
103.478
102.527
97.3723
97.1059
97.1059
96.3449
96.3449
96.3449
96.3449
95.9929
95.9451
95.9451
95.3737
94.9738
94.8664
93.7658
92.7946
92.7344
92.0212
90.9966
90.9966
90.9966
90.9966
90.9966
90.6132
90.6132
90.6132
90.3473
90.1357
90.1357
90.1357
89.3926
89.3926
89.3628
89.2875
87.4766
87.4468
87.4468
87.4468
87.4468
87.4468
87.4468
87.4468
87.4468
87.4468
87.4468
87.3199
87.3199
87.3199
87.3199
86.738
86.1209
86.1209
85.4121
84.0358
84.0358
84.0358
83.5426
83.5426
83.5426
83.4431
83.4431
83.4431
83.3105
82.8758
82.8758
82.8758
82.4471
82.4471
82.4471
82.0131
82.0131
81.8648
80.2817
80.2817
79.5965
79.5965
79.5965
79.5965
79.5965
79.5965
78.9609
78.9609
78.9609
78.9609
78.9609
77.8234
77.8234
77.1878
77.1878
77.1878
77.1878
77.1878
77.1878
77.1878
77.1878
77.1878
77.1878
76.8021
76.8021
76.8021
76.8021
76.8021
76.8021
76.8021
76.8021
75.9955
75.9955
75.9955
75.9955
75.9955
75.9955
75.548
74.7413
74.7135
74.7135
74.7135
74.7135
74.5389
74.5389
74.511
74.511
74.511
74.511
73.9745
71.1654
71.1654
71.1654
71.1654
71.1654
70.1799
69.8714
69.8714
69.8714
69.8016
68.706
67.9422
67.9422
67.9422
67.4825
67.2697
67.2697
67.2697
67.2697
67.2697
66.9901
66.9901
66.9901
66.9901
66.9901
66.4502
66.4502
66.1705
66.1705
66.0001
65.7875
65.4654
65.1857
65.0153
65.0153
64.9452
64.9452
64.9452
64.9452
64.9452
64.9452
64.9452
64.4964
64.4964
64.4964
64.4964
64.4964
64.4964
64.4964
64.4964
64.4964
64.4964
64.3572
64.3572
64.3572
64.3572
64.2797
64.2797
64.2797
64.2797
64.2797
63.3186
63.3186
63.2411
63.2411
63.0295
63.0295
63.0295
63.0295
63.0295
63.0295
63.0295
63.0162
63.0162
62.1768
62.1636
62.1636
62.1636
62.1636
62.1236
62.1236
62.1236
62.1236
62.1236
61.5365
61.5365
61.5365
61.5365
61.5365
61.5365
61.5365
61.5365
61.5365
61.5365
61.5365
61.5365
61.5365
61.5365
61.5365
61.5365
61.5365
61.5365
61.5365
61.5365
61.5365
61.5365
61.5365
61.5365
61.5365
61.5365
61.2217
61.2217
61.2217
61.2217
61.2217
61.2217
61.2217
61.2217
61.2217
61.2217
61.2217
61.119
61.119
61.119
61.119
61.119
61.119
60.9643
60.9643
60.9643
60.9643
60.8766
60.8766
60.8766
60.8766
60.6909
60.6909
60.6909
60.6909
60.6909
60.6909
60.6909
60.6909
60.633
60.633
60.633
60.633
60.633
60.633
60.633
60.633
60.633
60.633
60.633
60.633
60.633
60.633
60.633
60.633
60.633
60.633
60.633
60.2453
60.2453
60.2453
60.2453
60.2453
60.2453
60.1882
60.1882
60.1882
60.1882
60.1882
60.1882
60.1882
60.1882
60.1882
60.1882
60.1882
60.1882
60.1882
60.1882
60.1882
60.1882
60.1882
60.1882
60.1882
60.1882
60.1882
60.1882
60.1882
60.1882
60.1882
60.1882
60.1882
60.1882
60.1882
60.1882
60.1882
60.1882
57.7024
57.7024
57.7024
57.7024
57.7024
57.7024
57.7024
57.7024
57.7024
57.7024
57.7024
57.7024
57.7024
57.7024
57.7024
57.7024
57.7024
57.7024
57.7024
57.7024
57.7024
57.7024
57.7024
57.7024
57.7024
57.7024
57.7024
57.2977
57.2977
57.2977
57.2977
57.2977
57.2977
57.2977
57.2977
57.2977
57.2977
57.2977
57.2977
57.2977
57.2977
57.2977
57.2977
57.2977
57.2977
57.2977
57.2977
57.2977
57.2977
57.2977
57.2977
57.0465
57.0465
57.0465
57.0465
57.0465
57.0465
57.0465
57.0465
57.0465
57.0465
57.0465
57.0465
57.0465
57.0465
57.0465
57.0465
57.0465
57.0465
57.0465
57.0465
57.0465
57.0465
57.0465
57.0465
57.0465
57.0465
57.0465
57.0465
57.0465
57.0465
57.0465
57.0465
57.0465
57.0465
57.0465
56.9761
56.9761
56.9761
56.9761
56.9761
56.9761
56.9761
56.9761
56.9761
56.9761
56.9761
56.9761
56.9761
56.9761
55.8074
55.8074
55.8074
55.8074
55.8074
55.8074
55.8074
55.8074
55.8074
55.4027
55.3937
55.3937
54.989
54.989
54.989
54.989
54.989
54.989
54.989
54.989
54.989
54.989
54.989
54.989
54.989
54.989
54.989
54.989
54.989
54.989
54.989
54.989
54.989
54.989
54.989
54.989
54.989
54.989
54.989
54.989
54.989
54.989
54.989
54.989
54.989
54.989
54.989
54.989
54.989
54.989
54.989
54.989
54.989
54.989
54.989
54.989
54.989
54.989
54.989
54.989
54.989
54.989
54.989
54.989
54.989
54.989
54.989
54.989
54.989
54.989
54.989
54.989
54.989
54.989
54.989
54.989
54.989
54.989
54.989
54.989
54.989
54.989
54.989
54.989
54.989
54.989
54.989
54.989
54.989
54.989
54.989
54.989
54.989
54.989
54.989
54.989
54.989
54.989
54.989
54.989
54.5224
54.5224
54.5224
54.5224
54.4199
54.4199
54.4199
54.4199
54.4199
54.4199
54.4199
54.4199
54.4199
54.4199
54.4199
54.4199
54.4199
54.4199
54.4199
54.4199
54.4199
54.4199
54.4199
54.4199
54.4199
54.4199
54.4199
54.4199
54.4199
54.4199
54.4199
54.4199
54.4199
54.4199
54.4199
54.4199
54.4199
54.4199
54.4199
54.4199
54.4199
54.4199
54.4199
54.4199
54.4199
54.4199
54.4199
54.4199
54.4199
54.4199
54.4199
54.4199
54.4199
54.4199
54.4199
54.4199
54.4199
54.4199
54.4199
54.4199
54.4199
54.4199
54.4199
54.4199
54.4199
54.4199
54.4199
54.4199
54.4199
54.4199
54.4199
54.4199
54.4199
54.4199
54.4199
54.4199
54.4199
54.4199
54.4199
54.4199
54.4199
54.4199
54.4199
54.4199
54.4199
54.4199
54.4199
54.4199
54.4199
54.4199
54.4199
54.4199
54.4199
54.4199
54.4199
54.4199
54.4199
54.4199
54.4199
54.4199
54.4199
54.4199
54.4199
54.4199
54.4199
54.4199
54.4199
54.4199
54.4199
54.4199
54.4199
54.4199
54.4199
54.4199
54.4199
54.4199
54.4199
54.4199
54.4199
54.4199
54.4199
54.4199
54.4199
54.4199
54.4199
54.4199
54.4199
54.4199
54.4199
54.4199
54.4199
54.4199
54.4199
54.4199
54.4199
54.4199
54.4199
54.4199
54.4199
54.4199
54.4199
54.4199
54.4199
54.4199
54.4199
54.4199
54.4199
54.4199
54.4199
54.4199
54.4199
54.4199
54.4199
54.4199
54.4199
54.4199
54.4199
54.4199
54.4199
54.4199
54.4199
54.4199
54.4199
54.4199
54.4199
54.4199
54.4199
54.4199
54.4199
54.4199
54.4199
54.4199
54.4199
54.4199
54.4199
54.4199
54.4199
54.4199
54.4199
54.4199
54.4199
54.4199
54.4199
54.4199
54.4199
54.4199
54.4199
54.4199
54.4199
54.4199
54.4199
54.4199
54.4199
54.4199
54.4199
54.4199
54.4199
54.4199
54.4199
54.4199
54.4199
