2187.46
1991.83
1991.83
1967.03
1904.76
1826.42
1797.83
1662.57
1605.75
1564.75
1564.75
1532.42
1502.58
1454
1454
1419.7
1415.06
1399.98
1345.8
1255.74
1255.74
1206.93
1202.92
1202.92
1201.46
1181.65
1155.1
1127.69
1111.31
1100.79
1100.6
1071.71
1052.86
1044.57
1028.77
1006.35
995.869
938.163
938.163
922.571
907.557
903.668
896.354
867.814
860.868
854.542
841.954
828.094
828.094
828.094
821.464
807.873
798.382
791.833
785.115
774.557
765.745
749.203
721.168
720.272
713.189
711.094
711.094
695.558
688.719
688.719
652.104
652.104
642.776
642.527
642.527
627.351
615.157
615.157
578.69
571.524
571.524
568.864
564.179
528.336
520.507
514.626
505.624
503.478
502.462
490.484
490.484
484.78
475.223
467.078
464.322
461.149
441.622
438.529
432.686
418.656
412.569
404.749
403.621
320.938
318.224
318.224
318.224
318.224
315.381
315.381
315.381
300.597
300.597
300.597
300.597
300.597
300.597
300.597
300.597
300.597
296.846
296.846
295.804
283.769
282.775
279.355
278.976
278.976
275.662
269.644
268.544
268.544
268.544
264.404
264.404
261.897
261.258
259.932
254.171
254.171
254.171
253.532
252.887
251.951
249.463
247.857
245.689
236.473
236.473
236.473
234.993
234.993
234.027
234.027
230.719
229.846
229.174
226.805
224.82
222.872
221.779
219.44
218.832
216.399
211.093
211.093
210.345
209.57
207.788
204.406
204.406
203.451
203.076
200.762
199.974
196.33
195.439
195.439
192.057
192.057
191.027
191.027
191.027
189.715
186.981
186.102
181.181
178.807
177.984
177.984
177.51
176.177
173.712
173.712
173.712
173.712
173.712
173.447
173.045
172.556
171.746
170.924
170.924
145.589
145.589
145.589
145.589
145.589
145.517
144.658
144.658
137.662
137.662
137.662
136.372
134.85
133.633
132.51
126.896
125.854
125.744
125.633
125.389
124.55
124.55
123.398
123.398
123.398
122.943
122.578
122.578
122.578
121.867
121.867
121.126
121.126
121.126
121.126
121.126
121.126
120.595
118.958
118.958
118.958
118.958
118.805
118.805
118.805
118.805
118.353
118.353
118.283
118.283
117.83
117.83
117.83
117.83
117.83
117.83
117.167
117.167
117.167
117.167
117.167
117.167
117.167
117.167
117.167
117.167
117.167
117.167
117.127
117.127
117.127
117.127
117.127
116.086
114.871
114.871
114.871
113.831
113.831
113.831
113.831
113.727
113.284
113.284
113.18
113.18
113.18
113.18
113.18
113.18
113.038
110.431
110.431
110.431
110.289
110.289
110.289
109.827
109.069
109.069
90.6132
90.6132
90.6132
90.6132
90.6132
90.5833
86.7867
86.7867
86.7867
86.7867
86.7867
86.7867
86.1098
86.1098
86.1098
86.1098
86.1098
85.3844
85.3844
85.3844
85.1608
85.1204
85.1204
84.7923
84.2044
82.0143
82.0143
81.7907
81.4626
81.4626
81.4626
79.7866
79.7866
79.4181
79.4181
79.4181
78.6245
78.6245
78.2849
78.2849
78.1798
78.1798
78.1798
78.1414
78.1414
77.2499
77.2116
77.1064
77
77
76.9227
76.9227
76.9227
76.8163
76.8163
76.8163
76.8163
76.8163
75.8813
75.8813
75.8813
75.8813
75.8813
75.8813
75.4512
75.4512
75.4512
75.4512
75.4512
75.4512
75.4512
75.4512
75.4512
75.4512
75.4512
75.4512
75.4512
75.4512
75.4512
75.4512
75.4512
75.4512
75.4512
75.4512
75.4512
75.4512
75.4512
75.4512
75.0082
74.9886
74.7563
74.7563
74.4493
74.4493
74.4493
74.0064
74.0064
74.0064
74.0064
74.0064
71.1654
71.1654
70.3912
70.3884
69.81
69.5212
69.5212
69.5212
69.5212
69.5212
69.27
69.27
69.27
69.27
69.27
68.7506
68.7506
68.7506
68.6973
68.6973
68.6973
68.6973
68.6973
68.6973
68.6973
68.6205
68.6205
68.6205
68.6205
68.6205
68.6205
67.5418
67.5418
67.5418
67.5418
67.5418
67.5418
67.4298
67.2839
67.2839
67.1718
66.4652
66.4652
66.4652
66.3531
66.3304
66.3304
66.3304
66.3304
66.3304
66.3304
66.3304
66.3304
65.9077
65.9077
65.9077
65.859
65.859
65.6184
65.6184
65.6184
65.6184
65.6184
65.6184
65.6184
65.6184
65.6184
65.6184
65.1448
65.1448
65.1448
65.1448
64.9236
64.9236
64.9236
64.9236
64.9236
64.9236
64.8171
64.682
64.682
64.682
64.682
64.682
64.682
64.682
64.682
64.682
64.682
64.682
64.682
64.682
64.682
64.682
64.1147
64.1147
64.1147
64.1147
64.1147
64.1147
61.5365
61.5365
61.5365
61.5365
61.5365
61.5365
61.4232
61.4232
61.4232
61.4232
60.9909
60.9909
60.9909
60.8362
60.8362
60.8362
60.8362
60.8362
60.7067
60.7067
60.7067
60.3162
60.3162
60.3162
60.3162
60.3162
60.3162
60.3162
60.3162
60.3162
60.3162
60.3162
60.3162
60.3162
59.8838
59.8838
59.8838
59.8838
59.8838
59.8838
59.8838
59.8838
59.8838
59.8838
59.8838
59.8838
59.8838
59.8838
59.8838
59.8838
59.8838
59.8838
59.8838
59.8838
59.8838
59.8838
59.8838
59.8838
59.8838
59.8838
59.8838
59.8838
59.8838
59.0539
59.0539
59.0539
59.0539
59.0539
59.0539
59.0539
59.0539
59.0539
59.0539
59.0539
59.0539
59.0539
59.0539
59.0539
59.0539
59.0539
59.0539
59.0539
59.0539
59.0539
59.0539
59.0539
59.0539
59.0539
59.0539
59.0539
59.0539
59.0539
58.8027
58.8027
58.8027
58.8027
58.8027
58.8027
58.8027
58.8027
57.7024
57.7024
57.7024
57.7024
57.7024
57.7024
57.7024
57.7024
57.7024
57.7024
57.7024
57.7024
57.7024
57.7024
57.7024
57.7024
57.7024
57.7024
57.7024
57.7024
57.7024
57.7024
57.7024
57.7024
57.7024
57.4376
57.4376
57.4376
57.4376
57.4376
57.4376
57.4376
57.4376
57.4376
57.4376
57.4376
57.4376
57.4376
57.4376
57.4376
57.4376
57.4376
57.4376
57.4376
57.4376
57.4376
57.4376
57.4376
57.4376
57.4376
57.4376
57.4376
57.4376
57.4376
57.4376
57.4376
57.4376
57.1864
57.1864
57.1864
57.1864
57.1864
57.1864
57.1864
57.1864
57.1864
57.1864
57.1864
57.1864
57.1864
57.1864
57.1864
57.1864
57.1864
57.1864
57.1864
57.1864
57.1864
57.1864
57.1864
57.1864
57.1864
57.1864
57.1864
57.1864
57.1864
57.1864
57.1864
57.1864
57.1864
57.1864
57.1864
57.1864
57.1864
57.1864
57.1864
57.1864
57.1864
57.1864
57.1864
55.8074
55.8074
55.8074
55.8074
55.3937
55.3937
55.3937
54.989
54.989
54.989
54.989
54.989
54.989
54.989
54.989
54.989
54.989
54.989
54.989
54.989
54.989
54.989
54.989
54.989
54.989
54.989
54.989
54.989
54.989
54.989
54.989
54.989
54.989
54.989
54.989
54.989
54.989
54.989
54.989
54.989
54.989
54.989
54.989
54.989
54.989
54.989
54.989
54.989
54.989
54.989
54.989
54.989
54.989
54.989
54.989
54.989
54.989
54.989
54.989
54.989
54.989
54.989
54.989
54.989
54.989
54.989
54.989
54.989
54.989
54.989
54.989
54.989
54.989
54.989
54.989
54.989
54.989
54.989
54.989
54.989
54.989
54.989
54.989
54.989
54.989
54.989
54.989
54.989
54.989
54.989
54.989
54.989
54.989
54.989
54.989
54.989
54.989
54.8865
54.8865
54.8865
54.5224
54.5224
54.4199
54.4199
54.4199
54.4199
54.4199
54.4199
54.4199
54.4199
54.4199
54.4199
54.4199
54.4199
54.4199
54.4199
54.4199
54.4199
54.4199
54.4199
54.4199
54.4199
54.4199
54.4199
54.4199
54.4199
54.4199
54.4199
54.4199
54.4199
54.4199
54.4199
54.4199
54.4199
54.4199
54.4199
54.4199
54.4199
54.4199
54.4199
54.4199
54.4199
54.4199
54.4199
54.4199
54.4199
54.4199
54.4199
54.4199
54.4199
54.4199
54.4199
54.4199
54.4199
54.4199
54.4199
54.4199
54.4199
54.4199
54.4199
54.4199
54.4199
54.4199
54.4199
54.4199
54.4199
54.4199
54.4199
54.4199
54.4199
54.4199
54.4199
54.4199
54.4199
54.4199
54.4199
54.4199
54.4199
54.4199
54.4199
54.4199
54.4199
54.4199
54.4199
54.4199
54.4199
54.4199
54.4199
54.4199
54.4199
54.4199
54.4199
54.4199
54.4199
54.4199
54.4199
54.4199
54.4199
54.4199
54.4199
54.4199
54.4199
54.4199
54.4199
54.4199
54.4199
54.4199
54.4199
54.4199
54.4199
54.4199
54.4199
54.4199
54.4199
54.4199
54.4199
54.4199
54.4199
54.4199
54.4199
54.4199
54.4199
54.4199
54.4199
54.4199
54.4199
54.4199
54.4199
54.4199
54.4199
54.4199
54.4199
54.4199
54.4199
54.4199
54.4199
54.4199
54.4199
54.4199
54.4199
54.4199
54.4199
54.4199
54.4199
54.4199
54.4199
54.4199
54.4199
54.4199
54.4199
54.4199
54.4199
54.4199
54.4199
54.4199
54.4199
54.4199
54.4199
54.4199
54.4199
54.4199
54.4199
54.4199
54.4199
54.4199
54.4199
54.4199
54.4199
54.4199
54.4199
54.4199
54.4199
54.4199
54.4199
54.4199
54.4199
54.4199
54.4199
54.4199
54.4199
54.4199
54.4199
54.4199
54.4199
54.4199
54.4199
54.4199
54.4199
54.4199
54.4199
54.4199
54.4199
54.4199
54.4199
54.4199
54.4199
54.4199
54.4199
54.4199
54.4199
54.4199
