2208.86
2048.47
1937.09
1937.09
1827.17
1755.6
1744.38
1593.44
1549.66
1458.23
1458.23
1458.23
1356.38
1319.8
1278.58
1278.58
1278.58
1243.88
1243.88
1224.75
1200.94
1186.45
1154.47
1110.9
1071.08
1024.04
1024.04
980.47
976.993
960.066
949.603
940.367
938.469
925.404
898.819
892.794
874.068
823.515
823.515
813.496
797.501
768.068
760.945
760.945
753.061
746.72
740.778
732.151
723.875
711.296
703.038
703.038
696.146
687.142
653.307
633.536
633.536
633.536
629.018
620.858
608.352
595.674
574.991
574.991
568.829
555.038
550.162
529.222
511.164
511.164
493.346
487.375
477.542
469.767
469.767
469.767
466.094
460.602
459.668
451.132
451.132
448.019
448.019
447.484
438.959
432.26
426.295
415.967
407.662
405.713
401.066
389.82
389.82
381.592
380.361
372.364
371.654
367.797
366.147
320.938
320.938
320.938
320.938
320.938
320.938
320.938
317.707
317.707
317.707
317.707
317.707
317.707
311.123
311.123
309.92
309.92
309.029
295.725
295.725
295.725
289.314
289.314
284.749
284.749
274.09
274.09
272.462
267.33
267.33
265.95
265.95
265.701
263.029
263.029
259.334
257.705
257.641
255.702
254.347
254.012
252.387
251.674
248.316
248.316
240.01
237.781
236.879
229.475
229.475
229.475
229.475
225.089
221.792
221.166
220.41
220.019
215.792
215.792
213.547
212.832
212.333
211.042
210.56
210.56
208.696
207.685
207.685
204.636
203.625
203.625
203.625
202.67
202.355
199.015
199.015
199.015
196.951
196.951
196.341
192.743
192.743
190.471
190.471
190.471
188.379
187.598
185.884
185.884
183.24
183.079
181.666
181.666
181.666
181.464
179.927
179.927
179.927
179.768
179.768
145.589
145.589
145.589
139.675
139.541
139.069
136.798
136.563
134.729
132.292
130.204
127.346
125.576
124.356
124.356
124.356
123.141
123.141
123.141
123.141
122.548
122.548
122.548
122.01
120.915
118.731
118.731
117.086
117.086
117.086
117.086
117.086
116.813
116.431
115.6
114.619
114.45
114.45
113.389
112.996
112.837
112.214
112.062
112.034
111.797
111.245
111.245
110.382
110.294
108.745
108.745
108.657
108.657
108.657
108.114
108.02
108.02
107.627
107.627
107.627
107.388
107.135
107.135
107.068
105.488
105.488
105.488
103.908
103.908
103.908
103.465
103.465
103.465
102.906
102.906
102.906
102.506
102.425
101.866
101.866
101.827
101.827
101.827
100.293
100.293
100.293
100.293
100.293
100.293
99.0364
99.0364
99.0364
98.7559
98.6177
98.5522
98.5091
97.5612
96.2122
96.2122
95.7936
90.6132
90.6132
87.2474
87.2474
87.2474
87.2474
87.2474
87.2474
87.2474
87.0238
87.0238
86.6958
86.6958
86.6958
86.6958
86.6958
86.6958
86.6958
86.6958
85.2402
85.2402
85.2402
85.2402
85.2402
85.2402
85.2402
85.2402
85.2402
85.2113
85.2113
84.8363
84.8363
84.8363
82.8034
82.8034
82.8034
82.7745
82.7745
82.0552
82.0552
82.0552
82.0552
82.0552
82.0552
82.0552
81.9362
81.9362
81.9362
81.9362
81.9362
81.9362
81.9362
81.8976
81.8976
81.8976
81.8976
81.8976
81.6173
81.5786
81.5786
81.5786
81.3302
81.0113
81.0113
81.0113
80.3539
80.3539
79.4276
79.4276
79.4276
79.4276
79.4146
79.4146
79.3829
78.8473
78.8473
78.8473
78.8473
78.8473
78.8473
78.8473
78.0687
78.0687
78.0687
78.0687
78.0687
78.0687
78.0687
78.0687
78.0687
77.5739
77.5739
77.5739
77.5739
77.5739
77.5739
77.5739
77.5739
76.9509
76.9509
71.1654
71.1654
71.1654
71.1654
71.1654
71.1654
70.4777
70.4777
70.4777
70.4777
69.7805
69.7805
69.0929
69.0081
68.8041
68.7193
68.7193
68.4645
68.4262
68.4262
68.4262
68.4262
68.4262
68.1991
68.1991
68.1991
68.1991
68.1991
68.1991
68.1991
68.1991
68.1991
68.1991
68.1824
67.3803
67.3803
67.3803
67.3637
66.8659
66.8659
66.8659
66.0472
65.1418
65.1418
64.6501
64.6501
63.7447
63.7447
63.7447
63.7447
63.7447
63.4556
63.4556
63.4556
63.4556
63.4556
63.4122
63.4122
63.4122
63.4122
63.4122
63.4122
63.4122
63.4122
63.4122
63.4122
63.2833
63.2833
63.2833
63.2833
63.2833
63.2833
63.2833
63.2833
63.2833
63.2629
63.2629
63.2629
63.2148
62.7639
62.7639
62.7639
62.6953
62.6953
62.6953
62.6953
62.6953
62.329
62.329
62.329
62.329
61.8455
61.8455
61.8455
61.8455
61.8455
61.8455
61.8455
61.8455
61.8455
61.5365
61.5365
61.5365
61.5365
60.9909
60.9909
60.8362
60.8362
60.8362
60.8362
60.8362
60.8362
60.8362
60.8362
60.8362
60.7391
60.7391
60.7391
60.2159
60.2159
60.2159
60.2159
60.0062
60.0062
60.0062
59.6959
59.6959
59.4862
59.4862
59.4862
59.4862
59.4862
59.4862
59.4862
59.4862
59.4862
59.4862
59.4862
59.4862
59.4862
59.4862
59.4862
59.4862
59.4862
59.4862
59.4862
59.4862
59.4862
59.4862
59.4862
59.4862
59.4862
59.4862
59.4862
59.4862
59.4862
59.4862
59.4862
59.4862
59.4862
59.4862
59.4862
59.4862
59.4862
59.4862
59.4862
59.4862
59.4862
59.4862
59.4862
59.4862
59.4862
59.4862
59.4283
59.4283
59.4283
59.4283
59.4283
59.4283
59.4283
59.4283
59.4283
59.4283
59.4283
59.4283
59.4283
59.4283
59.4283
59.4283
59.4283
59.4283
59.4283
59.4283
59.4283
59.4283
59.4283
59.4283
59.4283
59.4283
59.4283
57.7024
57.7024
57.7024
57.7024
57.7024
57.7024
57.7024
57.7024
57.7024
57.7024
57.7024
57.7024
57.7024
57.7024
57.7024
57.7024
57.7024
57.7024
57.7024
57.7024
57.7024
57.7024
57.7024
57.7024
57.7024
57.7024
57.7024
57.69
57.69
57.69
57.69
57.69
57.69
57.69
57.69
57.69
57.69
57.69
57.69
57.69
57.69
57.69
57.69
57.69
57.69
57.69
57.69
57.69
57.69
57.69
57.69
57.69
57.69
57.69
57.69
57.69
57.69
57.69
57.69
57.69
57.69
57.69
57.69
57.69
57.69
57.69
57.69
57.69
57.69
57.69
57.69
57.69
57.69
57.69
57.69
57.69
57.5876
57.5876
57.5876
57.5876
57.5876
57.5876
57.5876
57.5876
57.5876
57.5876
57.5876
57.5876
57.5876
57.5876
57.5876
57.5876
57.5876
57.5876
57.5876
57.5876
57.5876
57.5876
57.5876
57.5876
55.8074
55.8074
55.8074
55.8074
55.8074
55.3937
54.989
54.989
54.989
54.989
54.989
54.989
54.989
54.989
54.989
54.989
54.989
54.989
54.989
54.989
54.989
54.989
54.989
54.989
54.989
54.989
54.989
54.989
54.989
54.989
54.989
54.989
54.989
54.989
54.989
54.989
54.989
54.989
54.989
54.989
54.989
54.989
54.989
54.989
54.8865
54.8865
54.8865
54.8865
54.8865
54.8865
54.8865
54.8865
54.8865
54.8865
54.8865
54.8865
54.8865
54.8865
54.8865
54.8865
54.8865
54.8865
54.8865
54.8865
54.8865
54.8865
54.8865
54.8865
54.8865
54.8865
54.8865
54.8865
54.8865
54.8865
54.8865
54.8865
54.8865
54.8865
54.8865
54.8865
54.8865
54.8865
54.8865
54.8865
54.8865
54.8865
54.8865
54.8865
54.8865
54.8865
54.8865
54.8865
54.8865
54.8865
54.8865
54.8865
54.8865
54.8865
54.8865
54.8865
54.5224
54.5224
54.4199
54.4199
54.4199
54.4199
54.4199
54.4199
54.4199
54.4199
54.4199
54.4199
54.4199
54.4199
54.4199
54.4199
54.4199
54.4199
54.4199
54.4199
54.4199
54.4199
54.4199
54.4199
54.4199
54.4199
54.4199
54.4199
54.4199
54.4199
54.4199
54.4199
54.4199
54.4199
54.4199
54.4199
54.4199
54.4199
54.4199
54.4199
54.4199
54.4199
54.4199
54.4199
54.4199
54.4199
54.4199
54.4199
54.4199
54.4199
54.4199
54.4199
54.4199
54.4199
54.4199
54.4199
54.4199
54.4199
54.4199
54.4199
54.4199
54.4199
54.4199
54.4199
54.4199
54.4199
54.4199
54.4199
54.4199
54.4199
54.4199
54.4199
54.4199
54.4199
54.4199
54.4199
54.4199
54.4199
54.4199
54.4199
54.4199
54.4199
54.4199
54.4199
54.4199
54.4199
54.4199
54.4199
54.4199
54.4199
54.4199
54.4199
54.4199
54.4199
54.4199
54.4199
54.4199
54.4199
54.4199
54.4199
54.4199
54.4199
54.4199
54.4199
54.4199
54.4199
54.4199
54.4199
54.4199
54.4199
54.4199
54.4199
54.4199
54.4199
54.4199
54.4199
54.4199
54.4199
54.4199
54.4199
54.4199
54.4199
54.4199
54.4199
54.4199
54.4199
54.4199
54.4199
54.4199
54.4199
54.4199
54.4199
54.4199
54.4199
54.4199
54.4199
54.4199
54.4199
54.4199
54.4199
54.4199
54.4199
54.4199
54.4199
54.4199
54.4199
54.4199
54.4199
54.4199
54.4199
54.4199
54.4199
54.4199
54.4199
54.4199
54.4199
54.4199
54.4199
54.4199
54.4199
54.4199
54.4199
54.4199
54.4199
54.4199
54.4199
54.4199
54.4199
54.4199
54.4199
54.4199
54.4199
54.4199
54.4199
54.4199
54.4199
54.4199
54.4199
54.4199
54.4199
54.4199
54.4199
54.4199
54.4199
54.4199
54.4199
54.4199
54.4199
54.4199
54.4199
54.4199
54.4199
54.4199
54.4199
54.4199
54.4199
54.4199
54.4199
54.4199
54.4199
54.4199
