2280.15
2047.95
2047.95
1921.49
1818.2
1818.2
1815.52
1738.67
1662.01
1554.17
1554.17
1490.97
1451.19
1451.19
1361.11
1361.11
1361.11
1307.68
1307.66
1175.8
1139.78
1132.48
1123.01
1092.47
1043.15
1040.85
1002.85
967.469
959.125
927.781
921.879
874.42
874.42
871.268
871.246
826.572
825.832
790.644
790.644
754.616
748.179
720.355
699.801
691.179
665.003
654.812
640.187
632.586
631.343
617.548
617.548
617.548
603.739
603.739
601.4
588.26
580.71
573.382
552.528
551.317
549.029
549.029
538.273
535.022
532.079
529.117
524.666
485.461
483.313
475.783
475.783
470.497
466.929
461.034
451.911
451.911
447.996
431.582
424.671
412.209
409.651
395.038
394.88
394.374
386.491
382.226
381.448
373.037
373.037
371.583
370.721
366.572
355.808
351.581
349.343
345.516
340.873
339.062
338.158
320.938
320.938
320.938
319.51
316.837
308.91
304.73
301.308
291.57
291.57
291.57
288.094
285.549
285.006
280.534
278.816
276.362
275.341
267.128
265.577
259.452
259.452
256.166
253.636
252.521
249.774
249.774
243.152
243.152
240.844
240.844
240.844
239.478
239.478
238.106
236.968
236.715
234.23
234.23
233.657
233.084
230.725
230.725
230.725
225.94
217.749
217.749
217.749
214.062
213.174
210.267
207.175
205.692
204.438
201.875
200.606
195.677
191.654
191.654
190.255
189.267
185.423
181.783
175.754
174.884
174.884
174.884
173.1
172.357
171.682
170.371
168.271
168.271
168.225
167.003
167.003
167.003
166.134
166.134
165.204
163.48
163.48
163.48
163.48
163.436
163.436
163.436
161.76
157.623
157.623
157.623
155.016
153.34
153.34
147.043
147.043
147.043
147.043
147.043
147.043
145.589
144.125
144.125
139.784
139.784
139.784
138.017
138.017
136.014
135.816
134.658
134.658
134.658
134.636
134.498
133.971
133.833
133.467
133.467
132.795
132.795
132.716
132.242
131.555
129.775
129.775
129.375
128.71
128.022
127.665
127.115
127.115
126.07
125.035
125.035
125.035
125.035
125.035
125.035
124.471
124.471
122.852
121.502
121.502
121.502
121.502
121.502
121.502
121.5
121.5
121.5
121.5
121.5
121.5
121.5
121.5
121.5
121.456
121.061
120.903
120.903
120.903
120.221
120.221
120.221
120.221
119.603
119.603
119.286
119.286
119.286
119.286
119.165
119.077
117.939
117.515
117.515
116.361
116.361
116.361
116.361
115.225
115.225
115.017
114.913
114.684
114.684
114.684
114.372
113.083
113.083
113.083
112.66
112.66
112.66
112.66
112.66
112.66
112.66
112.66
90.6132
90.6132
90.6132
90.6132
90.6132
90.6132
90.6132
87.2773
87.2474
86.1098
85.9846
85.9846
85.9846
85.9846
85.9846
85.9846
85.7095
85.7095
84.9103
84.9103
84.6353
84.6353
84.0136
82.9605
82.9605
82.9605
82.9605
81.5835
81.5835
81.5835
81.5835
80.7734
80.7734
80.7734
80.7359
80.7359
79.3588
79.3588
79.3201
78.149
78.149
78.1103
78.1103
78.1103
77.8591
77.8591
77.4583
77.2071
77.1122
77.1122
76.2755
76.2755
76.2755
75.6234
75.5285
75.5285
75.5285
75.5285
75.451
75.451
75.451
75.451
75.451
75.451
75.451
75.2792
75.2017
75.2017
75.2017
74.3905
74.3905
74.3905
74.1412
74.1412
74.1412
74.1412
74.1412
74.1412
74.1412
74.1412
74.1412
74.1412
73.1383
73.1383
73.1383
73.1383
72.2966
72.2966
72.2966
72.2966
72.2649
72.2649
72.2649
72.0166
72.0166
72.0166
72.0166
71.9197
71.6311
71.6311
71.1654
71.1654
71.1654
71.1654
71.1654
71.1654
71.1654
71.1654
71.1654
70.4006
70.4006
70.4006
70.4006
70.4006
70.4006
70.4006
70.4006
70.4006
70.4006
70.4006
70.4006
70.3952
70.3952
69.5558
69.5558
69.5558
69.5558
68.9066
68.4551
68.4551
68.4551
68.0207
66.728
66.728
66.728
66.633
66.6164
66.3439
66.3439
66.3439
66.2324
66.2324
66.2324
66.2324
66.2324
66.2324
66.2324
66.2324
66.2324
66.2324
66.1549
66.1329
66.1329
66.1329
66.1329
66.0554
66.0554
66.0554
66.0554
66.0554
66.0554
66.0554
66.0554
66.0554
66.0554
66.0554
65.1632
65.1632
65.1632
65.1632
65.1632
65.1632
65.1632
65.1179
65.1179
65.1179
64.9692
64.9692
64.9692
64.9239
64.9239
64.9239
64.9239
64.9239
64.9239
64.9239
64.9239
64.9239
64.9239
64.9239
64.9239
64.8187
64.068
64.068
63.9628
63.9628
62.951
62.951
62.951
62.951
61.5365
61.5365
61.5365
61.5365
61.5365
61.526
61.526
61.4232
60.9909
60.9909
60.8362
60.814
60.814
60.814
60.814
60.4334
60.4334
60.4334
60.4334
60.4334
60.4334
60.4334
60.4334
60.4334
60.4334
60.4334
60.4334
60.4334
60.4334
60.1822
60.1822
60.1822
60.1822
60.1822
60.1822
60.1822
60.1822
60.1822
60.1822
60.1822
60.1822
60.1822
60.1822
60.1822
60.1822
60.1822
60.1822
60.1822
60.1822
60.1822
60.1822
60.1822
60.1822
60.1822
60.1822
60.1822
60.1822
60.1822
60.1822
60.1822
60.1822
60.1822
60.1822
60.1822
60.1822
60.1822
60.1822
60.1822
60.1822
60.1822
60.1822
60.1822
60.1648
60.1648
60.1648
60.1648
60.1648
60.0737
60.0737
60.0737
60.0737
60.0737
60.0737
60.0737
60.0737
60.0737
60.0737
60.0737
60.0737
60.0737
60.0737
60.0737
60.0737
60.0737
60.0737
60.0737
60.0737
60.0737
60.0737
60.0737
57.7024
57.7024
57.7024
57.7024
57.7024
57.7024
57.7024
57.7024
57.4504
57.4504
57.4504
57.4504
57.4504
57.4504
57.4504
57.4504
57.4504
57.4504
57.4504
57.138
57.138
57.138
57.138
57.138
57.138
57.138
57.138
56.7417
56.7417
56.7417
56.7417
56.7417
56.7417
56.7417
56.7417
56.7417
56.7417
56.7417
56.7417
56.7417
56.7417
56.7417
56.4905
56.1875
56.1875
56.1875
55.9363
55.9363
55.9363
55.9363
55.9363
55.9363
55.9363
55.9363
55.9363
55.9363
55.9363
55.9363
55.9363
55.9363
55.8659
55.8659
55.8659
55.8659
55.8074
55.8074
55.8074
55.8074
55.8074
55.8074
55.8074
55.8074
55.8074
55.8074
55.8074
55.8074
55.8074
55.8074
55.8074
55.8074
55.8074
55.8074
55.8074
55.8074
55.8074
55.8074
55.8074
55.8074
55.8074
55.8074
55.8074
55.8074
55.8074
55.8074
55.8074
55.8074
55.8074
55.8074
55.8074
55.8074
55.8074
55.8074
55.8074
55.8074
55.8074
55.8074
55.8074
55.8074
55.8074
55.8074
55.8074
55.8074
55.8074
55.8074
55.8074
55.8074
55.8074
55.8074
55.8074
55.8074
55.8074
55.8074
55.8074
55.8074
55.8074
55.8074
55.8074
55.8074
55.8074
55.8074
55.8074
55.8074
55.8074
55.8074
55.8074
55.8074
55.8074
55.8074
55.8074
55.8074
55.8074
55.8074
55.8074
55.8074
55.8074
55.8074
55.8074
55.8074
55.8074
55.8074
55.8074
55.8074
55.8074
55.8074
55.8074
55.8074
55.8074
55.8074
55.8074
55.8074
55.8074
55.8074
55.8074
55.8074
55.8074
55.8074
55.8074
55.8074
55.8074
55.8074
55.8074
55.8074
55.8074
55.8074
55.8074
55.8074
55.8074
55.8074
55.8074
55.8074
55.8074
55.8074
55.8074
55.8074
55.8074
55.8074
55.8074
55.8074
55.8074
55.8074
55.8074
55.8074
55.8074
55.8074
55.8074
55.8074
55.8074
55.8074
55.8074
55.8074
54.5224
54.5224
54.5224
54.5224
54.4199
54.4199
54.4199
54.4199
54.4199
54.4199
54.4199
54.4199
54.4199
54.4199
54.4199
54.4199
54.4199
54.4199
54.4199
54.4199
54.4199
54.4199
54.4199
54.4199
54.4199
54.4199
54.4199
54.4199
54.4199
54.4199
54.4199
54.4199
54.4199
54.4199
54.4199
54.4199
54.4199
54.4199
54.4199
54.4199
54.4199
54.4199
54.4199
54.4199
54.4199
54.4199
54.4199
54.4199
54.4199
54.4199
54.4199
54.4199
54.4199
54.4199
54.4199
54.4199
54.4199
54.4199
54.4199
54.4199
54.4199
54.4199
54.4199
54.4199
54.4199
54.4199
54.4199
54.4199
54.4199
54.4199
54.4199
54.4199
54.4199
54.4199
54.4199
54.4199
54.4199
54.4199
54.4199
54.4199
54.4199
54.4199
54.4199
54.4199
54.4199
54.4199
54.4199
54.4199
54.4199
54.4199
54.4199
54.4199
54.4199
54.4199
54.4199
54.4199
54.4199
54.4199
54.4199
54.4199
54.4199
54.4199
54.4199
54.4199
54.4199
54.4199
54.4199
54.4199
54.4199
54.4199
54.4199
54.4199
54.4199
54.4199
54.4199
54.4199
54.4199
54.4199
54.4199
54.4199
54.4199
54.4199
54.4199
54.4199
54.4199
54.4199
54.4199
54.4199
54.4199
54.4199
54.4199
54.4199
54.4199
54.4199
54.4199
54.4199
54.4199
54.4199
54.4199
54.4199
54.4199
54.4199
54.4199
54.4199
54.4199
54.4199
54.4199
54.4199
54.4199
54.4199
54.4199
54.4199
54.4199
54.4199
54.4199
54.4199
54.4199
54.4199
54.4199
54.4199
54.4199
54.4199
54.4199
54.4199
54.4199
54.4199
54.4199
54.4199
54.4199
54.4199
54.4199
54.4199
54.4199
54.4199
54.4199
54.4199
54.4199
54.4199
54.4199
54.4199
54.4199
54.4199
54.4199
54.4199
54.4199
54.4199
54.4199
54.4199
54.4199
54.4199
54.4199
54.4199
54.4199
54.4199
54.4199
54.4199
54.4199
54.4199
54.4199
54.4199
54.4199
