2170.48
1917.75
1893.03
1841
1763.15
1705.71
1685.79
1656.11
1619.94
1584.77
1491.52
1482.14
1470.74
1452.23
1380.72
1380.72
1305.82
1305.82
1239.62
1239.01
1222.25
1166.95
1143.43
1136.97
1063.67
1063.67
1057.61
1054.43
1022.97
1022.97
987.452
945.168
945.168
926.635
905.898
905.898
884.615
852.24
827.159
798.467
774.863
727.895
718.638
701.729
672.288
672.288
661.992
661.923
650.158
618.94
618.94
618.94
618.94
609.656
597.967
578.252
578.252
578.252
573.604
571.426
565.016
563.595
551.34
544.4
516.179
512.669
504.623
503.114
502.189
489.758
468.576
461.469
459.301
450.932
448.865
443.875
412.664
412.664
412.664
412.664
412.664
391.629
391.629
388.783
388.783
388.783
382.111
380.089
365.903
362.58
358.848
350.173
348.092
348.092
338.374
337.058
334.788
326.348
320.938
320.938
308.719
301.419
301.419
301.419
299.641
298.465
296.679
293.816
293.095
290.44
288.782
279.511
279.511
279.511
279.511
279.511
275.887
275.375
272.347
270.074
269.972
264.09
264.09
258.175
255.744
255.148
247.469
247.367
245.655
241.668
237.757
237.195
237.195
235.618
235.416
232.274
227.684
224.227
224.227
220.414
217.646
215.331
215.331
213.592
213.592
213.592
213.592
211.277
209.564
209.564
208.655
206.83
206.523
206.523
205.296
205.296
205.296
203.247
199.889
198.966
198.491
189.288
188.778
187.705
186.753
186.252
185.523
185.391
185.069
182.876
180.154
180.154
174.763
174.763
173.147
170.927
170.841
170.709
169.31
169.224
169.224
169.224
168.539
168.539
165.787
163.552
163.552
163.552
163.552
163.504
162.687
152.584
152.338
152.144
151.009
150.569
150.103
147.164
145.636
145.589
145.589
145.328
140.179
140.131
140.131
140.131
140.131
140.131
138.376
138.376
138.376
138.376
137.559
137.559
135.627
135.627
135.627
135.627
135.627
135.627
134.434
134.434
134.097
134.097
134.097
132.903
132.903
132.83
132.178
132.178
132.105
132.105
130.842
130.842
129.184
129.184
127.921
127.921
127.921
127.104
126.39
126.39
126.39
126.326
126.326
124.24
123.182
123.118
120.953
120.953
120.953
120.953
120.953
119.423
119.423
119.423
119.423
119.295
119.295
119.295
119.295
117.786
117.786
117.786
117.658
117.397
117.397
117.397
116.968
116.968
116.968
116.299
113.843
113.843
111.695
111.695
111.695
111.602
111.602
110.477
109.054
109.011
106.784
106.448
105.207
104.142
103.582
103.582
102.025
102.025
101.69
101.504
100.739
100.739
99.8817
99.8817
99.8817
99.8817
98.6923
90.6132
90.6132
90.6132
90.6132
90.6132
90.6132
85.9846
85.9846
85.9846
85.9846
85.9846
85.9846
85.9846
85.8222
85.8222
85.3762
84.0792
84.0792
84.0792
84.0792
83.4709
82.6549
82.6549
82.6549
82.0466
82.0466
81.9414
81.9414
81.0712
81.0712
81.0712
80.966
80.966
80.966
80.0311
80.0311
80.0311
80.0311
80.0311
80.0311
80.0311
80.0311
80.0311
80.0311
80.0311
79.9924
79.9924
79.9924
79.9924
79.9924
79.9924
79.9924
78.1634
77.8512
77.8512
77.8512
77.1768
77.1768
77.1768
77.1768
77.1768
77.1768
77.1768
77.1768
77.1768
77.1768
77.1768
77.1768
77.1768
77.1768
77.1768
77.1768
77.1768
77.1768
77.1768
77.1768
77.1768
77.1768
77.1768
77.1768
77.0648
77.0648
77.0648
77.0648
76.7965
76.7965
76.6845
76.6845
76.6845
76.6845
76.6845
76.5051
76.5051
76.5051
76.4844
76.4844
76.305
75.6247
75.6247
74.5931
71.1654
71.1654
71.1654
69.4042
69.2248
69.2248
69.2248
68.6506
67.1972
66.9334
66.9334
66.8617
66.6822
66.6447
66.6447
66.3935
66.3935
65.9679
65.9679
65.9679
65.8559
65.8559
65.8559
65.8559
65.8559
65.8559
65.8559
65.2886
65.2886
65.2886
65.2886
65.2886
65.2353
65.1904
65.1371
65.1371
65.1371
65.1371
64.9622
64.9622
64.9622
64.9622
64.9622
64.9622
64.9622
64.9622
64.9622
64.9622
64.9622
64.9622
64.9622
64.9622
64.9622
64.9622
64.9622
64.9622
64.9622
64.9622
64.4529
64.4529
63.5267
63.5267
63.4181
63.4181
63.4181
63.4181
63.4181
63.4181
63.4181
63.4181
63.4181
63.4181
63.4181
63.4181
63.4181
63.0374
63.0374
63.0374
63.0374
63.0374
63.0374
63.0374
63.0374
63.0374
63.0374
63.0374
63.0374
63.0374
63.0374
63.0374
63.0374
63.0374
63.0374
63.0374
63.0374
62.6411
62.6411
62.6411
62.6411
62.6411
61.5365
61.5365
61.5365
61.5365
61.3257
60.9909
60.6103
60.6103
60.6103
60.6103
60.6103
60.6103
60.6103
60.6103
60.6103
60.6103
60.6103
60.6103
60.6103
60.3591
60.3591
60.3591
60.3591
60.3591
60.3591
60.3591
60.3591
60.3074
60.3074
60.3074
60.3074
60.3074
60.3074
60.3074
60.237
60.237
60.237
60.237
60.237
60.237
60.237
60.142
60.142
60.142
60.142
59.3121
59.3121
59.3121
59.3121
59.3121
59.3121
59.3121
59.3121
59.3121
59.3121
59.3121
59.3121
59.3121
59.3121
59.3121
59.3121
59.3121
59.3121
59.3121
59.3121
59.3121
59.3121
59.3121
59.3121
59.3121
59.3121
59.3121
59.3121
59.118
58.8291
58.8291
58.8291
58.8291
58.8291
58.8291
58.8291
58.8291
58.8291
58.8291
58.8291
58.8291
58.8291
58.8291
58.8291
58.8291
58.8291
58.8291
58.8291
58.8291
58.8291
58.8291
58.8291
58.8291
58.8291
58.8291
57.7024
57.7024
57.7024
57.7024
57.7024
57.7024
57.7024
57.7024
57.7024
57.7024
57.7024
57.7024
57.7024
57.7024
57.7024
57.7024
57.7024
57.7024
57.7024
57.7024
57.7024
57.7024
57.7024
57.6887
57.6887
57.6887
57.6887
57.6887
57.6887
57.6887
57.6887
57.6887
57.6887
57.6887
57.6887
57.6887
57.6887
57.6887
57.6887
57.6887
57.6887
57.4513
57.4513
57.4513
57.4513
57.4513
57.4513
57.4513
57.4513
57.4513
57.4513
57.4513
57.4513
57.4513
57.4513
57.4513
57.4513
57.4513
57.4513
57.4513
57.4513
57.4513
57.4513
57.4513
57.4513
57.4513
57.4513
57.4513
57.4513
57.4513
57.4513
57.4513
57.4513
57.4513
57.4513
57.4513
57.4513
57.4513
57.4513
57.4513
57.3382
57.3382
57.3382
57.3382
57.3382
57.3382
57.3382
57.3382
57.3382
57.3382
57.3382
57.3382
57.3382
57.3382
57.3382
57.3382
57.3382
57.3382
57.3382
57.3382
55.8074
55.8074
55.8074
55.8074
55.3937
55.3937
55.3937
55.3937
54.989
54.989
54.989
54.989
54.989
54.989
54.989
54.989
54.989
54.989
54.989
54.989
54.989
54.989
54.989
54.989
54.989
54.989
54.989
54.989
54.989
54.989
54.989
54.989
54.989
54.989
54.989
54.989
54.989
54.989
54.989
54.989
54.989
54.989
54.989
54.989
54.989
54.989
54.989
54.989
54.989
54.989
54.989
54.989
54.989
54.989
54.989
54.989
54.989
54.989
54.989
54.989
54.989
54.989
54.989
54.8865
54.8865
54.8865
54.8865
54.8865
54.8865
54.8865
54.8865
54.8865
54.8865
54.8865
54.8865
54.8865
54.8865
54.8865
54.8865
54.8865
54.8865
54.8865
54.8865
54.8865
54.8865
54.8865
54.8865
54.8865
54.8865
54.8865
54.8865
54.8865
54.8865
54.8865
54.8865
54.8865
54.8865
54.8865
54.8865
54.8865
54.5224
54.5224
54.4199
54.4199
54.4199
54.4199
54.4199
54.4199
54.4199
54.4199
54.4199
54.4199
54.4199
54.4199
54.4199
54.4199
54.4199
54.4199
54.4199
54.4199
54.4199
54.4199
54.4199
54.4199
54.4199
54.4199
54.4199
54.4199
54.4199
54.4199
54.4199
54.4199
54.4199
54.4199
54.4199
54.4199
54.4199
54.4199
54.4199
54.4199
54.4199
54.4199
54.4199
54.4199
54.4199
54.4199
54.4199
54.4199
54.4199
54.4199
54.4199
54.4199
54.4199
54.4199
54.4199
54.4199
54.4199
54.4199
54.4199
54.4199
54.4199
54.4199
54.4199
54.4199
54.4199
54.4199
54.4199
54.4199
54.4199
54.4199
54.4199
54.4199
54.4199
54.4199
54.4199
54.4199
54.4199
54.4199
54.4199
54.4199
54.4199
54.4199
54.4199
54.4199
54.4199
54.4199
54.4199
54.4199
54.4199
54.4199
54.4199
54.4199
54.4199
54.4199
54.4199
54.4199
54.4199
54.4199
54.4199
54.4199
54.4199
54.4199
54.4199
54.4199
54.4199
54.4199
54.4199
54.4199
54.4199
54.4199
54.4199
54.4199
54.4199
54.4199
54.4199
54.4199
54.4199
54.4199
54.4199
54.4199
54.4199
54.4199
54.4199
54.4199
54.4199
54.4199
54.4199
54.4199
54.4199
54.4199
54.4199
54.4199
54.4199
54.4199
54.4199
54.4199
54.4199
54.4199
54.4199
54.4199
54.4199
54.4199
54.4199
54.4199
54.4199
54.4199
54.4199
54.4199
54.4199
54.4199
54.4199
54.4199
54.4199
54.4199
54.4199
54.4199
54.4199
54.4199
54.4199
54.4199
54.4199
54.4199
54.4199
54.4199
54.4199
54.4199
54.4199
54.4199
54.4199
54.4199
54.4199
54.4199
54.4199
54.4199
54.4199
54.4199
54.4199
54.4199
54.4199
54.4199
54.4199
54.4199
54.4199
54.4199
54.4199
54.4199
54.4199
54.4199
54.4199
54.4199
54.4199
54.4199
54.4199
54.4199
54.4199
54.4199
54.4199
54.4199
54.4199
54.4199
54.4199
