2065.78
2065.78
1921.96
1897.12
1732.86
1732.86
1667.94
1667.94
1561.3
1557.72
1499.35
1470.98
1459.78
1353.4
1339.07
1293.9
1273.93
1248.74
1114.69
1114.69
1114.69
1102.78
1097.97
1068.54
1044.14
995.844
991.94
970.224
970.224
966.23
863.485
863.485
811.819
806.486
806.486
750.63
749.152
705.578
700.508
691.341
691.341
670.788
670.788
662.171
648.795
632.422
617.107
617.107
604.462
596.205
582.507
581.22
555.635
555.635
544.467
534.75
527.611
511.924
506.403
506.403
505.356
494.784
494.784
487.439
482.109
475.441
475.441
465.629
458.907
452.088
443.62
443.62
439.18
426.667
426.667
426.667
419.338
416.381
412.283
407.499
405.81
398.365
398.365
391.543
387.761
387.761
385.213
383.971
383.152
381.041
378.159
378.159
373.839
373.839
365.144
365.144
365.144
365.144
364.592
320.938
320.938
320.938
320.938
320.938
320.938
320.938
320.938
320.938
320.938
318.04
318.04
318.04
316.789
316.789
316.403
308.22
308.22
305.912
302.001
302.001
299.001
297.991
289.553
287.201
287.201
280.999
280.999
277.927
276.447
276.447
273.969
272.422
269.359
269.263
266.171
263.805
258.353
254.245
251.12
251.12
245.29
245.29
245.164
239.542
239.542
239.542
236.794
236.794
234.702
233.927
233.654
233.21
231.823
231.499
230.343
230.343
229.181
228.771
227.615
227.615
227.145
225.093
225.093
224.83
223.26
223.26
222.997
222.997
221.307
221.307
218.193
216.329
214.99
214.99
211.102
210.522
197.414
194.777
193.44
193.44
192.615
187.115
187.115
184.312
184.245
184.245
184.245
183.487
177.38
177.38
176.105
172.811
172.585
171.469
171.214
171.189
171.189
167.949
167.949
145.589
145.589
145.589
145.589
138.995
138.995
138.995
136.563
136.563
136.563
132.292
132.292
124.671
124.671
124.356
121.591
121.591
121.591
121.591
121.591
121.294
120.951
120.951
120.237
120.237
120.237
120.237
120.237
118.6
118.6
118.6
118.6
118.6
118.126
118.126
118.126
118.126
115.452
115.452
115.452
115.452
114.012
114.012
112.205
112.205
110.078
110.078
110.078
108.325
108.325
108.325
108.325
107.781
107.445
107.085
106.028
106.028
106.028
105.741
105.726
105.726
104.969
104.969
104.588
103.82
103.788
102.682
102.682
102.682
102.473
101.876
101.728
101.728
101.728
101.329
100.722
100.688
100.574
100.051
99.1343
98.9864
98.8966
98.8966
98.7825
98.7825
98.6345
98.5355
98.5355
97.9665
97.9665
97.9665
97.9665
97.9665
97.8752
97.8752
97.1512
96.4188
96.4188
96.3866
96.3866
90.6132
90.6132
86.0693
86.0693
86.0693
86.0693
86.0693
86.0693
86.0693
86.0693
86.0693
86.0693
86.0693
86.0693
85.7679
85.7679
85.7679
85.3492
85.3492
85.1106
85.1106
84.6919
84.6919
82.0287
81.3714
81.3714
81.0643
80.6362
80.6362
80.6362
80.5297
80.057
80.057
79.9505
79.9505
79.9505
79.9505
79.9505
79.585
79.585
79.4684
79.4684
78.8993
78.8993
78.1372
78.1372
78.1372
78.1372
78.1372
78.1372
78.1372
78.1372
78.1372
78.1372
78.1372
78.1372
78.0065
78.0065
78.0065
78.0065
78.0065
78.0065
78.0065
77.0365
77.0365
77.0365
77.0365
76.6064
76.6064
76.6064
76.6064
76.6064
76.3194
76.3194
76.3194
76.3194
76.3194
76.3194
76.2209
75.9339
75.9099
75.9099
75.9099
75.9099
75.9099
75.9099
75.9099
75.9099
75.3419
75.3419
75.3419
75.3419
75.3419
75.3419
75.3419
75.3419
75.3419
75.3419
75.3419
75.3419
71.1654
71.1654
71.1654
71.1654
71.1654
71.1654
70.8662
70.4854
70.4854
70.2143
70.2143
68.5749
68.1941
67.4044
67.1084
66.6024
66.6024
66.6024
66.6024
66.5641
66.5641
66.5641
66.4275
66.4275
66.4275
66.3892
66.3892
66.1385
66.1385
65.9636
65.8602
65.6096
65.4347
65.3963
65.3963
65.054
65.054
65.054
65.054
65.054
65.054
65.054
65.054
65.054
65.054
64.9558
64.9558
64.9558
64.9558
64.9558
64.9558
64.5914
64.5914
64.5914
64.1105
64.1105
64.1105
64.1105
64.1105
64.1105
64.1105
64.1105
64.1105
64.1105
64.1105
64.0339
64.0339
64.0339
64.0339
64.0339
64.0339
64.0339
64.0339
64.0339
64.0339
64.0339
64.0339
64.0339
64.0339
64.0339
64.0339
64.0339
64.0339
64.0339
64.0339
64.0339
64.0339
64.0339
64.0339
64.0339
63.739
63.739
63.739
63.739
63.739
63.739
63.739
63.6955
63.6955
63.1436
61.5365
61.5365
61.5365
61.5365
61.2374
60.9909
60.9909
60.9909
60.9909
60.815
60.815
60.6103
60.4344
60.4344
60.3756
60.3756
60.3756
60.3756
60.3756
60.3756
60.3756
60.3756
60.3756
60.3756
60.3756
60.3756
60.3756
60.3756
60.3756
60.3756
60.3756
60.3756
60.3756
60.3756
60.3756
60.3756
60.3756
60.3756
59.8343
59.8343
59.8343
59.1609
59.1609
58.5727
58.5727
58.5727
58.5727
58.5727
58.4079
58.2112
58.2112
58.2112
58.2112
58.2112
58.2112
58.2112
58.2112
58.2112
58.0317
58.0317
58.0317
57.8736
57.8736
57.8736
57.8736
57.8606
57.8606
57.7024
57.7024
57.7024
57.7024
57.7024
57.7024
57.7024
57.7024
57.7024
57.7024
57.7024
57.7024
57.7024
57.7024
57.7024
57.7024
57.7024
57.7024
57.7024
57.7024
57.7024
57.7024
57.7024
57.7024
57.7024
57.7024
57.7024
57.7024
57.7024
57.7024
57.7024
57.7024
57.7024
57.7024
57.7024
57.7024
57.7024
57.7024
57.5757
57.5757
57.5757
57.5757
57.5583
57.5583
57.5583
57.5583
57.5583
57.5583
57.5583
57.5583
57.5583
57.2936
57.2936
57.2936
57.2936
57.2936
57.2936
57.2936
57.2936
57.2936
57.2936
57.2936
57.2936
57.2936
57.2936
57.2936
57.2936
57.2936
57.2936
57.2936
57.2936
57.2936
57.2936
57.2936
57.2936
57.2936
57.2936
57.2936
57.2936
57.2936
57.2936
57.2936
57.2936
57.2936
57.2936
57.2936
57.2936
57.2936
57.2936
57.2936
57.2936
57.2936
57.2936
57.2936
57.2936
57.2936
57.2936
57.2936
57.2936
57.2936
57.0424
57.0424
57.0424
57.0424
57.0424
57.0424
57.0424
57.0424
57.0424
57.0424
57.0424
57.0424
57.0424
57.0424
57.0424
57.0424
57.0424
57.0424
57.0424
57.0424
57.0424
57.0424
57.0424
57.0424
57.0424
57.0424
57.0424
57.0424
57.0424
57.0424
57.0424
57.0424
57.0424
55.8074
55.8074
55.8074
55.4027
54.989
54.989
54.989
54.989
54.989
54.989
54.989
54.989
54.989
54.989
54.989
54.989
54.989
54.989
54.989
54.989
54.989
54.989
54.989
54.989
54.989
54.989
54.989
54.989
54.989
54.989
54.989
54.989
54.989
54.989
54.989
54.989
54.989
54.989
54.989
54.989
54.989
54.989
54.989
54.989
54.989
54.989
54.989
54.989
54.989
54.989
54.989
54.989
54.989
54.989
54.989
54.989
54.989
54.989
54.989
54.989
54.989
54.989
54.989
54.989
54.989
54.989
54.989
54.989
54.989
54.989
54.989
54.989
54.989
54.989
54.989
54.989
54.989
54.989
54.989
54.989
54.989
54.989
54.989
54.989
54.989
54.989
54.989
54.989
54.989
54.989
54.989
54.989
54.989
54.989
54.989
54.989
54.989
54.989
54.989
54.989
54.5224
54.5224
54.5224
54.4199
54.4199
54.4199
54.4199
54.4199
54.4199
54.4199
54.4199
54.4199
54.4199
54.4199
54.4199
54.4199
54.4199
54.4199
54.4199
54.4199
54.4199
54.4199
54.4199
54.4199
54.4199
54.4199
54.4199
54.4199
54.4199
54.4199
54.4199
54.4199
54.4199
54.4199
54.4199
54.4199
54.4199
54.4199
54.4199
54.4199
54.4199
54.4199
54.4199
54.4199
54.4199
54.4199
54.4199
54.4199
54.4199
54.4199
54.4199
54.4199
54.4199
54.4199
54.4199
54.4199
54.4199
54.4199
54.4199
54.4199
54.4199
54.4199
54.4199
54.4199
54.4199
54.4199
54.4199
54.4199
54.4199
54.4199
54.4199
54.4199
54.4199
54.4199
54.4199
54.4199
54.4199
54.4199
54.4199
54.4199
54.4199
54.4199
54.4199
54.4199
54.4199
54.4199
54.4199
54.4199
54.4199
54.4199
54.4199
54.4199
54.4199
54.4199
54.4199
54.4199
54.4199
54.4199
54.4199
54.4199
54.4199
54.4199
54.4199
54.4199
54.4199
54.4199
54.4199
54.4199
54.4199
54.4199
54.4199
54.4199
54.4199
54.4199
54.4199
54.4199
54.4199
54.4199
54.4199
54.4199
54.4199
54.4199
54.4199
54.4199
54.4199
54.4199
54.4199
54.4199
54.4199
54.4199
54.4199
54.4199
54.4199
54.4199
54.4199
54.4199
54.4199
54.4199
54.4199
54.4199
54.4199
54.4199
54.4199
54.4199
54.4199
54.4199
54.4199
54.4199
54.4199
54.4199
54.4199
54.4199
54.4199
54.4199
54.4199
54.4199
54.4199
54.4199
54.4199
54.4199
54.4199
54.4199
54.4199
54.4199
54.4199
54.4199
54.4199
54.4199
54.4199
54.4199
54.4199
54.4199
54.4199
54.4199
54.4199
54.4199
54.4199
54.4199
54.4199
54.4199
54.4199
54.4199
54.4199
54.4199
54.4199
54.4199
54.4199
54.4199
54.4199
54.4199
54.4199
54.4199
54.4199
54.4199
54.4199
54.4199
54.4199
54.4199
54.4199
54.4199
54.4199
