2728.96
2561.07
2406.59
2300.84
2206.61
2113.32
2021.67
1928.4
1853.82
1797.22
1752.96
1701.02
1665.36
1621.8
1579.35
1522.53
1469.7
1410.6
1355.15
1293.08
1250.48
1207.87
1165.03
1109.48
1072.93
1048.96
1020.75
995.456
966.736
940.543
914.568
894.174
874.821
863.047
843.167
818.144
796.283
776.194
760.026
748.803
737.589
729.788
720.96
710.412
699.803
685.512
675.368
667.98
661.158
654.201
648.341
642.927
638.495
634.821
628.672
619.116
610.719
604.327
595.399
585.051
575.448
565.142
554.012
543.504
533.008
526.26
518.812
510.655
502.212
496.341
490.615
487.308
482.99
479.651
476.158
473.099
471.088
469.886
467.003
465.044
458.911
453.792
448.565
442.442
438.611
435.062
433.653
429.04
423.556
416.943
411.027
409.295
406.717
403.969
401.402
398.74
394.205
390.328
387.427
384.079
382.329
376.397
370.763
365.588
361.787
361.906
364.76
368.663
369.145
372.127
367.681
364.685
356.36
339.822
323.226
315.118
313.739
312.571
311.445
310.237
309.016
306.682
303.205
301.38
298.377
296.051
292.26
290.553
289.836
288.169
285.232
283.206
281.337
278.76
275.6
272.349
269.044
266.392
264.328
261.393
259.265
256.203
250.675
244.878
239.859
237.002
234.97
232.883
230.594
228.824
227.298
226.125
225.17
224.138
222.709
220.798
219.097
217.521
216.512
215.324
214.518
213.546
212.04
210.733
208.752
206.208
203.775
202.162
200.526
198.65
197.182
195.637
194.185
192.576
190.883
189.549
188.782
187.539
186.477
185.72
185.57
185.208
184.539
183.732
182.5
180.931
179.541
177.9
176.133
174.45
172.344
170.345
168.672
167.762
167.169
166.147
165.219
165.092
164.849
164.488
164.534
165.031
166.207
166.976
169.057
169.689
167.804
167.263
163.994
160.016
155.289
149.314
145.827
143.308
140.608
134.236
132.133
128.964
127.18
125.935
125.24
124.69
124.522
124.444
124.379
124.307
124.214
124.128
124.023
123.884
123.844
123.693
123.423
123.132
122.722
122.923
122.594
123.522
123.539
124.109
123.988
123.981
123.513
123.902
124.195
124.087
122.186
119.559
118.545
118.03
117.117
116.088
115.633
115.495
115.494
115.493
115.49
115.479
115.442
115.325
115.008
114.346
113.419
112.614
111.811
111.222
110.762
110.226
109.446
108.749
108.459
108.229
107.975
107.887
107.739
107.325
106.659
106.295
106.17
106.306
106.58
108.638
110.678
116.175
113.991
111.842
112.004
113.404
113.386
111.755
110.657
108.406
107.442
104.516
104.191
103.898
103.297
102.835
102.326
101.956
101.883
102.087
101.594
101.014
103.846
107.082
107.948
104.353
95.1341
87.916
86.4379
86.1407
85.8101
86.9657
87.9296
88.2161
94.3566
103.353
107.466
119.466
120.138
119.557
118.296
117.53
118.755
115.613
113.374
113.238
115.451
111.509
118.924
124.658
115.22
97.3008
87.5555
86.6674
84.6452
84.5284
84.522
84.4981
84.457
84.4193
84.3261
84.1262
83.53
82.6858
81.9132
81.0134
80.7682
80.6172
80.6153
80.6153
80.6152
80.6152
80.6152
80.6138
80.9004
80.9576
82.644
83.0217
82.58
82.3293
80.4181
79.654
78.9853
78.7109
78.4818
78.1802
77.8296
77.4659
77.2548
77.1564
77.1039
77.0603
77.0534
77.0997
76.9047
76.7275
76.4271
75.9689
75.6952
75.4838
75.3928
75.2907
75.1926
75.0966
75.0248
74.9174
74.7562
74.6294
74.4833
74.1635
73.5911
72.8284
72.3337
72.1904
72.1679
72.1306
71.9751
71.5275
71.2369
71.1654
71.1654
71.1654
71.1654
71.1654
71.1654
71.1643
71.1625
71.1598
71.1431
71.0946
70.9215
70.5924
70.2552
69.7726
69.4846
69.3116
69.3116
69.3113
69.3105
69.3073
69.2931
69.2617
69.237
69.2206
69.2206
69.2206
69.2206
69.2206
69.22
69.2113
69.1596
69.0026
68.6422
68.1792
67.8382
67.8098
67.7509
67.5947
67.4342
67.3839
67.3839
67.3839
67.3839
67.3839
67.3839
67.3839
67.3839
67.3839
67.3836
67.3825
67.3803
67.3699
67.3372
67.2597
67.1567
67.0582
66.9881
66.9615
66.9418
66.9418
66.9418
66.9418
66.9418
66.9418
66.9418
66.9418
66.9418
66.9418
66.9416
66.9404
66.9288
66.8842
66.7821
66.5525
66.3965
66.2834
66.2761
66.2761
66.2761
66.2761
66.2761
66.2761
66.2761
66.2761
66.2761
66.2761
66.2761
66.2759
66.2746
66.2671
66.2357
66.1523
66.0581
66.024
66.0219
66.0127
65.9861
65.8849
65.7406
65.5671
65.5785
64.7027
64.542
63.7137
63.0755
62.2337
61.4923
60.9099
60.5512
60.3565
60.2734
60.2168
60.2043
60.2043
60.204
60.2029
60.1923
60.1446
59.9939
59.8615
59.8512
59.8512
59.8512
59.8512
59.8512
59.8512
59.8512
59.8512
59.8512
59.8512
59.8512
59.8512
59.8512
59.8512
59.8512
59.8512
59.8512
59.8512
59.8512
59.8512
59.8512
59.8512
59.8512
59.8512
59.8512
59.8512
59.8512
59.8512
59.8512
59.8504
59.8496
59.8429
59.8214
59.7741
59.9027
59.7433
59.886
61.772
61.2591
63.4794
66.0661
72.3632
73.6117
77.7446
87.9877
94.6906
87.1424
74.3766
63.1288
59.3395
59.0213
59.0213
59.0213
59.0213
59.0213
59.0213
59.0213
59.0213
59.0213
59.0213
59.0213
59.0213
59.0213
59.0213
59.0213
59.0213
59.0213
59.0213
59.0213
59.0213
59.0213
59.0213
59.0213
59.0213
59.0213
59.0213
59.0213
59.0187
59.0179
59.0095
59.143
60.4257
66.411
68.9505
70.8076
79.3739
86.7204
87.5057
92.7345
92.9532
94.6879
88.023
78.6092
66.9472
60.8374
57.7677
57.7024
57.7024
57.7024
57.7024
57.7024
57.7024
57.7024
57.7024
57.7024
57.7024
57.7024
57.7024
57.7024
57.7024
57.7024
57.7024
57.7024
57.7024
57.7024
57.7024
57.7024
57.7024
57.7024
57.7024
57.7024
57.7024
57.7024
57.7024
57.7024
57.7024
57.7024
57.7024
57.7024
57.7024
57.7024
57.7024
57.7024
57.7024
57.7024
57.7024
57.7024
57.7024
57.7024
57.7024
57.7024
57.7024
57.7024
57.7024
57.7024
57.7024
57.7024
57.7024
57.7024
57.7024
57.7024
57.7024
57.7024
57.7024
57.7024
57.7024
57.7024
57.7024
57.7024
57.7024
57.7024
57.7024
57.7024
57.7021
57.7009
57.6893
57.6517
57.5552
57.4765
57.4512
57.4512
57.4512
57.4512
57.4512
57.4512
57.4512
57.4512
57.4443
57.4235
57.3466
57.1663
57.1369
57.1637
56.6283
55.8792
55.6404
55.3817
55.2244
55.0914
55.0075
54.989
54.989
54.989
54.989
54.989
54.989
54.989
54.989
54.989
54.989
54.989
54.989
54.989
54.989
54.989
54.989
54.989
54.989
54.989
54.989
54.989
54.989
54.989
54.989
54.989
54.989
54.989
54.989
54.989
54.989
54.989
54.989
54.989
54.989
54.989
54.989
54.989
54.989
54.989
54.989
54.989
54.989
54.989
54.989
54.989
54.989
54.989
54.989
54.989
54.989
54.989
54.989
54.989
54.989
54.989
54.989
54.989
54.989
54.989
54.989
54.989
54.989
54.989
54.989
54.989
54.989
54.989
54.989
54.989
54.989
54.989
54.989
54.989
54.989
54.989
54.989
54.989
54.989
54.989
54.989
54.989
54.989
54.989
54.989
54.989
54.989
54.989
54.9882
54.987
54.9823
54.958
54.8902
54.7804
54.5866
54.433
54.4199
54.4199
54.4199
54.4199
54.4199
54.4199
54.4199
54.4199
54.4199
54.4199
54.4199
54.4199
54.4199
54.4199
54.4199
54.4199
54.4199
54.4199
54.4199
54.4199
54.4199
54.4199
54.4199
54.4199
54.4199
54.4199
54.4199
54.4199
54.4199
54.4199
54.4199
54.4199
54.4199
54.4199
54.4199
54.4199
54.4199
54.4199
54.4199
54.4199
54.4199
54.4199
54.4199
54.4199
54.4199
54.4199
54.4199
54.4199
54.4199
54.4199
54.4199
54.4199
54.4199
54.4199
54.4199
54.4199
54.4199
54.4199
54.4199
54.4199
54.4199
54.4199
54.4199
54.4199
54.4199
54.4199
54.4199
54.4199
54.4199
54.4199
54.4199
54.4199
54.4199
54.4199
54.4199
54.4199
54.4199
54.4199
54.4199
54.4199
54.4199
54.4199
54.4199
54.4199
54.4199
54.4199
54.4199
54.4199
54.4199
54.4199
54.4199
54.4199
54.4199
54.4199
54.4199
54.4199
54.4199
54.4199
54.4199
54.4199
54.4199
54.4199
54.4199
54.4199
54.4199
54.4199
54.4199
54.4199
54.4199
54.4199
54.4199
54.4199
54.4199
54.4199
54.4199
54.4199
54.4199
54.4199
54.4199
54.4199
54.4199
54.4199
54.4199
54.4199
54.4199
54.4199
54.4199
54.4199
54.4199
54.4199
54.4199
54.4199
54.4199
54.4199
54.4199
54.4199
54.4199
54.4199
54.4199
54.4199
54.4199
54.4199
54.4199
54.4199
54.4199
54.4199
54.4199
54.4199
54.4199
54.4199
54.4199
54.4199
54.4199
54.4199
54.4199
54.4199
54.4199
54.4199
54.4199
54.4199
54.4199
54.4199
54.4199
54.4199
54.4199
54.4199
54.4199
54.4199
54.4199
54.4199
54.4199
54.4199
54.4199
54.4199
54.4199
54.4199
54.4199
54.4199
54.4199
54.4199
54.4199
54.4199
54.4199
54.4199
54.4199
54.4199
54.4199
54.4199
54.4199
54.4199
54.4199
54.4199
54.4199
