2737.61
2603.65
2472.19
2367.82
2283.59
2190.68
2100.49
2031.35
1972.16
1899.75
1840.14
1773.54
1701.33
1617.23
1575.49
1533.2
1506.99
1475.95
1447.57
1420.16
1388.61
1341.1
1296.03
1259.81
1218.41
1176.64
1139.4
1104.88
1078.61
1050.93
1026.25
1006.75
987.907
965.804
952.475
934.001
920.526
902.99
885.527
871.431
860.012
843.382
831.133
820.79
809.814
797.96
784.963
774.836
763.661
756.834
742.757
731.148
716.713
702.617
688.056
675.939
667.673
663.787
651.896
638.798
622.314
604.61
593.576
580.909
575.469
570.269
567.846
565.4
567.004
568.849
573.587
568.616
553.692
543.802
527.654
512.143
501.541
494.53
487.633
484.291
477.475
472.797
467.35
462.586
458.927
455.523
452.514
448.388
442.068
436.507
431.663
426.12
419.377
414.022
409.427
404.339
398.433
390.146
385.413
379.543
375.433
373.795
379.963
392.449
398.252
403.656
410.14
403.948
391.894
366.962
342.35
328.962
321.637
320.19
319.024
318.373
316.505
314.435
313.423
310.233
306.254
302.293
298.537
294.687
291.424
289.18
287.426
286.11
283.929
281.838
280.2
279.025
277.164
273.567
269.5
266.234
263.311
259.677
255.968
253.315
250.878
249.233
247.79
246.732
245.354
243.992
242.888
240.856
239.104
235.802
230.683
224.76
221.573
219.738
217.45
215.039
213.112
210.886
208.777
207.891
207.111
206.218
204.995
203.224
201.657
200.065
198.272
195.907
194.283
192.97
192.053
191.25
190.385
188.687
186.69
184.821
182.269
180.079
178.24
177.229
175.908
175.565
174.916
174.599
173.988
173.278
171.909
170.822
169.791
168.877
167.667
166.245
164.112
162.792
162.077
161.795
161.575
161.232
160.747
160.273
159.479
157.921
153.692
146.773
141.552
139.622
137.902
135.698
133.97
132.995
132.399
132.034
131.735
131.434
131.179
130.805
130.3
129.942
129.628
129.118
128.691
128.301
127.695
127.133
126.729
126.183
125.632
125.247
124.857
124.545
124.237
123.745
122.909
121.56
120.703
120.12
119.414
119.05
118.667
118.182
117.756
117.464
117.354
118.052
120.666
123.8
128.363
131.279
131.803
129.089
121.591
115.305
116.262
119.964
116.665
114.45
114.182
114.051
113.977
113.743
113.278
112.984
112.841
112.946
112.361
112.755
111.481
112.243
113.754
115.205
117.044
117.488
115.186
113.788
112.719
111.976
111.733
111.302
110.727
110.633
110.522
110.231
109.719
109.191
108.862
108.748
108.748
108.748
108.748
108.744
108.734
108.704
108.6
108.445
108.27
108.171
108.028
107.899
107.965
107.732
107.918
107.27
107.485
107.554
107.6
108.771
108.888
106.273
102.868
93.5766
88.59
86.3551
86.1533
85.9915
85.9096
85.8196
85.7169
85.5966
85.5283
85.5443
85.5166
85.5195
85.68
85.4272
85.1723
84.7107
84.4529
84.4227
84.421
84.4194
84.4139
84.408
84.3823
84.2894
84.0203
83.6429
83.1158
82.2102
81.4625
80.9141
80.6711
80.4842
80.2484
80.0859
79.9667
79.7395
79.3503
78.8164
78.5047
78.4611
78.4317
78.4001
78.3614
78.2556
77.9835
77.664
77.3589
77.2398
77.1919
77.066
76.9122
76.7699
76.5288
76.3712
76.348
76.955
77.1417
79.5407
83.9788
87.1156
92.3876
90.6019
91.047
83.6865
79.5127
76.4401
75.6524
75.6154
75.6154
75.6151
75.6151
75.6143
75.6109
75.589
75.5343
75.4294
75.3167
75.1724
74.8942
74.6901
74.5252
74.5203
74.5105
74.4902
74.452
74.4167
74.3683
74.3285
74.3001
74.2755
74.328
76.987
82.6415
91.0743
92.9376
95.8499
102.812
111.571
107.689
104.457
94.1481
85.0723
76.8075
72.2636
70.929
70.25
69.9697
69.3516
68.9619
68.755
68.4525
68.2024
67.8098
67.4552
67.1035
66.7242
66.4793
66.3882
66.3665
66.3454
66.3062
66.2344
66.1775
66.1205
66.0505
65.9351
65.8204
65.6997
65.5812
65.4472
65.798
66.271
66.8948
66.5238
66.2835
65.4914
64.8973
64.771
64.6941
64.6125
64.5288
64.515
64.515
64.515
64.515
64.513
64.511
64.502
64.4743
64.3812
64.15
63.9369
63.8722
63.8495
63.8489
63.8452
63.8251
63.7518
63.5489
63.3309
63.2241
63.1722
63.0735
63.0235
63.0235
63.0234
63.0219
63.0164
62.9952
62.9659
62.9499
63.2395
66.1131
67.3405
73.9198
75.5853
81.4619
88.0887
95.6997
89.8273
75.8806
68.342
63.7068
62.7756
62.7749
62.7749
62.7749
62.7749
62.9743
66.1362
69.5502
73.2167
76.1704
83.9413
87.4045
86.9898
85.274
71.3802
66.2886
62.7998
62.1241
61.5967
61.1387
60.7413
60.6413
60.5973
60.5651
60.5171
60.4774
60.4555
60.4555
60.4555
60.4555
60.4555
60.4552
60.4542
60.4489
60.4346
60.3928
60.4135
60.3634
60.1979
60.1907
60.1907
60.1907
60.1907
60.1907
60.1907
60.1907
60.1907
60.1907
60.1907
60.1907
60.1907
60.1907
60.1907
60.1907
60.1907
60.1907
60.1907
60.1907
60.1907
60.1907
60.1907
60.1907
60.1907
60.1907
60.1907
60.1907
60.1907
60.1907
60.1907
60.1907
60.1907
60.1907
60.1907
60.1907
60.1907
60.1907
60.1907
60.1907
60.1907
60.1907
60.1907
60.1907
60.1907
60.1907
60.1907
60.1907
60.1902
60.1882
60.1797
60.1395
60.0287
59.9415
59.9395
59.9395
59.9395
59.9395
59.9395
59.9395
59.9395
59.9395
59.9395
59.9395
59.9395
59.9395
59.9395
59.9395
59.93
59.9038
60.2992
62.0179
63.4845
63.7854
62.7288
60.0753
58.8494
57.7265
57.7024
57.7024
57.7024
57.7024
57.7024
57.7024
57.7024
57.7024
57.7024
57.7024
57.7024
57.7024
57.7024
57.7024
57.7024
57.7024
57.7024
57.7024
57.7024
57.7024
57.7024
57.7024
57.7024
57.7024
57.7021
57.7011
57.6971
57.6695
57.5868
57.4924
57.4512
57.4512
57.4512
57.4512
57.4512
57.4512
57.4512
57.4512
57.4511
57.4511
57.4508
57.4492
57.4413
57.4219
57.3975
57.3826
57.3808
57.3808
57.3808
57.3808
57.3808
57.3808
57.3792
57.3748
57.3645
57.3281
57.2385
57.1262
57.0283
56.9844
56.9844
56.9844
56.9844
56.9844
56.9844
56.9844
56.9844
56.9844
56.9844
56.9844
56.9844
56.9844
56.9844
56.9844
56.9841
56.9834
56.9814
56.9736
56.9473
56.9097
56.8815
56.8758
56.8758
56.8736
56.8619
56.8215
56.699
56.5261
56.3598
56.3216
56.3206
56.3185
56.3118
56.2829
56.183
56.0283
55.932
55.792
55.5824
55.4486
55.3937
55.3937
55.3937
55.3937
55.3937
55.3937
55.3937
55.3937
55.3937
55.3937
55.3937
55.3937
55.3937
55.3937
55.3937
55.3937
55.3937
55.3937
55.3937
55.3937
55.3937
55.3937
55.3937
55.3937
55.3937
55.3937
55.3937
55.3937
55.3937
55.3937
55.3937
55.3937
55.3937
55.3937
55.3937
55.3937
55.3937
55.3937
55.3937
55.3937
55.3937
55.3937
55.3937
55.3937
55.3937
55.3937
55.3937
55.3937
55.3937
55.3937
55.3937
55.3937
55.3937
55.3937
55.3937
55.3937
55.3937
55.3937
55.3937
55.3937
55.3937
55.3937
55.3937
55.3937
55.3937
55.3937
55.3937
55.3937
55.3937
55.3937
55.3937
55.3937
55.3937
55.3937
55.3937
55.3937
55.3937
55.3937
55.3937
55.3937
55.3937
55.3937
55.3937
55.3937
55.3937
55.3937
55.3937
55.3937
55.3937
55.3937
55.39
55.3808
55.3402
55.2285
55.0103
54.8202
54.6283
54.4643
54.4369
54.4199
54.4199
54.4199
54.4199
54.4199
54.4199
54.4199
54.4199
54.4199
54.4199
54.4199
54.4199
54.4199
54.4199
54.4199
54.4199
54.4199
54.4199
54.4199
54.4199
54.4199
54.4199
54.4199
54.4199
54.4199
54.4199
54.4199
54.4199
54.4199
54.4199
54.4199
54.4199
54.4199
54.4199
54.4199
54.4199
54.4199
54.4199
54.4199
54.4199
54.4199
54.4199
54.4199
54.4199
54.4199
54.4199
54.4199
54.4199
54.4199
54.4199
54.4199
54.4199
54.4199
54.4199
54.4199
54.4199
54.4199
54.4199
54.4199
54.4199
54.4199
54.4199
54.4199
54.4199
54.4199
54.4199
54.4199
54.4199
54.4199
54.4199
54.4199
54.4199
54.4199
54.4199
54.4199
54.4199
54.4199
54.4199
54.4199
54.4199
54.4199
54.4199
54.4199
54.4199
54.4199
54.4199
54.4199
54.4199
54.4199
54.4199
54.4199
54.4199
54.4199
54.4199
54.4199
54.4199
54.4199
54.4199
54.4199
54.4199
54.4199
54.4199
54.4199
54.4199
54.4199
54.4199
54.4199
54.4199
54.4199
54.4199
54.4199
54.4199
54.4199
54.4199
54.4199
54.4199
54.4199
54.4199
54.4199
54.4199
54.4199
54.4199
54.4199
54.4199
54.4199
54.4199
54.4199
54.4199
54.4199
54.4199
54.4199
54.4199
54.4199
54.4199
54.4199
54.4199
54.4199
54.4199
54.4199
54.4199
54.4199
54.4199
54.4199
54.4199
54.4199
54.4199
54.4199
54.4199
54.4199
54.4199
54.4199
54.4199
54.4199
54.4199
54.4199
54.4199
54.4199
54.4199
54.4199
54.4199
54.4199
54.4199
54.4199
54.4199
54.4199
54.4199
54.4199
54.4199
54.4199
54.4199
54.4199
54.4199
54.4199
54.4199
54.4199
54.4199
54.4199
54.4199
54.4199
54.4199
54.4199
54.4199
54.4199
54.4199
54.4199
54.4199
54.4199
54.4199
54.4199
54.4199
54.4199
54.4199
