2754.12
2589.06
2432.05
2315.33
2210.01
2115.42
2036.19
1974.19
1905.94
1840.81
1779.6
1734.8
1690.8
1661.54
1635.84
1604.55
1573.66
1545.33
1520.73
1487.63
1471.71
1435.31
1404.94
1378.58
1345.44
1311.27
1283.39
1251.05
1231.89
1204.01
1189.82
1171.48
1153.59
1132.13
1118.09
1096.97
1072.53
1048.63
1026.75
1005.71
990.941
977.568
961.113
948.704
937.491
921.308
915.083
900.587
890.953
885.103
871.983
865.993
855.651
853.649
842.671
836.227
825.41
814.577
805.159
797.166
782.143
773.993
760.207
744.961
731.826
720.049
715.149
707.178
701.955
691.91
679.854
665.771
650.923
643.202
640.311
637.368
631.286
623.15
613.938
602.404
587.206
575.16
560.697
547.019
533.764
523.633
518.605
511.613
503.94
495.718
487.082
479.872
470.883
465.603
458.082
450.771
444.569
437.96
431.075
420.655
413.244
409.645
415.749
423.083
423.197
410.49
402.224
382.091
364.074
343.926
332.567
327.582
321.463
320.941
319.499
323.518
324.061
326.607
317.712
309.558
303.347
303.952
301.066
297.48
293.975
288.401
283.584
280.354
276.813
273.546
270.99
268.57
267.123
265.232
263.816
262.66
262.187
261.738
261.095
260.129
258.395
256.125
253.318
251.756
250.183
248.331
246.147
244.026
241.942
239.993
237.627
236.282
234.005
232.085
230.471
229.872
229.084
227.728
226.436
224.719
222.712
220.721
218.417
216.333
214.766
213.326
211.343
210.23
208.727
206.948
205.695
203.961
202.025
200.315
198.355
197.217
195.997
194.459
193.371
192.738
192.121
190.901
189.753
187.579
184.851
182.775
180.779
179.474
178.502
178.188
178.173
177.983
178.451
180.092
180.542
184.933
183.007
184.065
180.564
177.026
175.819
179.845
180.243
183.209
184.019
185.747
188.922
193.396
191.83
194.078
192.441
190.864
187.443
178.466
160.427
149.358
143.415
138.628
133.88
130.24
127.779
126.313
125.409
125.258
124.667
124.157
123.652
123.311
123.135
122.994
122.812
122.726
122.624
122.712
122.606
122.418
122.307
123.282
125.174
128.922
129.205
126.103
126.601
126.272
126.66
122.855
122.337
119.342
118.858
118.615
118.429
118.298
118.081
117.901
117.83
117.83
117.83
117.829
117.888
118.52
124.502
125.398
134.075
133.294
129.554
129.319
127.674
131.172
130.29
130.395
131.718
125.51
124.053
123.468
117.579
116.955
116.662
116.222
115.697
115.178
114.715
114.239
113.926
113.784
113.683
113.485
113.302
113.204
113.18
113.18
113.168
113.15
113.097
112.91
112.366
111.313
110.544
110.332
110.246
109.985
109.513
108.957
108.698
108.313
110.007
109.899
111.411
115.722
114.768
114.205
105.834
94.5675
88.7684
87.3934
86.5749
86.4795
86.4008
86.4624
86.1301
86.0347
85.8788
85.666
85.4027
85.2398
85.1398
85.0212
84.8055
84.4018
83.3815
82.3583
81.7058
81.4876
81.4388
81.3402
81.0303
80.1976
79.5475
79.3571
79.2277
78.9963
78.7223
78.4036
78.2787
78.2469
78.2194
78.1828
78.1359
78.0467
77.8126
77.4512
77.1887
77.0879
77.0548
77.0153
76.9783
76.9359
76.8734
76.8287
76.8153
76.8134
76.8063
76.7776
76.6727
76.3829
76.0805
75.8654
75.8288
75.7349
75.6322
75.9272
77.9201
82.4297
84.3016
81.5028
82.1948
83.8047
86.5253
95.5573
105.766
109.225
106.977
99.9712
87.9747
80.2423
77.52
75.8888
75.4512
75.4507
75.4485
75.4379
75.4156
75.3271
75.1825
75.0507
75.011
74.7698
74.5125
74.3608
74.1814
74.0356
74.0074
74.1555
74.458
74.6112
74.0436
72.363
70.7301
70.2958
69.6618
69.5413
69.5167
69.5004
69.4476
69.3469
69.2904
69.2631
69.2491
69.1953
69.0543
68.8869
68.7521
68.7049
68.6973
68.6973
68.6965
68.6936
68.6778
68.6432
68.6205
68.6205
68.6194
68.6076
68.5806
68.4562
68.0877
67.7524
67.5415
67.5409
67.5355
67.5066
67.4207
67.3018
67.2018
67.1273
66.9853
66.662
66.417
66.3437
66.3312
66.3304
66.3304
66.3304
66.3278
66.3075
66.2298
66.0306
65.9241
65.8974
65.8748
65.8483
65.7967
65.6974
65.6184
65.6184
65.6184
65.6184
65.6184
65.6179
65.6159
65.6102
65.5689
65.448
65.2401
65.1353
65.0741
65.0504
65.0811
65.2285
65.47
65.3911
65.2651
64.7216
64.682
64.682
64.682
64.682
64.682
64.682
64.682
64.682
64.682
64.682
64.682
64.6815
64.6798
64.6741
64.652
64.5753
64.3874
64.1912
64.08
64.0852
64.5556
66.3079
67.8242
66.6715
64.8386
64.2487
61.9917
61.8229
62.1282
61.978
61.8321
61.6146
61.212
61.0582
60.924
60.8525
60.8358
60.8311
60.8
60.7091
60.555
60.3651
60.3162
60.3162
60.3162
60.3162
60.3162
60.3162
60.3162
60.3162
60.3162
60.3157
60.3127
60.2729
60.1449
59.9707
59.8838
59.8838
59.8838
59.8838
59.8838
59.8838
59.8838
59.8838
59.8838
59.8838
59.8838
59.8838
59.8838
59.8838
59.8838
59.8838
59.8838
59.8838
59.8838
59.8838
59.8838
59.8838
59.8838
59.8838
59.8821
59.8805
59.8763
59.8639
59.8089
60.1241
60.235
59.4737
59.405
59.9941
60.8839
62.6612
66.7896
67.5424
74.4902
81.8755
87.2429
87.7377
78.0377
66.1335
61.0063
59.0818
59.0544
59.0539
59.0539
59.0539
59.0539
59.0539
59.0539
59.0536
59.0524
59.0471
59.0265
58.9609
58.8775
58.8155
58.8027
58.8011
58.8008
61.334
65.0998
70.3581
83.04
89.5457
96.9476
95.2213
90.5444
80.5864
70.3115
63.5858
59.1597
57.7179
57.7203
57.7024
57.7024
57.7024
57.7024
57.7024
57.7024
57.7024
57.7024
57.7024
57.7021
57.7019
57.7016
57.6984
57.6847
57.6542
57.578
57.5763
57.445
57.4376
57.4376
57.4376
57.4376
57.4376
57.4376
57.4376
57.4376
57.4376
57.4376
57.4376
57.4376
57.4376
57.4376
57.4376
57.4376
57.4376
57.4376
57.4376
57.4376
57.4376
57.4376
57.4376
57.4374
57.4351
57.4213
57.3773
57.2801
57.2078
57.1864
57.1864
57.1864
57.1864
57.1864
57.1864
57.1864
57.1864
57.1864
57.1864
57.1864
57.1864
57.1864
57.1864
57.1864
57.1864
57.1864
57.1864
57.1864
57.1864
57.1864
57.1864
57.1864
57.1864
57.1864
57.1864
57.1864
57.1864
57.1864
57.1864
57.1864
57.1864
57.1864
57.1864
57.1864
57.1864
57.1864
57.1817
57.1692
57.1224
57.0812
57.0156
56.9871
56.4975
55.9454
55.5757
55.4287
55.3601
55.2971
55.1421
55.0456
54.989
54.989
54.989
54.989
54.989
54.989
54.989
54.989
54.989
54.989
54.989
54.989
54.989
54.989
54.989
54.989
54.989
54.989
54.989
54.989
54.989
54.989
54.989
54.989
54.989
54.989
54.989
54.989
54.989
54.989
54.989
54.989
54.989
54.989
54.989
54.989
54.989
54.989
54.989
54.989
54.989
54.989
54.989
54.989
54.989
54.989
54.989
54.989
54.989
54.989
54.989
54.989
54.989
54.989
54.989
54.989
54.989
54.989
54.989
54.989
54.989
54.989
54.989
54.989
54.989
54.989
54.989
54.989
54.989
54.989
54.989
54.989
54.989
54.989
54.989
54.989
54.989
54.989
54.989
54.989
54.989
54.989
54.989
54.9889
54.9885
54.9869
54.98
54.9572
54.9141
54.8444
54.7164
54.498
54.4202
54.4199
54.4199
54.4199
54.4199
54.4199
54.4199
54.4199
54.4199
54.4199
54.4199
54.4199
54.4199
54.4199
54.4199
54.4199
54.4199
54.4199
54.4199
54.4199
54.4199
54.4199
54.4199
54.4199
54.4199
54.4199
54.4199
54.4199
54.4199
54.4199
54.4199
54.4199
54.4199
54.4199
54.4199
54.4199
54.4199
54.4199
54.4199
54.4199
54.4199
54.4199
54.4199
54.4199
54.4199
54.4199
54.4199
54.4199
54.4199
54.4199
54.4199
54.4199
54.4199
54.4199
54.4199
54.4199
54.4199
54.4199
54.4199
54.4199
54.4199
54.4199
54.4199
54.4199
54.4199
54.4199
54.4199
54.4199
54.4199
54.4199
54.4199
54.4199
54.4199
54.4199
54.4199
54.4199
54.4199
54.4199
54.4199
54.4199
54.4199
54.4199
54.4199
54.4199
54.4199
54.4199
54.4199
54.4199
54.4199
54.4199
54.4199
54.4199
54.4199
54.4199
54.4199
54.4199
54.4199
54.4199
54.4199
54.4199
54.4199
54.4199
54.4199
54.4199
54.4199
54.4199
54.4199
54.4199
54.4199
54.4199
54.4199
54.4199
54.4199
54.4199
54.4199
54.4199
54.4199
54.4199
54.4199
54.4199
54.4199
54.4199
54.4199
54.4199
54.4199
54.4199
54.4199
54.4199
54.4199
54.4199
54.4199
54.4199
54.4199
54.4199
54.4199
54.4199
54.4199
54.4199
54.4199
54.4199
54.4199
54.4199
54.4199
54.4199
54.4199
54.4199
54.4199
54.4199
54.4199
54.4199
54.4199
54.4199
54.4199
54.4199
54.4199
54.4199
54.4199
54.4199
54.4199
54.4199
54.4199
54.4199
54.4199
54.4199
54.4199
54.4199
54.4199
54.4199
54.4199
54.4199
54.4199
54.4199
54.4199
54.4199
54.4199
54.4199
54.4199
54.4199
54.4199
54.4199
54.4199
54.4199
54.4199
54.4199
54.4199
54.4199
54.4199
54.4199
54.4199
54.4199
54.4199
54.4199
54.4199
54.4199
54.4199
