2734.86
2590.47
2447.51
2316.85
2203
2119.95
2044.73
1974.81
1898.47
1817.21
1742.3
1685.56
1638.37
1588.45
1533.09
1485.19
1447.34
1403.84
1373.25
1349.25
1318.6
1287.35
1257.48
1222.76
1185.85
1158.11
1132.59
1108.35
1080.27
1054.03
1030.84
1009.75
988.279
963.916
933.625
899.402
867.288
831.605
802.941
767.401
744.563
728.457
716.459
705.193
695.737
685.894
675.481
664.373
653.759
640.25
627.717
614.605
605.794
596.806
588.961
578.94
567.735
562.137
555.464
545.695
536.255
528.181
521.915
514.523
508.827
505.768
500.755
497.666
492.611
485.628
479.947
472.468
466.334
457.06
452.133
444.885
439.733
434.029
429.894
426.266
421.259
415.355
410.478
407.952
405.637
402.295
398.424
394.112
391.154
389.988
388.312
386.942
385.554
385.43
384.748
383.681
380.316
378.589
379.303
378.197
384.425
395.522
402.544
393.741
397.224
404.757
408.89
407.371
401.428
393.084
381.065
363.245
352.444
334.916
332.566
327.509
323.563
319.45
316.781
314.97
310.188
306.541
304.81
301.359
298.279
295.102
292.43
289.096
286.399
283.329
281.035
279.115
277.278
275.175
272.989
271.21
269.379
267.215
264.429
261.063
256.709
252.795
251.149
249.506
247.512
245.789
244.565
243.421
241.528
239.505
238.068
237.241
236.694
235.74
234.495
233.633
232.623
231.959
231.31
230.565
230.048
229.231
228.191
227.314
226.436
225.676
225.1
224.604
223.947
223.576
222.968
222.286
220.901
219.215
217.817
216.376
215.201
213.825
212.559
211.523
209.945
208.002
205.549
202.54
196.069
193.073
190.751
187.435
185.211
183.798
181.711
178.583
177.147
176.636
175.928
174.857
173.846
172.665
171.832
171.15
170.537
171.009
173.097
175.995
177.562
173.822
173.742
167.288
157.901
147.751
143.517
139.774
137.965
136.092
132.049
128.106
125.334
124.98
124.755
124.67
124.1
124.667
124.226
122.812
122.398
122.237
122.127
122.507
122.434
123.785
125.55
128.475
129.062
127.372
124.909
121.058
119.438
118.521
118.368
118.291
117.965
117.587
117.277
118.82
118.906
120.251
120.751
121.395
118.726
116.458
114.046
110.342
109.725
109.426
108.739
107.949
107.412
106.99
106.518
106.195
106.017
105.994
105.921
105.761
105.537
105.165
104.597
104.201
103.889
103.274
103.013
102.737
102.513
102.205
101.87
101.713
101.598
101.34
100.891
100.511
100.172
99.8232
99.407
99.1493
99.0136
98.9245
98.8678
98.7838
98.6751
98.5974
98.66
99.5145
100.564
104.008
104.989
101.679
98.2437
97.7903
97.5398
97.1504
96.7629
96.5113
96.6383
98.0797
100.186
102.883
105.742
101.926
96.932
92.728
87.166
86.0775
86.0693
86.069
86.0672
86.0619
86.0414
85.9869
85.8692
85.7454
85.5631
85.3628
85.1663
84.9528
84.6826
84.2578
83.2457
82.0577
81.3931
81.1264
80.8964
80.716
80.5801
80.4841
80.328
80.1297
79.978
79.9774
79.9518
80.0612
80.4199
83.3446
80.2618
81.4201
79.3811
79.0391
78.5947
79.0285
79.8296
82.0453
82.6199
81.9607
86.1316
91.9034
96.0074
99.9724
108.939
110.377
110.769
104.657
107.429
105.058
108.655
112.492
104.389
94.4223
83.0457
78.5369
77.4227
77.0454
76.8361
76.7239
76.6711
76.6261
76.6074
76.5784
76.5108
76.4234
76.347
76.3001
76.2264
76.0657
75.931
75.924
75.9136
75.9099
75.9099
75.9088
75.9809
76.7693
76.278
76.3895
76.4251
77.0434
76.0237
76.1219
75.6738
77.1169
78.8576
80.93
89.3737
91.7076
96.9368
103.878
105.86
110.906
115.799
120.462
111.272
106.504
89.614
80.0386
73.4408
70.4759
69.3192
68.5905
67.7989
67.3349
66.954
66.7925
66.6589
66.6012
66.5991
66.592
66.572
66.5399
66.4751
66.4116
66.3829
66.3389
66.2097
66.0245
65.9286
65.8425
65.6399
65.4434
65.39
65.3709
65.3257
65.2433
65.1969
65.054
65.054
65.054
65.0539
65.0524
65.0488
65.0345
65.0002
64.9663
64.9554
64.9543
64.9485
64.9349
64.9056
64.9565
64.5022
64.1917
64.1105
64.1105
64.1105
64.1105
64.1105
64.1105
64.1101
64.1087
64.1026
64.0832
64.054
64.0359
64.0339
64.0339
64.0339
64.0339
64.0339
64.0339
64.0339
64.0339
64.0339
64.0339
64.0339
64.0339
64.0339
64.0339
64.0339
64.0339
64.0339
64.0339
64.0339
64.0328
64.0257
64.01
63.9625
63.8761
63.7936
63.7396
63.739
63.7387
63.7362
63.7188
63.6612
63.5375
63.2187
63.1249
63.6323
64.2637
63.8807
63.0481
61.8344
61.9319
61.278
61.027
60.9038
60.7663
60.616
60.4575
60.4372
60.433
60.503
60.7767
60.8312
60.4101
60.3756
60.3756
60.3756
60.3756
60.3756
60.3756
60.3756
60.3756
60.3756
60.3756
60.3756
60.3756
60.3756
60.3756
60.3756
60.3748
60.3733
60.3688
60.3485
60.2927
60.1533
59.9326
59.7411
59.3007
58.8719
58.6286
58.5715
58.568
58.5508
58.4994
58.4025
58.2773
58.2112
58.2112
58.2112
58.2104
58.2085
58.1961
58.1687
58.1037
58.0588
58.03
58.0216
57.9931
57.9422
57.8958
57.9154
58.3578
58.3077
57.9671
57.7147
57.7024
57.7024
57.7024
57.7024
57.7024
57.7024
57.7024
57.7024
57.7024
57.7024
57.7024
57.7024
57.7024
57.7024
57.7024
57.7024
57.7024
57.7024
57.7024
57.7024
57.7024
57.7024
57.7024
57.7024
57.7024
57.7024
57.7024
57.7024
57.7024
57.7024
57.7024
57.7023
57.7011
57.6983
57.689
57.6595
57.6176
57.5792
57.573
57.5679
57.5623
57.5588
57.5583
57.5583
57.5581
57.5578
57.5578
57.5567
57.5552
57.5496
57.5324
57.4908
57.4028
57.3804
57.2936
57.2936
57.2936
57.2936
57.2936
57.2936
57.2936
57.2936
57.2936
57.2936
57.2936
57.2936
57.2936
57.2936
57.2936
57.2936
57.2936
57.2936
57.2936
57.2936
57.2936
57.2936
57.2936
57.2936
57.2936
57.2936
57.2936
57.2936
57.2936
57.2936
57.2936
57.2936
57.2936
57.2936
57.2936
57.2936
57.2936
57.2936
57.2936
57.2933
57.2925
57.2908
57.2772
57.221
57.125
57.0582
57.0424
57.0424
57.0424
57.0424
57.0424
57.0424
57.0424
57.0424
57.0424
57.0424
57.0424
57.0424
57.0424
57.0424
57.0424
57.0424
57.0424
57.0424
57.0424
57.0424
57.0424
57.0424
57.0424
57.0424
57.0424
57.0424
57.0386
57.028
56.9929
56.9202
57.1452
57.2541
56.6194
56.0904
55.5513
55.206
55.0463
54.989
54.989
54.989
54.989
54.989
54.989
54.989
54.989
54.989
54.989
54.989
54.989
54.989
54.989
54.989
54.989
54.989
54.989
54.989
54.989
54.989
54.989
54.989
54.989
54.989
54.989
54.989
54.989
54.989
54.989
54.989
54.989
54.989
54.989
54.989
54.989
54.989
54.989
54.989
54.989
54.989
54.989
54.989
54.989
54.989
54.989
54.989
54.989
54.989
54.989
54.989
54.989
54.989
54.989
54.989
54.989
54.989
54.989
54.989
54.989
54.989
54.989
54.989
54.989
54.989
54.989
54.989
54.989
54.989
54.989
54.989
54.989
54.989
54.989
54.989
54.989
54.989
54.989
54.989
54.989
54.989
54.989
54.989
54.989
54.989
54.989
54.989
54.989
54.989
54.9882
54.9867
54.9765
54.9345
54.8146
54.6542
54.4925
54.4484
54.4272
54.4199
54.4199
54.4199
54.4199
54.4199
54.4199
54.4199
54.4199
54.4199
54.4199
54.4199
54.4199
54.4199
54.4199
54.4199
54.4199
54.4199
54.4199
54.4199
54.4199
54.4199
54.4199
54.4199
54.4199
54.4199
54.4199
54.4199
54.4199
54.4199
54.4199
54.4199
54.4199
54.4199
54.4199
54.4199
54.4199
54.4199
54.4199
54.4199
54.4199
54.4199
54.4199
54.4199
54.4199
54.4199
54.4199
54.4199
54.4199
54.4199
54.4199
54.4199
54.4199
54.4199
54.4199
54.4199
54.4199
54.4199
54.4199
54.4199
54.4199
54.4199
54.4199
54.4199
54.4199
54.4199
54.4199
54.4199
54.4199
54.4199
54.4199
54.4199
54.4199
54.4199
54.4199
54.4199
54.4199
54.4199
54.4199
54.4199
54.4199
54.4199
54.4199
54.4199
54.4199
54.4199
54.4199
54.4199
54.4199
54.4199
54.4199
54.4199
54.4199
54.4199
54.4199
54.4199
54.4199
54.4199
54.4199
54.4199
54.4199
54.4199
54.4199
54.4199
54.4199
54.4199
54.4199
54.4199
54.4199
54.4199
54.4199
54.4199
54.4199
54.4199
54.4199
54.4199
54.4199
54.4199
54.4199
54.4199
54.4199
54.4199
54.4199
54.4199
54.4199
54.4199
54.4199
54.4199
54.4199
54.4199
54.4199
54.4199
54.4199
54.4199
54.4199
54.4199
54.4199
54.4199
54.4199
54.4199
54.4199
54.4199
54.4199
54.4199
54.4199
54.4199
54.4199
54.4199
54.4199
54.4199
54.4199
54.4199
54.4199
54.4199
54.4199
54.4199
54.4199
54.4199
54.4199
54.4199
54.4199
54.4199
54.4199
54.4199
54.4199
54.4199
54.4199
54.4199
54.4199
54.4199
54.4199
54.4199
54.4199
54.4199
54.4199
54.4199
54.4199
54.4199
54.4199
54.4199
54.4199
54.4199
54.4199
54.4199
54.4199
54.4199
54.4199
54.4199
54.4199
54.4199
54.4199
54.4199
54.4199
