2757.86
2594.34
2420.56
2283.32
2153.45
2057.39
1977.85
1905.7
1855.47
1807.81
1763.18
1731.16
1693.82
1669.99
1638.77
1618.8
1580.28
1537.89
1497.37
1451.3
1403.66
1346.41
1299.81
1258.79
1226.16
1200.71
1175.93
1154.18
1128.19
1097.27
1071.82
1048.84
1026.69
1005.51
984.511
964.139
946.103
923.705
900.908
874.585
848.45
831.279
812.996
793.78
777.493
765.718
752.246
742.2
729.669
721.839
714.016
707.372
695.876
683.428
672.98
663.179
644.676
630.627
619.22
610.485
601.982
599.115
593.64
587.421
582.954
575.756
570.061
565.155
556.768
547.835
540.385
532.9
524.358
516.732
508.337
501.412
498.325
494.101
486.451
478.941
472.098
468.661
458.817
453.514
438.635
425.576
417.052
411.779
404.4
400.058
395.09
391.661
386.458
381.639
376.442
372.932
370.416
368.915
366.444
362.683
361.794
359.936
361.723
358.548
362.499
358.655
355.42
354.393
350.093
340.821
331.504
325.099
323.378
316.521
310.999
306.145
303.035
301.041
297.301
293.471
289.375
284.457
281.95
279.378
276.015
273.074
270.477
266.677
264.363
262.19
260.515
258.37
257.274
256.088
256.033
255.542
256.439
255.45
253.128
253.237
250.801
246.055
244.465
243.269
241.84
239.943
237.465
235.234
233.101
230.903
229.008
227.853
226.438
224.415
222.331
220.395
218.977
217.734
216.259
215.157
214.029
212.798
211.017
209.539
207.9
206.184
204.855
203.328
202.002
200.219
198.85
197.575
196.185
194.57
192.902
191.563
190.027
188.451
187.443
186.377
185.828
185.684
184.271
182.527
179.352
177.865
176.812
175.997
175.073
174.375
173.682
172.726
172.065
171.326
170.435
169.454
168.453
167.617
166.919
164.887
164.782
166.107
166.406
169.863
179.682
182.172
180.603
182.809
182.507
177.174
170.472
158.991
145.623
141.255
140.481
140.194
139.88
139.655
139.405
139.164
138.586
138.054
138.05
139.173
139.952
139.894
138.642
138.501
140.006
140.593
141.474
141.317
138.772
136.439
132.761
132.191
131.385
130.828
130.376
130.16
129.987
129.987
129.985
129.978
129.929
129.79
129.343
128.867
128.35
128.104
127.961
127.61
126.849
126.365
125.798
125.155
124.536
123.877
123.115
122.115
121.463
118.568
117.079
114.599
112.82
111.994
111.887
111.647
111.052
110.321
109.439
108.802
108.264
107.877
107.473
107.101
106.791
106.393
105.924
105.35
104.645
104.09
103.778
103.742
103.67
103.613
103.526
104.46
108.214
114.471
115.918
118.665
116.895
114.354
112.146
106.412
103.493
102.63
101.941
101.641
101.376
101.192
101.78
102.353
104.649
107.318
109.696
108.966
109.862
108.175
107.656
102.912
96.2133
89.1181
86.3714
86.098
86.0696
86.0345
85.9352
85.6649
85.0558
84.4851
84.209
84.113
83.9868
83.6728
83.2931
82.8993
82.7292
82.575
82.4762
82.335
82.2363
82.1758
82.1355
82.0508
82.048
82.2287
81.9128
81.5627
81.4826
81.4465
81.4306
81.4306
81.4306
81.4292
81.4292
81.5189
87.6436
93.8268
97.4391
108.733
117.511
111.54
116.014
115.478
112.036
104.571
98.057
92.1559
87.9523
94.6962
92.5193
98.003
106.082
113.198
117.395
108.205
94.3912
83.615
79.7375
79.2132
79.1785
79.0851
78.8533
78.652
78.644
78.6391
78.6254
78.5862
78.5445
78.4931
78.4038
78.2934
78.1791
78.1245
78.1054
78.08
78.0189
77.8839
77.7228
77.5955
77.4854
77.1959
76.4874
75.89
75.258
74.888
74.4192
74.0163
73.7365
73.5582
73.4113
73.2747
72.8652
72.2648
71.8454
70.4737
70.1488
69.7503
69.3913
69.176
68.8443
68.7614
68.3689
68.0119
68.0077
67.9901
67.9461
67.9086
67.9009
67.9009
67.9009
67.9009
67.9009
67.9009
67.9009
67.9009
67.9009
67.9009
67.9009
67.9008
67.9008
67.9006
67.8998
67.8973
67.8922
67.888
67.8874
67.8874
67.8874
67.8874
67.8874
67.8874
67.8874
67.8874
67.8874
67.8874
67.8874
67.8874
67.8874
67.8874
67.8874
67.8874
67.8874
67.8874
67.8874
67.8874
67.8874
67.8874
67.8874
67.8874
67.8874
67.8874
67.8874
67.8874
67.8874
67.8874
67.8874
67.8874
67.8874
67.8874
67.8874
67.8874
67.8874
67.8874
67.8874
67.8874
67.8874
67.8874
67.8874
67.8874
67.8874
67.8869
67.883
67.8616
67.7411
67.5271
67.4443
67.4458
67.3508
67.2416
67.1148
67.0707
67.0707
67.0707
67.0707
67.0707
67.0707
67.032
66.9837
66.9642
66.9995
67.0956
67.3722
67.4886
67.9759
66.264
63.6047
62.1273
61.348
60.9466
60.7532
60.6444
60.4992
60.3869
60.3554
60.3351
60.2735
60.1715
60.1109
60.1109
60.1108
60.1107
60.1104
60.1085
60.1034
60.082
60.0256
59.9132
59.7311
59.6932
59.4905
59.4175
59.4175
59.4174
59.4174
59.417
59.4134
59.3985
59.3555
59.3248
59.3164
59.291
59.2695
59.2679
59.2679
59.2679
59.2679
59.2679
59.2679
59.2679
59.2679
59.2679
59.2679
59.2679
59.2679
59.2679
59.2679
59.2679
59.2679
59.2679
59.2679
59.2679
59.2679
59.2679
59.2679
59.2678
59.2665
59.2603
59.2397
59.2147
59.2121
59.1981
59.1162
58.8827
58.7248
58.713
58.713
58.713
58.713
58.713
58.713
58.713
58.713
58.713
58.713
58.713
58.713
58.713
58.713
58.713
58.713
58.713
58.713
58.713
58.713
58.713
58.713
58.7117
58.7107
58.7051
58.6911
58.681
58.7953
59.2861
58.7053
58.4679
57.9411
57.7072
57.7011
57.6984
57.6887
57.669
57.6486
57.6437
57.6434
57.6426
57.64
57.6283
57.6631
57.9275
57.4966
57.3868
57.3792
57.3792
57.3792
57.3792
57.3792
57.3792
57.3792
57.3792
57.3792
57.3792
57.3792
57.3792
57.3792
57.3792
57.3792
57.3788
57.3759
57.3662
57.3375
57.2557
57.1052
57.0162
56.9745
56.9745
56.9745
56.9745
56.9745
56.9745
56.9745
56.9745
56.9745
56.9745
56.9745
56.9745
56.9745
56.9745
56.9745
56.9744
56.9743
56.9739
56.9729
57.0012
57.1985
57.5008
57.0493
56.9521
56.9518
56.9516
56.9453
56.9247
56.8496
56.7421
56.7009
56.7009
56.7009
56.7009
56.7009
56.7009
56.7009
56.7009
56.7009
56.7009
56.7009
56.7009
56.7009
56.7009
56.7009
56.7009
56.7009
56.7009
56.7009
56.7009
56.7009
56.7009
56.7009
56.6988
56.6962
56.6833
56.6594
56.595
56.8357
56.39
55.8429
55.3773
55.1892
55.0245
54.989
54.989
54.989
54.989
54.989
54.989
54.989
54.989
54.989
54.989
54.989
54.989
54.989
54.989
54.989
54.989
54.989
54.989
54.989
54.989
54.989
54.989
54.989
54.989
54.989
54.989
54.989
54.989
54.989
54.989
54.989
54.989
54.989
54.989
54.989
54.989
54.989
54.989
54.989
54.989
54.989
54.989
54.989
54.989
54.989
54.989
54.989
54.989
54.9885
54.9872
54.9804
54.9409
54.8129
54.6303
54.5398
54.5397
54.5389
54.5357
54.5285
54.5224
54.5224
54.5224
54.5224
54.5224
54.5224
54.5224
54.5224
54.5224
54.5224
54.5224
54.5224
54.5224
54.5224
54.5224
54.5224
54.5224
54.5224
54.5224
54.5224
54.5224
54.5224
54.5224
54.5224
54.5224
54.5224
54.5224
54.5224
54.5224
54.5224
54.5224
54.5224
54.5224
54.5224
54.5224
54.5224
54.5224
54.5224
54.5224
54.5224
54.5224
54.5224
54.5224
54.5224
54.5224
54.5224
54.5224
54.5224
54.5224
54.5224
54.5224
54.5224
54.5224
54.5224
54.5224
54.5224
54.5224
54.5224
54.5224
54.5224
54.5224
54.5224
54.5224
54.5224
54.5224
54.5224
54.5224
54.5224
54.5224
54.5224
54.5224
54.5224
54.5224
54.5224
54.5224
54.5224
54.5224
54.5224
54.5224
54.5224
54.5224
54.5224
54.5224
54.5224
54.5224
54.5224
54.5224
54.5224
54.5224
54.5224
54.5224
54.5224
54.5224
54.5224
54.5224
54.5224
54.5224
54.5224
54.5224
54.5224
54.5224
54.5224
54.5224
54.5224
54.5224
54.5224
54.5224
54.5224
54.5224
54.5224
54.5224
54.5224
54.5224
54.5224
54.5224
54.5224
54.5224
54.5224
54.5224
54.5224
54.5224
54.5224
54.5224
54.5224
54.5224
54.5224
54.5224
54.5224
54.5224
54.5224
54.5214
54.5182
54.5062
54.4738
54.4349
54.4199
54.4199
54.4199
54.4199
54.4199
54.4199
54.4199
54.4199
54.4199
54.4199
54.4199
54.4199
54.4199
54.4199
54.4199
54.4199
54.4199
54.4199
54.4199
54.4199
54.4199
54.4199
54.4199
54.4199
54.4199
54.4199
54.4199
54.4199
54.4199
54.4199
54.4199
54.4199
54.4199
54.4199
54.4199
54.4199
54.4199
54.4199
54.4199
54.4199
54.4199
54.4199
54.4199
54.4199
54.4199
54.4199
54.4199
54.4199
54.4199
54.4199
54.4199
54.4199
54.4199
54.4199
54.4199
54.4199
54.4199
54.4199
54.4199
54.4199
54.4199
54.4199
54.4199
54.4199
54.4199
54.4199
54.4199
54.4199
54.4199
54.4199
54.4199
54.4199
54.4199
54.4199
54.4199
54.4199
54.4199
54.4199
54.4199
54.4199
54.4199
54.4199
54.4199
54.4199
54.4199
54.4199
54.4199
54.4199
54.4199
54.4199
54.4199
54.4199
54.4199
54.4199
54.4199
54.4199
