2729.49
2579.6
2451.22
2329.43
2226.69
2132.76
2054.95
1977.69
1913.18
1862
1805.47
1762.84
1714.2
1677.96
1628.51
1592.22
1555.45
1516.28
1475.44
1436.71
1392.86
1347.03
1286.75
1233.72
1199.8
1163.84
1139.74
1115.72
1086.93
1067.03
1040.54
1016.92
988.763
968.115
950.35
929.732
903.799
878.677
857.176
836.312
817.526
800.173
785.052
771.672
759.546
745.97
726.485
707.572
692.411
680.081
668.515
659.491
651.697
643.486
634.936
631.478
622.662
615.673
612.01
601.938
599.597
590.636
577.554
569.575
561.861
554.804
548.336
541.601
533.788
523.541
507.214
493.154
485.806
481.417
476.772
473.038
469.01
463.814
457.692
451.664
447.508
439.889
434.964
429.969
424.604
415.272
411.266
401.634
394.972
387.857
382.295
378.002
375.142
373.681
369.831
364.575
358.192
352.079
348.68
345.564
343.888
341.47
338.808
336.28
332.306
328.167
324.602
318.722
313.338
307.696
301.586
296.618
293.663
291.382
290.167
288.847
286.917
284.582
281.365
277.76
274.2
271.251
267.747
264.432
261.687
258.556
255.84
253.989
251.815
250.459
249.185
248.03
246.07
243.744
242.037
241.494
239.844
238.871
238.016
236.686
235.073
234.25
233.341
232.155
231.27
230.491
228.844
226.242
223.274
219.537
217.171
215.52
214.051
212.719
210.665
207.912
205.829
203.422
203.357
200.783
202.518
196.44
192.047
189.487
186.726
182.871
179.583
177.039
175.452
174.417
173.515
172.694
172.223
172.562
171.875
170.901
174.392
171.66
170.418
168.769
167.169
166.115
164.995
164.366
163.826
163.505
163.473
163.453
163.412
163.301
162.981
162.113
160.778
158.539
156.727
155.562
153.215
151.548
150.138
149.641
150.896
153.459
154.444
155.264
157.914
151.158
146.845
142.618
140.042
139.633
138.466
137.086
136.196
135.149
134.81
134.716
134.608
134.406
134.131
134.004
133.766
133.525
133.253
132.868
132.385
131.705
130.895
130.359
129.906
129.305
128.732
128.301
127.95
127.585
126.913
126.292
125.8
125.531
125.546
126.168
131.863
136.86
139.328
138.006
136.929
144.278
143.452
141.51
137.234
130.419
127.776
128.775
131.528
136.615
151.704
160.586
153.55
147.919
140.344
130.238
123.457
121.475
121.435
121.713
121.793
122.439
123.768
125.189
131.1
132.739
128.943
126.641
125.46
124.558
123.701
122.47
121.729
119.717
118.643
117.946
117.429
117.102
116.483
115.827
115.432
115.225
115.168
115.071
114.979
114.907
115.454
115.639
114.993
115.254
115.764
114.395
113.295
112.863
112.732
112.542
112.885
115.239
124.614
134.09
141.248
140.554
141.382
135.054
123.746
119.657
119.076
112.598
110.871
105.6
95.0361
91.4212
86.2883
85.975
85.9392
85.8416
85.743
85.6281
85.4356
85.0808
84.6791
84.0817
83.5111
83.1022
82.946
82.9029
82.7607
82.3998
81.9735
81.5431
81.1464
80.9186
80.759
80.6738
80.3872
79.8046
79.3496
79.1607
78.8718
78.398
78.1651
78.1013
78.0718
77.9687
77.754
77.4341
77.2493
77.1787
77.1183
77.0186
76.7081
76.2544
75.8497
75.6629
75.5381
75.5253
75.5156
75.4896
75.4604
75.451
75.4508
75.4499
75.5505
75.5908
75.4586
75.3643
75.2716
75.1996
75.1119
74.8577
74.5013
74.2301
74.1412
74.1412
74.1412
74.1412
74.1412
74.1393
74.8339
74.9739
74.833
73.8556
73.5391
73.0976
72.9139
72.5867
72.3532
72.2829
72.2697
72.2636
72.2594
72.2301
72.1391
72.0442
72.008
71.9747
71.9049
71.8171
73.1947
78.0784
79.5637
80.3593
82.2281
88.2974
87.6714
94.0383
97.5044
98.8357
101.246
104.87
99.2013
92.161
77.7007
72.9516
70.4006
70.4006
70.4006
70.4005
70.3943
70.3447
70.1833
69.8356
69.5705
69.5419
69.4852
69.3169
68.9775
68.6309
68.3697
68.0867
67.6288
67.0185
66.7472
66.6612
66.5468
66.4084
66.3413
66.3339
66.3147
66.2759
66.2483
66.2324
66.2324
66.2324
66.2324
66.2323
66.2322
66.2318
66.2306
66.2258
66.212
66.1851
66.1567
66.1288
66.0902
66.0672
66.0554
66.0554
66.0554
66.0554
66.0554
66.0545
66.0527
66.0446
66.0258
66.6636
66.6137
65.7012
65.2181
65.1625
65.1609
65.156
65.1435
65.126
65.1173
65.0966
65.0565
64.9962
64.9441
64.9255
64.9239
64.9239
64.9239
64.9239
64.9239
64.9239
64.9238
64.9213
64.9087
64.8703
64.7621
64.5547
64.2685
64.0332
63.9212
63.8079
63.5075
63.2544
63.0219
62.9005
63.2116
64.394
64.8886
64.3753
64.0641
64.0132
63.6718
63.7482
62.8348
61.5117
61.0386
60.9164
60.8057
60.7354
60.5655
60.4334
60.4334
60.4334
60.4334
60.4334
60.4334
60.4334
60.4334
60.4334
60.4331
60.4329
60.4268
60.3932
60.293
60.1935
60.1822
60.1822
60.1822
60.1822
60.1822
60.1822
60.1822
60.1822
60.1822
60.1822
60.1822
60.1822
60.1822
60.1822
60.1822
60.1822
60.1822
60.1822
60.1822
60.1822
60.1822
60.1822
60.1822
60.1822
60.1822
60.1822
60.1822
60.1822
60.1822
60.1822
60.1822
60.1822
60.1822
60.1822
60.1822
60.1822
60.1822
60.1822
60.1819
60.1809
60.1767
60.1692
60.1651
60.1625
60.1542
60.1258
60.0877
60.0737
60.0737
60.0737
60.0737
60.0737
60.0737
60.0737
60.0737
60.0737
60.0737
60.0737
60.0737
60.0737
60.0737
60.0737
60.0737
60.0737
60.0737
60.063
60.0499
60.0139
59.9428
61.5473
62.0989
64.0514
64.2381
61.6702
59.9485
58.1749
57.7461
57.6621
57.5716
57.4975
57.4504
57.4504
57.4504
57.4504
57.4488
57.4448
57.4273
57.367
57.2502
57.1565
57.138
57.138
57.1376
57.1372
57.1329
57.1261
57.098
57.0306
57.1077
57.0763
56.7591
56.7417
56.7417
56.7417
56.7417
56.7417
56.7417
56.7414
56.7404
56.7341
56.706
56.6123
56.4569
56.2921
56.0922
55.9828
55.9363
55.9363
55.9363
55.9363
55.9363
55.9363
55.9363
55.9363
55.9363
55.9362
55.9355
55.931
55.9151
55.8831
55.8632
55.8528
55.8245
55.8084
55.8074
55.8074
55.8074
55.8074
55.8074
55.8074
55.8074
55.8074
55.8074
55.8074
55.8074
55.8074
55.8074
55.8074
55.8074
55.8074
55.8074
55.8074
55.8074
55.8074
55.8074
55.8074
55.8074
55.8074
55.8074
55.8074
55.8074
55.8074
55.8074
55.8074
55.8074
55.8074
55.8074
55.8074
55.8074
55.8074
55.8074
55.8074
55.8074
55.8074
55.8074
55.8074
55.8074
55.8074
55.8074
55.8074
55.8074
55.8074
55.8074
55.8074
55.8074
55.8074
55.8074
55.8074
55.8074
55.8074
55.8074
55.8074
55.8074
55.8074
55.8074
55.8074
55.8074
55.8074
55.8074
55.8074
55.8074
55.8074
55.8074
55.8074
55.8074
55.8074
55.8074
55.8074
55.8074
55.8074
55.8074
55.8074
55.8074
55.8074
55.8074
55.8074
55.8074
55.8074
55.8074
55.8074
55.8074
55.8074
55.8074
55.8074
55.8074
55.8074
55.8074
55.8074
55.8074
55.8074
55.8074
55.8074
55.8074
55.8074
55.8074
55.8074
55.8074
55.8074
55.8074
55.8074
55.8074
55.8074
55.8074
55.8074
55.8074
55.8074
55.8074
55.8074
55.8074
55.8074
55.8074
55.8074
55.8074
55.8074
55.8074
55.8074
55.8074
55.8074
55.8074
55.8074
55.8074
55.8074
55.8074
55.8074
55.8074
55.7995
55.7709
55.6548
55.394
55.0676
54.8289
54.6374
54.5176
54.443
54.4199
54.4199
54.4199
54.4199
54.4199
54.4199
54.4199
54.4199
54.4199
54.4199
54.4199
54.4199
54.4199
54.4199
54.4199
54.4199
54.4199
54.4199
54.4199
54.4199
54.4199
54.4199
54.4199
54.4199
54.4199
54.4199
54.4199
54.4199
54.4199
54.4199
54.4199
54.4199
54.4199
54.4199
54.4199
54.4199
54.4199
54.4199
54.4199
54.4199
54.4199
54.4199
54.4199
54.4199
54.4199
54.4199
54.4199
54.4199
54.4199
54.4199
54.4199
54.4199
54.4199
54.4199
54.4199
54.4199
54.4199
54.4199
54.4199
54.4199
54.4199
54.4199
54.4199
54.4199
54.4199
54.4199
54.4199
54.4199
54.4199
54.4199
54.4199
54.4199
54.4199
54.4199
54.4199
54.4199
54.4199
54.4199
54.4199
54.4199
54.4199
54.4199
54.4199
54.4199
54.4199
54.4199
54.4199
54.4199
54.4199
54.4199
54.4199
54.4199
54.4199
54.4199
54.4199
54.4199
54.4199
54.4199
54.4199
54.4199
54.4199
54.4199
54.4199
54.4199
54.4199
54.4199
54.4199
54.4199
54.4199
54.4199
54.4199
54.4199
54.4199
54.4199
54.4199
54.4199
54.4199
54.4199
54.4199
54.4199
54.4199
54.4199
54.4199
54.4199
54.4199
54.4199
54.4199
54.4199
54.4199
54.4199
54.4199
54.4199
54.4199
54.4199
54.4199
54.4199
54.4199
54.4199
54.4199
54.4199
54.4199
54.4199
54.4199
54.4199
54.4199
54.4199
54.4199
54.4199
54.4199
54.4199
54.4199
54.4199
54.4199
54.4199
54.4199
54.4199
54.4199
54.4199
54.4199
54.4199
54.4199
54.4199
54.4199
54.4199
54.4199
54.4199
54.4199
54.4199
54.4199
54.4199
54.4199
54.4199
54.4199
54.4199
54.4199
54.4199
54.4199
54.4199
54.4199
54.4199
54.4199
54.4199
54.4199
54.4199
54.4199
54.4199
54.4199
54.4199
54.4199
54.4199
54.4199
54.4199
