2731.46
2551.12
2375.74
2225.72
2079.7
1989.05
1919.61
1875.06
1831.21
1787.7
1751.19
1719.79
1681.18
1627.79
1577.46
1545.35
1498.17
1459.19
1425.05
1393.86
1365.59
1331.58
1291.74
1257.2
1229.43
1210.14
1185.66
1163.71
1146.84
1123.85
1098.37
1072.98
1053.78
1030.3
1006.13
986.158
970.166
950.884
935.82
914.564
886.856
857.51
828.114
800.818
776.834
750.442
726.032
706.661
691.64
679.007
667.651
657.494
649.252
642.327
636.679
628.256
620.201
610.248
601.268
592.811
583.939
577.411
572.312
567.375
562.538
556.157
548.204
540.117
530.023
520.791
513.944
506.384
496.762
484.512
474.841
465.955
458.447
452.744
448.488
443.499
439.317
434.989
431.161
428.501
422.566
418.459
412.184
401.984
394.559
389.026
383.085
375.475
367.817
362.638
357.165
352.752
348.467
345.251
340.679
337.055
332.419
327.481
323.017
320.196
316.84
313.279
310.125
306.238
302.791
299.568
297.095
294.462
292.033
290.005
288.158
286.628
284.099
281.489
279.338
278.105
276.707
274.562
272.465
270.442
269.218
267.276
264.691
261.073
256.95
253.838
250.906
248.226
245.539
242.482
240.436
238.269
237.144
235.607
234.451
232.303
229.104
226.562
223.479
221.053
218.964
217.464
215.503
214.169
213.672
213.27
212.6
211.36
209.853
209.215
208.606
207.759
207.147
206.546
205.722
204.231
202.563
200.982
200.133
199.001
197.214
193.312
189.01
187.505
186.706
186.014
185.537
185.247
184.726
183.905
182.781
181.34
179.226
177.09
174.934
173.094
171.465
170.657
170.254
169.78
169.496
169.183
169.022
168.592
167.676
166.607
165.024
164.209
163.494
161.701
157.146
153.833
152.348
151.564
150.822
150.348
149.567
148.508
148.519
148.191
149.2
156.772
168.57
169.184
169.489
167.378
163.232
161.221
159.22
151.97
145.225
139.38
138.416
138.448
138.232
137.959
137.64
139.118
139.627
139.091
139.011
137.148
136.467
136.785
136.117
135.467
135.151
134.391
133.858
133.598
132.994
132.158
131.382
130.464
129.671
128.775
128.105
127.955
127.89
127.837
127.786
127.82
128.983
127.909
126.133
124.845
123.898
124.243
125.759
125.368
123.072
122.763
122.199
124.809
121.276
120.636
120.85
121.971
122.782
123.512
123.223
123.219
123.921
121.848
120.682
119.342
117.966
117.463
117.145
116.954
116.614
115.711
114.511
113.77
113.207
112.795
112.774
112.211
111.444
110.885
109.954
108.763
107.579
106.751
105.643
104.689
103.976
103.096
102.247
101.829
101.508
101.24
100.968
100.578
100.131
99.8594
99.6742
98.9563
97.784
96.3628
94.8555
93.9283
93.4356
93.4134
93.7663
94.0739
95.7799
96.1335
100.463
95.42
90.3784
86.9316
86.1678
85.9278
85.7315
85.2864
84.6425
84.2443
83.9394
83.6421
83.13
82.6607
82.359
82.1356
82.0286
81.9955
81.9211
81.7579
81.4911
81.2345
81.1266
80.9651
80.8032
80.5524
80.3388
80.1441
80.032
80.0463
80.4576
84.2616
90.546
94.2921
99.5021
100.917
102.218
99.6608
101.41
94.1003
92.206
84.8579
80.5985
79.2187
78.4054
77.8462
77.6113
77.346
77.1835
77.2035
77.1936
78.0342
78.7547
79.9503
84.2835
88.1493
88.2214
91.5656
102.309
105.182
110.325
113.365
110.392
100.556
91.6534
83.5867
79.5696
77.1814
77.1765
77.1748
77.1677
77.1422
77.1009
77.0591
77.021
76.9153
76.7679
76.696
76.6838
76.6816
76.6728
76.64
76.573
76.5258
76.4907
76.446
76.3431
76.1012
75.8497
75.5217
75.2388
74.7209
73.6168
72.5679
71.5238
70.1787
69.1879
68.5774
67.7129
67.0476
66.9486
66.8996
66.8012
66.6804
66.5792
66.4794
66.3916
66.3162
66.1575
65.9994
65.8982
65.8644
65.8559
65.8559
65.855
65.8547
65.8529
65.8445
65.8178
65.7331
65.5856
65.4334
65.3049
65.2372
65.1888
65.1522
65.136
65.1328
65.1075
65.0351
64.9726
64.9622
64.9622
64.9622
64.9622
64.9622
64.9622
64.9622
64.9622
64.9622
64.9622
64.9622
64.9622
64.9622
64.9622
64.9612
64.9408
64.8473
64.6245
64.3955
64.146
63.7084
63.5327
63.5112
63.4789
63.4407
63.4181
63.4181
63.4181
63.4181
63.4181
63.4181
63.4173
63.4116
63.3819
63.2613
63.0911
63.0374
63.0374
63.0374
63.0374
63.0374
63.0374
63.0374
63.0374
63.0374
63.0374
63.0374
63.0374
63.0374
63.0374
63.0374
63.037
63.0346
63.0192
62.9522
62.7725
62.648
62.637
62.6214
62.5868
62.5132
62.3846
62.5324
62.3079
62.3279
61.6101
61.0054
60.7589
60.6191
60.6103
60.6103
60.6103
60.6103
60.6103
60.6103
60.6095
60.6062
60.5932
60.5419
60.4396
60.3659
60.3591
60.3591
60.359
60.3589
60.3581
60.353
60.3359
60.3182
60.3087
60.3073
60.3067
60.3044
60.2928
60.2635
60.2394
60.237
60.2368
60.2338
60.221
60.1849
60.1589
60.1412
60.1412
60.1412
60.1345
60.1105
60.0474
60.2065
60.1299
59.4498
59.4424
59.3121
59.3176
60.5386
61.2396
64.4431
66.3827
71.2001
77.1408
82.9748
89.929
91.3552
81.519
72.7304
64.5777
59.8655
59.3121
59.3121
59.3119
59.3114
59.3089
59.2971
59.2571
59.1421
58.9578
58.8291
58.8291
58.8291
58.8291
58.8291
58.8291
58.8291
58.8291
58.8291
58.8291
58.8291
58.8291
58.8291
58.8291
58.8291
58.8291
58.8291
58.8291
58.8291
58.8291
58.8274
58.8269
58.8846
64.8328
75.0912
76.6286
82.3728
85.1569
90.3208
92.8322
92.0479
89.2071
80.9556
69.0844
63.1148
60.7918
58.7906
57.8125
57.7024
57.7024
57.7024
57.7024
57.7024
57.7024
57.7024
57.7023
57.7022
57.7018
57.7003
57.8333
57.7286
57.6889
57.6887
57.6887
57.6887
57.6887
57.6887
57.6887
57.6887
57.6887
57.6887
57.6885
57.6882
57.6871
57.6818
57.6697
57.652
57.6601
57.619
57.4568
57.4513
57.4513
57.4513
57.4513
57.4513
57.4513
57.4513
57.4513
57.4513
57.4513
57.4513
57.4513
57.4513
57.4513
57.4513
57.4513
57.4513
57.4513
57.4513
57.4513
57.4513
57.4513
57.4513
57.4513
57.4513
57.4513
57.4513
57.4513
57.4513
57.4513
57.4512
57.4476
57.4342
57.3936
57.3508
57.3382
57.3382
57.3382
57.3382
57.3382
57.3382
57.3382
57.3382
57.3382
57.3382
57.3382
57.3382
57.3382
57.3382
57.3382
57.3322
57.307
57.2141
56.9788
56.5536
56.2033
56.0068
55.8284
55.6687
55.5073
55.3944
55.3532
55.2747
55.1132
55.0002
54.989
54.989
54.989
54.989
54.989
54.989
54.989
54.989
54.989
54.989
54.989
54.989
54.989
54.989
54.989
54.989
54.989
54.989
54.989
54.989
54.989
54.989
54.989
54.989
54.989
54.989
54.989
54.989
54.989
54.989
54.989
54.989
54.989
54.989
54.989
54.989
54.989
54.989
54.989
54.989
54.989
54.989
54.989
54.989
54.989
54.989
54.989
54.989
54.9881
54.9842
54.9655
54.9274
54.9027
54.8865
54.8865
54.8865
54.8865
54.8865
54.8865
54.8865
54.8865
54.8865
54.8865
54.8865
54.8865
54.8865
54.8865
54.8865
54.8865
54.8865
54.8865
54.8865
54.8865
54.8865
54.8865
54.8865
54.8865
54.8865
54.8865
54.8865
54.8865
54.8865
54.8865
54.8865
54.8865
54.8861
54.8832
54.8611
54.7687
54.5921
54.4285
54.4199
54.4199
54.4199
54.4199
54.4199
54.4199
54.4199
54.4199
54.4199
54.4199
54.4199
54.4199
54.4199
54.4199
54.4199
54.4199
54.4199
54.4199
54.4199
54.4199
54.4199
54.4199
54.4199
54.4199
54.4199
54.4199
54.4199
54.4199
54.4199
54.4199
54.4199
54.4199
54.4199
54.4199
54.4199
54.4199
54.4199
54.4199
54.4199
54.4199
54.4199
54.4199
54.4199
54.4199
54.4199
54.4199
54.4199
54.4199
54.4199
54.4199
54.4199
54.4199
54.4199
54.4199
54.4199
54.4199
54.4199
54.4199
54.4199
54.4199
54.4199
54.4199
54.4199
54.4199
54.4199
54.4199
54.4199
54.4199
54.4199
54.4199
54.4199
54.4199
54.4199
54.4199
54.4199
54.4199
54.4199
54.4199
54.4199
54.4199
54.4199
54.4199
54.4199
54.4199
54.4199
54.4199
54.4199
54.4199
54.4199
54.4199
54.4199
54.4199
54.4199
54.4199
54.4199
54.4199
54.4199
54.4199
54.4199
54.4199
54.4199
54.4199
54.4199
54.4199
54.4199
54.4199
54.4199
54.4199
54.4199
54.4199
54.4199
54.4199
54.4199
54.4199
54.4199
54.4199
54.4199
54.4199
54.4199
54.4199
54.4199
54.4199
54.4199
54.4199
54.4199
54.4199
54.4199
54.4199
54.4199
54.4199
54.4199
54.4199
54.4199
54.4199
54.4199
54.4199
54.4199
54.4199
54.4199
54.4199
54.4199
54.4199
54.4199
54.4199
54.4199
54.4199
54.4199
54.4199
54.4199
54.4199
54.4199
54.4199
54.4199
54.4199
54.4199
54.4199
54.4199
54.4199
54.4199
54.4199
54.4199
54.4199
54.4199
54.4199
54.4199
54.4199
54.4199
54.4199
54.4199
54.4199
54.4199
54.4199
54.4199
54.4199
54.4199
54.4199
54.4199
54.4199
54.4199
54.4199
54.4199
54.4199
54.4199
54.4199
54.4199
54.4199
54.4199
54.4199
54.4199
54.4199
54.4199
54.4199
54.4199
54.4199
54.4199
