2739.78
2572.19
2437.48
2314.25
2219.11
2121.15
2032.32
1952.55
1869.66
1797.55
1746.16
1689.13
1625.96
1581.97
1535.86
1483.23
1446.87
1415.94
1391.22
1363.7
1337.94
1309.39
1290.38
1251.31
1218.06
1188.98
1158.14
1128.37
1104.86
1080.9
1056.21
1031.69
1015.35
996.396
979.357
964.197
947.423
932.321
913.486
893.048
872.463
858.336
842.91
825.119
813.862
803.05
788.73
779.381
768.308
757.655
748.002
739.362
730.57
722.884
716.748
708.505
700.903
691.432
676.296
656.48
643.006
631.052
620.432
607.896
599.028
591.832
582.941
573.987
563.755
554.621
545.85
533.709
520.046
507.504
498.22
490.09
484.401
479.768
475.762
472.021
470.728
470.103
468.102
465.823
463.285
459.471
455.95
449.292
440.732
432.096
424.473
419.795
414.386
409.028
403.207
398.043
391.89
389.292
385.181
379.225
377.197
376.26
377.667
380.917
383.22
389.284
404.875
397.705
387.277
373.586
350.971
333.197
328.335
321.19
318.164
317.366
316.357
314.478
312.88
312.108
310.252
307.934
302.879
297.784
293.34
289.811
287.554
283.692
279.215
276.346
273.804
271.553
269.309
267.121
265.917
264.803
263.327
261.566
260.348
258.895
257.552
255.839
254.734
254.048
253.491
252.246
250.151
246.538
242.234
239.74
238.524
238.184
235.874
234.438
231.885
229.032
225.527
223.05
221.815
220.679
218.32
216.425
214.566
213.013
211.981
211.207
210.654
209.846
209.097
208.424
207.591
206.737
205.327
204.139
203.399
202.949
202.326
201.571
200.486
198.806
197.408
196.337
195.162
193.685
192.077
191.091
190.134
189.437
188.777
188.295
187.594
185.988
184.489
183.137
183.248
182.6
181.849
181.881
181.376
180.854
180.912
180.525
180.034
174.543
171.98
166.767
163.992
156.439
150.711
147.572
143.556
141.08
137.641
134.736
130.017
127.378
125.462
124.491
124.387
124.346
124.278
124.178
124.032
123.801
123.979
123.703
123.536
123.1
121.241
120.359
119.317
118.495
118.037
117.4
116.873
116.683
116.389
116.035
115.584
115.09
114.678
114.179
113.538
112.863
112.486
112.236
112.084
111.915
111.922
112.247
112.188
112.932
112.972
114.213
113.069
113.09
110.941
109.844
108.749
108.193
107.973
107.78
107.563
107.438
107.36
107.17
106.617
105.987
105.468
105.247
104.949
104.683
104.412
104.113
103.713
103.461
103.117
102.961
102.83
102.707
102.6
102.361
102.042
101.862
101.73
101.469
101.056
100.81
100.519
100.345
100.167
99.808
99.27
99.0206
98.9806
98.8519
98.7139
98.4616
97.9232
97.1158
96.4452
96.1808
95.9112
96.0631
95.6599
100.252
99.5568
96.6678
90.8866
88.1855
87.2726
87.2078
87.1412
87.048
86.9335
86.8046
86.6993
86.6958
86.6943
86.7319
86.6838
86.6128
86.6756
87.1577
85.7691
85.3415
85.2402
85.2402
85.2402
85.2396
85.238
85.2329
85.2174
85.1527
84.9702
84.6764
84.0369
83.3282
82.8193
82.7548
82.6973
82.5661
82.2933
82.1268
82.0551
82.0546
82.0533
82.0462
82.0249
81.9843
83.034
85.8192
83.0851
83.5861
82.542
81.9221
81.9084
81.8968
81.8939
81.8808
81.8451
81.7447
81.6113
81.4307
81.2071
81.0255
80.9999
80.9798
80.8972
80.8376
80.7405
80.3122
79.7853
79.5599
79.3875
79.2798
79.0224
78.8473
78.8473
78.9104
79.4341
86.0513
93.1168
99.945
98.9897
94.8187
94.2334
90.2848
82.8594
79.1708
78.0647
78.0558
78.0259
77.965
77.8178
77.6837
77.5911
77.5732
77.5728
77.5299
77.5331
82.5036
88.1172
94.5946
101.825
104.401
104.472
101.442
90.4526
81.4908
73.845
70.8361
70.7829
70.2971
70.0336
69.5334
69.0643
68.7893
68.7264
68.6766
68.6017
68.4941
68.4332
68.4233
68.4096
68.3522
68.2621
68.1991
68.1991
68.1991
68.1991
68.1991
68.1991
68.198
68.1899
68.1547
68.0288
67.6945
67.4087
67.3414
67.2434
66.9322
66.5801
66.2135
65.8836
65.4608
65.051
64.7589
64.3821
63.9498
63.7495
63.7416
63.7254
63.6499
63.5161
63.4556
63.4555
63.4547
63.4514
63.4423
63.4229
63.4136
63.4122
63.4122
63.4122
63.412
63.411
63.407
63.3949
63.3654
63.322
63.2894
63.2833
63.2833
63.2833
63.2831
63.2825
63.2799
63.2706
63.26
63.2392
63.196
63.1317
62.9655
62.8136
62.7082
62.6966
62.6938
62.6865
62.6451
62.5156
62.3483
62.1353
61.9558
61.8513
61.8455
61.8455
61.8455
61.8455
61.8452
61.8452
61.8434
61.8415
61.8322
61.8131
61.8925
61.76
61.4277
61.0936
60.9133
60.8482
60.8362
60.8362
60.8362
60.8361
60.8361
60.836
60.8334
60.8243
60.7749
60.6636
60.5319
60.7834
60.9742
61.6167
60.7842
60.7125
60.0048
59.8635
59.6733
59.5527
59.4862
59.4862
59.4862
59.537
60.7995
62.6408
60.8338
62.8648
63.7106
65.2556
69.3
74.0293
76.1612
84.8162
89.9531
86.4953
72.5658
65.375
61.0698
59.4862
59.4862
59.4862
59.4862
59.4862
59.4862
59.4862
59.4862
59.4862
59.4862
59.4862
59.4862
59.4862
59.4862
59.4862
59.4862
59.4862
59.4862
59.4862
59.4862
59.4862
59.4862
59.4862
59.4861
59.4849
59.4802
59.4631
59.4434
59.4283
59.4283
59.4283
59.4283
59.4283
59.4283
59.4283
59.4283
59.4283
59.4283
59.4283
59.4283
59.4283
59.4283
59.4283
59.4283
59.4283
59.4283
59.4283
59.4283
59.4283
59.4229
59.49
61.2675
63.0356
64.5161
66.9937
68.3801
71.1992
77.7917
83.7389
91.8104
91.3843
83.2204
72.6499
61.8426
58.186
57.7324
57.7024
57.7024
57.7024
57.7024
57.7024
57.7024
57.7024
57.7024
57.7024
57.7024
57.7024
57.7024
57.7024
57.7023
57.7021
57.7015
57.6996
57.7107
57.6918
57.69
57.69
57.69
57.69
57.69
57.69
57.69
57.69
57.69
57.69
57.69
57.69
57.69
57.69
57.69
57.69
57.69
57.69
57.69
57.69
57.69
57.69
57.69
57.69
57.69
57.69
57.69
57.69
57.69
57.69
57.69
57.69
57.69
57.69
57.69
57.69
57.69
57.69
57.69
57.69
57.6899
57.6894
57.6867
57.6754
57.6398
57.5989
57.5876
57.5876
57.5876
57.5876
57.5876
57.5876
57.5876
57.5876
57.5876
57.5876
57.5876
57.5876
57.5876
57.5876
57.5876
57.5876
57.5876
57.5876
57.5792
57.5696
57.5382
57.4573
57.5574
57.4377
57.1252
56.5904
55.9419
55.5429
55.2639
55.1214
55.0098
54.989
54.989
54.989
54.989
54.989
54.989
54.989
54.989
54.989
54.989
54.989
54.989
54.989
54.989
54.989
54.989
54.989
54.989
54.989
54.989
54.989
54.989
54.989
54.989
54.989
54.989
54.989
54.989
54.989
54.989
54.989
54.9889
54.9887
54.9877
54.9848
54.9737
54.9375
54.8989
54.8865
54.8865
54.8865
54.8865
54.8865
54.8865
54.8865
54.8865
54.8865
54.8865
54.8865
54.8865
54.8865
54.8865
54.8865
54.8865
54.8865
54.8865
54.8865
54.8865
54.8865
54.8865
54.8865
54.8865
54.8865
54.8865
54.8865
54.8865
54.8865
54.8865
54.8865
54.8865
54.8865
54.8865
54.8865
54.8865
54.8865
54.8865
54.8865
54.8865
54.8865
54.8865
54.8865
54.8865
54.8865
54.8865
54.8865
54.8865
54.8865
54.8861
54.8861
54.882
54.8662
54.8001
54.6316
54.4522
54.4199
54.4199
54.4199
54.4199
54.4199
54.4199
54.4199
54.4199
54.4199
54.4199
54.4199
54.4199
54.4199
54.4199
54.4199
54.4199
54.4199
54.4199
54.4199
54.4199
54.4199
54.4199
54.4199
54.4199
54.4199
54.4199
54.4199
54.4199
54.4199
54.4199
54.4199
54.4199
54.4199
54.4199
54.4199
54.4199
54.4199
54.4199
54.4199
54.4199
54.4199
54.4199
54.4199
54.4199
54.4199
54.4199
54.4199
54.4199
54.4199
54.4199
54.4199
54.4199
54.4199
54.4199
54.4199
54.4199
54.4199
54.4199
54.4199
54.4199
54.4199
54.4199
54.4199
54.4199
54.4199
54.4199
54.4199
54.4199
54.4199
54.4199
54.4199
54.4199
54.4199
54.4199
54.4199
54.4199
54.4199
54.4199
54.4199
54.4199
54.4199
54.4199
54.4199
54.4199
54.4199
54.4199
54.4199
54.4199
54.4199
54.4199
54.4199
54.4199
54.4199
54.4199
54.4199
54.4199
54.4199
54.4199
54.4199
54.4199
54.4199
54.4199
54.4199
54.4199
54.4199
54.4199
54.4199
54.4199
54.4199
54.4199
54.4199
54.4199
54.4199
54.4199
54.4199
54.4199
54.4199
54.4199
54.4199
54.4199
54.4199
54.4199
54.4199
54.4199
54.4199
54.4199
54.4199
54.4199
54.4199
54.4199
54.4199
54.4199
54.4199
54.4199
54.4199
54.4199
54.4199
54.4199
54.4199
54.4199
54.4199
54.4199
54.4199
54.4199
54.4199
54.4199
54.4199
54.4199
54.4199
54.4199
54.4199
54.4199
54.4199
54.4199
54.4199
54.4199
54.4199
54.4199
54.4199
54.4199
54.4199
54.4199
54.4199
54.4199
54.4199
54.4199
54.4199
54.4199
54.4199
54.4199
54.4199
54.4199
54.4199
54.4199
54.4199
54.4199
54.4199
54.4199
54.4199
54.4199
54.4199
54.4199
54.4199
54.4199
54.4199
54.4199
54.4199
54.4199
54.4199
54.4199
54.4199
54.4199
54.4199
54.4199
