2761.82
2609.04
2459.94
2306.88
2215.31
2121.41
2016.05
1920.42
1817.39
1727.62
1644.07
1573.36
1516.87
1473.78
1437.32
1398.13
1367.04
1334.59
1293.95
1268.36
1237.73
1203.23
1172.19
1150.49
1131.32
1103.82
1081
1053.98
1039.67
1015.18
1004.11
991.235
987.35
972.125
962.081
949.277
934.486
914.596
895.794
876.82
859.211
846.424
830.487
806.195
787.808
768.759
750.72
735.298
723.388
712.047
701.589
688.247
672.499
653.493
637.215
620.593
609.024
600.899
594.239
587.488
581.667
577.656
572.969
566.542
559.272
550.6
540.201
530.173
523.488
516.47
508.828
501.639
493.535
488.695
484.203
480.645
477.859
474.827
471.313
467.879
464.216
460.522
456.085
452.313
445.371
438.089
433.77
429.474
423.066
415.227
406.921
398.418
390.338
383.751
378.265
375.064
370.383
366.333
362.051
358.668
357.281
356.961
360.907
360.009
364.973
360.356
355.788
358.402
351.621
345.724
338.325
326.405
314.368
306.076
299.588
294.625
292.711
290.184
287.059
284.179
281.446
279.943
278.454
276.971
275.376
272.531
269.425
265.585
263.098
260.701
256.902
251.935
248.061
241.496
238.38
235.208
235.132
230.454
230.715
228.413
227.33
227.145
226.956
226.957
226.811
225.781
226.29
225.107
226.21
224.714
223.602
223.281
222.41
219.334
216.309
211.332
209.371
206.964
203.809
201.59
199.212
197.336
195.426
193.791
191.628
189.051
186.863
184.377
182.238
180.67
179.92
179.605
178.872
178.237
177.878
177.599
177.483
177.225
176.838
176.361
175.825
174.637
173.837
173.048
172.443
171.877
171.602
171.323
170.819
170.291
169.911
169.207
168.369
166.969
165.532
164.774
164.327
163.963
163.365
162.438
161.469
160.631
159.462
158.586
159.915
162.249
166.501
168.849
172.534
166.843
155.615
150.122
144.439
142.17
137.523
133.814
131.75
129.729
129.057
128.72
128.556
128.109
127.213
126.374
125.557
125.357
124.815
124.595
124.89
125.011
126.97
129.143
126.768
127.004
125.637
125.149
122.371
121.454
121.147
121.136
121.1
120.98
120.714
120.362
120.056
119.649
119.164
118.803
118.8
118.792
118.773
118.695
118.518
118.186
117.886
117.559
117.222
116.989
116.643
116.35
116.038
115.839
115.687
115.404
115.132
114.979
114.722
114.418
114.1
115.064
118.158
117.665
113.144
111.047
108.782
107.733
105.873
104.013
102.71
101.284
99.2634
98.0936
97.1712
96.8741
96.5867
96.3856
96.2959
96.1748
95.955
95.6777
95.3246
95.0359
94.6933
94.1107
93.2053
92.4988
91.9102
91.2688
91.0365
90.9908
90.9744
90.9248
90.8145
90.6639
90.5615
90.457
90.3558
90.2497
90.1663
90.0572
89.828
89.3286
88.6973
88.0108
87.5657
87.4612
87.4468
87.4468
87.4468
87.4468
88.0326
88.9994
92.9212
95.1102
96.3654
96.3339
96.6842
91.2245
88.6725
87.9298
87.2977
86.1284
85.9696
85.2246
84.5859
84.2307
83.7021
83.5459
83.4556
83.439
83.4289
83.3688
83.1953
83.005
82.8108
82.6361
82.5098
82.4038
82.2654
82.0714
81.8467
81.4975
80.8606
80.1358
79.6272
79.5958
79.5957
79.5934
79.5774
79.4993
79.2884
79.0003
78.9533
78.9268
78.7943
78.4365
77.8916
77.447
77.1878
77.1886
77.193
77.3233
77.2616
77.5352
84.2728
81.9032
77.4922
76.9707
76.8345
76.8021
77.6995
80.5317
81.1817
77.676
76.6949
76.493
76.3979
76.0963
76.0388
75.7477
75.2674
75.0345
74.7494
74.7175
74.7108
74.7038
74.6786
74.6254
74.5532
74.4942
74.4662
76.4448
83.6228
89.7782
93.0981
102.929
100.779
103.423
98.6359
93.2791
90.2935
80.7472
73.9871
70.1682
69.2618
68.6517
68.0755
67.6926
67.4271
67.3009
67.2709
67.2674
67.2587
67.2309
67.1563
67.0587
66.9737
66.8947
66.7725
66.6034
66.3703
66.1587
65.9267
65.6694
65.3105
65.0712
65.0085
64.9943
64.9721
64.9542
64.9452
64.9447
64.9438
64.941
64.9284
64.8802
64.7451
64.5966
64.499
64.4964
64.4964
64.4962
64.4957
64.4939
64.4854
64.4613
64.4149
64.3699
64.3375
64.3112
64.2832
64.274
64.2437
64.1229
63.7977
63.3836
63.2447
63.2187
63.1742
63.093
63.0295
63.0295
63.0294
63.0281
63.0174
62.9888
62.8889
62.6493
62.339
62.1695
62.1619
62.1575
62.1474
62.1304
62.1199
62.1151
62.0979
62.0482
61.925
61.7774
61.8146
62.1569
62.6872
63.8398
72.4116
80.448
88.7133
95.2998
91.061
89.4051
78.0582
71.7791
64.8184
62.372
61.5365
61.5365
61.5365
61.5365
61.5365
61.5362
61.5356
61.5293
61.4814
61.358
61.2384
61.2217
61.2217
61.2217
61.2217
61.2217
61.2215
61.2205
61.2185
61.2107
61.1906
61.2
61.131
61.1158
61.1077
61.0806
61.2267
61.1287
61.2437
61.0784
61.8194
61.2127
61.3741
60.9785
60.8568
60.8049
60.7284
60.6933
60.6909
60.6905
60.6879
60.6767
60.6504
60.6393
60.6678
60.692
62.1857
66.1327
78.5783
84.02
86.777
83.9431
77.9213
69.7858
67.4398
62.1648
60.6409
60.6359
60.631
60.6217
60.5922
60.4883
60.324
60.2452
60.245
60.2445
60.2422
60.2349
60.2167
60.2012
60.1882
60.1882
60.1882
60.1882
60.1882
60.1882
60.1882
60.1882
60.1882
60.1882
60.1882
60.1882
60.1882
60.1882
60.1882
60.1882
60.1882
60.1882
60.1882
60.1882
60.1882
60.1882
60.1882
60.1882
60.1882
60.1764
60.1711
61.3667
63.4296
72.4254
77.9587
83.0127
88.4867
100.067
97.4487
89.4961
77.6879
70.172
64.6894
61.0063
58.9186
57.8042
57.7024
57.7024
57.7024
57.7024
57.7024
57.7024
57.7024
57.7024
57.7024
57.7024
57.702
57.7016
57.6966
57.6743
57.6143
57.4877
57.3557
57.3136
57.2977
57.2977
57.2977
57.2977
57.2977
57.2977
57.2977
57.2977
57.2977
57.2977
57.2977
57.2977
57.2977
57.2977
57.2977
57.2977
57.2975
57.2954
57.2884
57.2472
57.1238
57.0465
57.0465
57.0465
57.109
57.128
58.6345
63.6628
70.3648
82.2583
88.1317
85.6855
74.5237
65.75
57.9033
57.0465
57.0465
57.0465
57.0465
57.0465
57.0465
57.0465
57.0465
57.0465
57.0465
57.0465
57.0465
57.0465
57.0465
57.0465
57.0465
57.0464
57.0463
57.0452
57.042
57.028
57.0015
56.9836
56.9761
56.9761
56.9761
56.9761
56.9761
56.9761
56.9761
56.9727
56.9727
57.104
63.7746
72.7903
82.5482
88.9848
95.3128
95.4161
86.5177
71.411
64.8944
58.4586
57.8956
56.2471
56.2181
55.2305
55.069
54.989
54.989
54.989
54.989
54.989
54.989
54.989
54.989
54.989
54.989
54.989
54.989
54.989
54.989
54.989
54.989
54.989
54.989
54.989
54.989
54.989
54.989
54.989
54.989
54.989
54.989
54.989
54.989
54.989
54.989
54.989
54.989
54.989
54.989
54.989
54.989
54.989
54.989
54.989
54.989
54.989
54.989
54.989
54.989
54.989
54.989
54.989
54.989
54.989
54.989
54.989
54.989
54.989
54.989
54.989
54.989
54.989
54.989
54.989
54.989
54.989
54.989
54.989
54.989
54.989
54.989
54.989
54.989
54.989
54.989
54.989
54.989
54.989
54.989
54.989
54.989
54.989
54.989
54.989
54.989
54.989
54.989
54.9882
54.9862
54.9756
54.929
54.815
54.6093
54.4692
54.4423
54.4199
54.4199
54.4199
54.4199
54.4199
54.4199
54.4199
54.4199
54.4199
54.4199
54.4199
54.4199
54.4199
54.4199
54.4199
54.4199
54.4199
54.4199
54.4199
54.4199
54.4199
54.4199
54.4199
54.4199
54.4199
54.4199
54.4199
54.4199
54.4199
54.4199
54.4199
54.4199
54.4199
54.4199
54.4199
54.4199
54.4199
54.4199
54.4199
54.4199
54.4199
54.4199
54.4199
54.4199
54.4199
54.4199
54.4199
54.4199
54.4199
54.4199
54.4199
54.4199
54.4199
54.4199
54.4199
54.4199
54.4199
54.4199
54.4199
54.4199
54.4199
54.4199
54.4199
54.4199
54.4199
54.4199
54.4199
54.4199
54.4199
54.4199
54.4199
54.4199
54.4199
54.4199
54.4199
54.4199
54.4199
54.4199
54.4199
54.4199
54.4199
54.4199
54.4199
54.4199
54.4199
54.4199
54.4199
54.4199
54.4199
54.4199
54.4199
54.4199
54.4199
54.4199
54.4199
54.4199
54.4199
54.4199
54.4199
54.4199
54.4199
54.4199
54.4199
54.4199
54.4199
54.4199
54.4199
54.4199
54.4199
54.4199
54.4199
54.4199
54.4199
54.4199
54.4199
54.4199
54.4199
54.4199
54.4199
54.4199
54.4199
54.4199
54.4199
54.4199
54.4199
54.4199
54.4199
54.4199
54.4199
54.4199
54.4199
54.4199
54.4199
54.4199
54.4199
54.4199
54.4199
54.4199
54.4199
54.4199
54.4199
54.4199
54.4199
54.4199
54.4199
54.4199
54.4199
54.4199
54.4199
54.4199
54.4199
54.4199
54.4199
54.4199
54.4199
54.4199
54.4199
54.4199
54.4199
54.4199
54.4199
54.4199
54.4199
54.4199
54.4199
54.4199
54.4199
54.4199
54.4199
54.4199
54.4199
54.4199
54.4199
54.4199
54.4199
54.4199
54.4199
54.4199
54.4199
54.4199
54.4199
54.4199
54.4199
54.4199
54.4199
54.4199
54.4199
54.4199
54.4199
54.4199
54.4199
54.4199
54.4199
