2775.67
2637.74
2511.63
2405.51
2325.53
2226.41
2123.9
2047.54
1975.83
1929.48
1883.75
1834.13
1795.86
1752.22
1707.36
1665.39
1631.33
1598.74
1550.14
1527.26
1489.97
1454.84
1416.74
1370.92
1353.88
1326.3
1304.74
1288.74
1256.51
1232.19
1199.83
1177.05
1149.66
1125.04
1092.59
1064.83
1035.52
1016.61
999.044
973.533
955.366
926.686
896.84
868.283
838.18
811.827
786.605
769.863
759.678
754.046
747.399
740.017
740.219
729.917
716.098
702.342
681.833
663.944
650.181
638.365
629.826
618.63
610.825
601.066
592.821
581.723
572.187
561.885
553.534
545.363
536.404
524.199
514.351
506.954
497.211
486.614
475.744
463.8
455.188
448.785
441.022
433.894
428.083
422.739
417.823
412.561
407.312
400.416
394.455
388.883
383.981
380.22
376.754
374.23
372.163
370.172
366.902
362.315
357.674
353.892
350.779
347.06
342.352
339.729
336.347
335.566
333.26
331.099
331.108
327.114
322.357
316.706
313.025
310.722
309.999
311.052
311.223
311.115
309.25
304.501
301.515
295.818
293.626
285.641
279.482
275.042
272.042
269.02
266.521
263.771
261.647
259.087
257.487
255.262
253.162
250.62
248.405
246.708
245.748
242.801
241.037
236.654
232.579
230.177
229.02
228.548
227.885
227.552
227.348
226.991
227.217
228.294
230.048
229.362
230.256
232.127
227.693
219.748
211.952
209.183
208.52
207.298
206.102
204.685
202.705
200.974
199.477
198.281
197.248
196.245
195.195
193.825
192.972
191.99
191.158
189.874
188.758
187.662
186.85
186.221
185.646
185.376
184.874
183.958
182.53
180.575
179.053
177.817
176.744
176.034
175.167
174.586
174.062
173.461
172.969
172.537
171.926
171.411
170.862
170.367
169.536
168.702
169.134
168.861
170.694
164.163
161.628
162.382
162.778
161.634
166.193
164.452
160.804
152.356
144.774
139.962
137.188
136.843
136.352
137.032
136.672
135.879
136.434
136.852
138.113
139.181
141.172
141.831
140.663
139.129
135.594
132.272
131.939
131.089
130.984
130.584
130.628
130.085
129.902
129.706
129.637
129.62
130.008
129.414
128.586
128.218
127.993
127.64
127.157
126.461
125.275
124.527
124.122
123.797
123.659
123.721
124.066
124.372
124.238
123.234
122.595
122.265
123.015
122.523
122.525
120.366
120.21
120.326
120.439
120.982
120.18
119.768
119.115
119.076
118.98
118.883
118.838
118.805
118.661
118.336
118.014
117.817
117.691
117.589
117.526
117.469
117.386
117.301
117.111
116.802
116.335
115.941
115.641
115.492
115.279
114.765
114.397
113.891
113.622
113.441
113.129
112.88
113.139
115.46
117.021
116.338
110.114
105.51
99.4292
92.1404
88.4607
86.4792
85.984
85.9818
85.9787
85.9695
85.9415
85.8836
85.79
85.7038
85.6298
85.5191
85.3122
85.0343
84.5007
84.2096
84.1452
84.1104
84.0772
84.063
84.063
84.0616
84.0583
84.0432
84.0011
83.8703
83.6962
83.3573
83.0785
82.8487
82.699
82.4136
82.0376
81.6054
81.158
80.603
80.0107
79.5671
79.2163
78.9901
78.7936
78.6488
78.5613
78.4516
78.2379
77.9491
77.603
77.4116
77.2519
76.9931
76.7278
76.5323
76.361
76.1636
76.0568
75.9535
75.8892
75.8546
75.8504
75.8331
75.7917
75.7142
75.6564
75.489
75.1075
74.6575
74.3145
73.6974
73.3566
73.1285
72.8855
72.5911
72.3798
72.2888
72.723
72.53
72.5599
74.7691
72.6373
75.8378
72.389
72.0552
72.0363
72.0559
72.5273
75.2534
77.848
83.9211
84.4961
87.8479
93.9932
97.4011
99.8454
101.277
98.5775
95.203
94.3824
91.2799
95.6634
94.6088
90.716
83.7325
77.6801
73.9943
71.9831
70.3573
69.7885
69.0905
68.809
68.5453
68.3919
68.2238
68.0419
67.7087
67.2184
66.7041
66.054
65.6279
65.2774
65.1785
65.1064
65.0637
65.0344
64.973
64.8451
64.7674
64.7673
64.7649
64.7547
64.7378
64.7227
64.7142
64.7142
64.7142
64.7142
64.7136
64.7117
64.7068
64.679
64.5956
64.3825
64.2208
64.0967
64.0967
64.0967
64.0967
64.0967
64.0967
64.0967
64.0967
64.0967
64.0967
64.0967
64.0967
64.0967
64.0967
64.0967
64.0967
64.0923
64.075
64.0059
63.7712
63.4811
63.2746
63.2193
63.218
63.2136
63.1923
63.1415
63.1
63.0704
63.0704
63.0704
63.0704
63.0704
63.0704
63.0704
63.0704
63.0704
63.0704
63.0704
63.0704
63.0704
63.0704
63.0703
63.07
63.068
63.057
63.0284
62.9947
62.9614
62.904
62.8059
62.6427
62.8485
62.3909
62.4507
61.7414
61.3879
60.8017
60.3783
60.1386
59.9197
59.8062
59.7641
59.7303
59.7303
59.7303
59.7303
59.7303
59.7303
59.7302
59.7298
59.7258
59.711
59.6893
59.6786
59.6786
59.6784
59.6784
59.6782
59.6779
59.6744
59.6677
59.6477
59.9087
59.9086
59.6883
59.5062
59.5054
59.5054
59.5054
59.5054
59.5054
59.5054
59.5054
59.5054
59.5054
59.5054
59.5054
59.5054
59.5054
59.5054
59.5054
59.5054
59.5054
59.5054
59.5054
59.5054
59.5054
59.5054
59.5054
59.5054
59.5054
59.5054
59.5054
59.5051
59.5048
59.5027
59.4811
59.4137
59.2824
59.2123
59.2122
59.2115
59.2085
59.1951
59.1648
59.1463
59.142
59.142
59.142
59.142
59.142
59.142
59.142
59.142
59.1419
59.1389
59.1258
59.0969
59.0841
59.0841
59.0841
59.0841
59.0841
59.0841
59.0841
59.0841
59.0811
59.0808
59.0761
59.0701
59.7292
65.2952
66.9476
67.2363
66.7202
63.8607
63.3672
61.5746
59.9407
58.2686
57.702
57.7008
57.6949
57.676
57.6414
57.6156
57.6122
57.6104
57.6102
57.6081
57.6108
57.89
58.3573
58.0134
57.686
57.4562
57.4491
57.4384
57.4063
57.3652
57.3602
57.3602
57.3602
57.36
57.3597
57.3575
57.3492
57.3122
57.2077
57.1316
57.109
57.109
57.109
57.109
57.109
57.109
57.109
57.109
57.109
57.109
57.109
57.109
57.109
57.109
57.109
57.109
57.109
57.1085
57.104
57.078
56.9847
56.7571
56.6007
56.5541
56.5541
56.5541
56.5541
56.5541
56.5541
56.5541
56.5541
56.5541
56.554
56.5537
56.55
56.5318
56.482
56.4456
56.4314
56.4119
56.369
56.3383
56.331
56.3199
56.2579
56.0911
55.8996
55.8494
55.8494
55.8494
55.8494
55.8494
55.8494
55.8494
55.8494
55.8494
55.8494
55.8493
55.849
55.8469
55.8405
55.8182
55.764
55.6328
55.4905
55.3937
55.3937
55.3937
55.3937
55.3937
55.3937
55.3937
55.3937
55.3937
55.3937
55.3937
55.3937
55.3937
55.3937
55.3937
55.3937
55.3937
55.3937
55.3937
55.3937
55.3937
55.3937
55.3937
55.3937
55.3937
55.3937
55.3937
55.3937
55.3937
55.3937
55.3937
55.3937
55.3937
55.3937
55.3937
55.3937
55.3937
55.3937
55.3937
55.3937
55.3937
55.3937
55.3937
55.3937
55.3937
55.3937
55.3937
55.3937
55.3937
55.3937
55.3937
55.3937
55.3937
55.3937
55.3937
55.3937
55.3937
55.3937
55.3937
55.3937
55.3937
55.3937
55.3937
55.3937
55.3937
55.3937
55.3937
55.3937
55.3937
55.3937
55.3937
55.3937
55.3937
55.3937
55.3937
55.3937
55.3937
55.3937
55.3937
55.3937
55.3937
55.3937
55.3937
55.3937
55.3937
55.3937
55.3937
55.3937
55.3937
55.3937
55.3937
55.39
55.3804
55.3444
55.2401
55.0509
54.8347
54.6415
54.5063
54.4234
54.4199
54.4199
54.4199
54.4199
54.4199
54.4199
54.4199
54.4199
54.4199
54.4199
54.4199
54.4199
54.4199
54.4199
54.4199
54.4199
54.4199
54.4199
54.4199
54.4199
54.4199
54.4199
54.4199
54.4199
54.4199
54.4199
54.4199
54.4199
54.4199
54.4199
54.4199
54.4199
54.4199
54.4199
54.4199
54.4199
54.4199
54.4199
54.4199
54.4199
54.4199
54.4199
54.4199
54.4199
54.4199
54.4199
54.4199
54.4199
54.4199
54.4199
54.4199
54.4199
54.4199
54.4199
54.4199
54.4199
54.4199
54.4199
54.4199
54.4199
54.4199
54.4199
54.4199
54.4199
54.4199
54.4199
54.4199
54.4199
54.4199
54.4199
54.4199
54.4199
54.4199
54.4199
54.4199
54.4199
54.4199
54.4199
54.4199
54.4199
54.4199
54.4199
54.4199
54.4199
54.4199
54.4199
54.4199
54.4199
54.4199
54.4199
54.4199
54.4199
54.4199
54.4199
54.4199
54.4199
54.4199
54.4199
54.4199
54.4199
54.4199
54.4199
54.4199
54.4199
54.4199
54.4199
54.4199
54.4199
54.4199
54.4199
54.4199
54.4199
54.4199
54.4199
54.4199
54.4199
54.4199
54.4199
54.4199
54.4199
54.4199
54.4199
54.4199
54.4199
54.4199
54.4199
54.4199
54.4199
54.4199
54.4199
54.4199
54.4199
54.4199
54.4199
54.4199
54.4199
54.4199
54.4199
54.4199
54.4199
54.4199
54.4199
54.4199
54.4199
54.4199
54.4199
54.4199
54.4199
54.4199
54.4199
54.4199
54.4199
54.4199
54.4199
54.4199
54.4199
54.4199
54.4199
54.4199
54.4199
54.4199
54.4199
54.4199
54.4199
54.4199
54.4199
54.4199
54.4199
54.4199
54.4199
54.4199
54.4199
54.4199
54.4199
54.4199
54.4199
54.4199
54.4199
54.4199
54.4199
54.4199
54.4199
54.4199
54.4199
54.4199
54.4199
54.4199
54.4199
54.4199
54.4199
54.4199
54.4199
