2723.98
2550.8
2412.17
2308.57
2197.93
2093.73
1988.65
1905.48
1820.94
1768.69
1713.08
1666.96
1606.13
1542.01
1483.06
1434
1394.29
1355.08
1322.09
1280.72
1244.67
1210.26
1169.09
1141.06
1115.22
1087.86
1066.07
1045.23
1016.13
996.687
975.389
942.537
906.298
878.757
848.207
822.327
794.328
766.308
740.997
725.698
705.064
690.122
676.319
663.599
643.133
625.544
612.213
605.377
595.066
580.59
575.021
566.965
560.17
553.166
545.788
541.502
536.15
531.604
524.901
519.632
512.906
506.366
500.212
493.363
488.7
484.979
480.574
477.771
475.393
472.463
469.131
465.744
459.725
452.417
445.475
442.046
435.823
431.527
428.445
425.286
420.949
418.047
415.577
413.44
410.412
408.325
406.214
405.477
404.64
401.221
400.356
397.515
392.954
388.382
382.618
380.94
373.319
362.96
361.204
359.269
356.699
352.906
340.445
326.064
319.033
313.607
310.665
305.983
301.26
297.454
294.75
291.626
288.538
284.626
281.251
277.686
273.82
270.07
266.785
263.721
260.981
260.024
259.017
257.357
255.794
253.252
250.227
248.174
246.49
244.87
243.342
241.791
240.499
238.22
235.73
233.145
231.12
229.867
228.644
227.66
226.93
226.36
225.88
225.613
225.525
224.532
223.528
222.625
221.966
221.259
220.781
220.796
220.594
220.566
219.331
218.438
217.719
216.841
215.735
214.823
214.35
214.046
213.884
213.632
212.975
212.105
211.93
210.704
209.414
207.357
203.324
199.624
197.197
195.507
194.098
192.377
191.532
191.197
190.916
191.063
190.845
190.742
189.718
188.763
187.121
184.979
182.671
181.249
181.026
180.847
180.777
181.336
183.81
186.468
186.409
183.364
183.073
179.798
179.556
177.732
177.45
177.906
183.932
192.073
195.363
204.366
207.304
203.323
188.428
179.931
175.56
163.676
151.818
147.15
144.3
140.081
136.667
133.421
130.035
127.442
125.635
124.693
124.384
124.163
123.921
123.617
123.428
123.127
122.843
122.645
122.478
122.22
121.995
121.745
121.528
121.227
120.901
120.475
119.994
119.704
120.878
120.629
123.884
126.303
126.879
126.302
123.81
120.97
116.001
115.172
114.885
114.666
114.553
114.329
113.923
113.266
112.379
111.658
110.803
109.992
109.643
109.503
109.361
109.196
108.981
108.749
108.519
108.3
107.943
107.541
106.905
106.121
105.379
104.891
104.587
104.474
104.391
104.296
104.21
104.179
104.163
104.586
104.58
106.689
107.369
112.938
114.445
115.005
112.727
109.409
108.119
103.121
101.208
100.725
100.569
100.324
100.273
100.225
100.204
100.133
100.053
99.8599
99.571
99.7867
100.589
101.615
103.165
105.514
107.079
103.119
94.7591
91.4813
88.4319
86.6607
85.7865
85.1028
84.9312
84.6773
84.5422
84.3516
83.9483
83.6246
83.4884
83.4818
83.4606
83.4338
83.2844
83.0411
82.8662
82.7855
82.7759
82.6978
83.07
83.1086
82.7054
82.1626
81.2527
80.8488
80.3887
80.0772
79.866
79.5146
79.3636
79.2052
79.0541
78.7681
78.5707
78.5222
78.5221
78.5218
78.521
78.5163
78.5026
78.4588
78.4051
78.3632
78.3226
78.2679
78.2307
78.2174
78.2045
78.2004
78.1858
78.1488
78.112
78.0866
78.0866
78.0865
78.1343
78.9206
79.3588
78.7591
78.7506
80.141
78.6619
78.3788
78.8916
85.8816
94.0971
102.214
115.77
112.841
111.54
98.5802
90.1461
82.3054
78.5709
78.0407
77.98
77.9587
77.9064
77.8682
77.8442
77.8425
77.8417
77.8409
77.8382
77.8237
77.7855
77.6352
77.4312
77.6209
79.2151
78.5959
76.3276
73.9156
72.0808
71.1401
70.4766
70.1543
69.9322
69.6845
69.4322
69.246
69.0064
68.6701
68.3571
68.1536
68.0652
68.0594
68.0594
68.0586
68.0551
68.0443
68.0227
68.1596
68.1508
69.5264
67.973
67.229
67.2271
67.219
67.1987
67.1861
67.186
67.186
67.186
67.186
67.186
67.1859
67.1856
67.1841
67.1793
67.1726
67.1693
67.1693
67.1693
67.1693
67.1693
67.1693
67.1693
67.1693
67.1685
67.1661
67.1548
67.108
66.9429
66.6491
66.371
66.3619
66.3619
66.3619
66.3619
66.3615
66.3598
66.3517
66.3287
66.2561
66.1025
65.9749
65.9053
65.8373
65.7466
65.6931
65.6883
65.6882
65.688
65.6849
65.673
65.6419
65.5869
65.4585
65.3176
65.1786
65.041
64.9806
64.9806
64.9806
64.9806
64.9806
64.9806
64.9806
64.9799
64.9773
64.967
64.9287
64.8105
64.597
64.4498
64.3195
64.3079
64.286
64.4159
66.2649
67.8553
67.626
67.6603
66.0547
64.1391
64.3891
62.2932
61.4485
61.1662
61.0553
60.8721
60.7833
60.6622
60.5736
60.4375
60.4344
60.4344
60.4344
60.4344
60.4344
60.4344
60.4344
60.4344
60.4344
60.4344
60.4344
60.4344
60.4341
60.4332
60.4307
60.4221
60.3996
60.4232
60.5982
60.3323
60.2298
60.2027
60.2027
60.2027
60.2027
60.2027
60.2027
60.2027
60.2027
60.2027
60.2027
60.2027
60.2027
60.2027
60.2027
60.2024
60.1999
60.1882
60.1382
60.0174
59.9515
59.9515
59.9511
59.9501
59.9409
59.9115
59.8703
59.8604
59.859
59.8561
59.8419
59.8163
59.7311
59.7381
59.8462
59.0451
58.5648
58.4392
58.4392
58.4392
58.4392
58.4392
58.4392
58.4392
58.4392
58.4392
58.4392
58.4392
58.4392
58.4392
58.4392
58.4392
58.4392
58.4392
58.4392
58.4392
58.4392
58.4392
58.4392
58.4392
58.4384
58.4377
58.434
58.4259
58.4057
58.385
58.391
58.3146
57.8709
57.7321
57.7024
57.7024
57.7024
57.7024
57.7024
57.7024
57.7024
57.7024
57.7024
57.7024
57.7024
57.7024
57.7024
57.7024
57.7024
57.7024
57.7024
57.7024
57.7024
57.7024
57.7024
57.7024
57.7024
57.7024
57.7024
57.7024
57.7024
57.7024
57.7024
57.7024
57.7024
57.7024
57.7024
57.7024
57.7024
57.7024
57.7024
57.7024
57.7024
57.7024
57.7024
57.7024
57.7024
57.7024
57.7024
57.7024
57.7024
57.7024
57.7024
57.7024
57.7024
57.7024
57.7024
57.7024
57.7024
57.7024
57.7024
57.7024
57.7024
57.7024
57.7024
57.7024
57.7024
57.7024
57.7024
57.7024
57.7024
57.7024
57.7024
57.7024
57.7021
57.7011
57.6906
57.6567
57.5642
57.4672
57.4507
57.4481
57.4381
57.4124
57.3872
57.3808
57.3808
57.3808
57.3808
57.3808
57.3808
57.3808
57.3808
57.3808
57.3745
57.3639
57.3339
57.2391
57.0693
56.9076
56.5151
56.3331
56.1517
55.7143
55.5085
55.416
55.3937
55.3937
55.3937
55.3937
55.3937
55.3937
55.3937
55.3937
55.3937
55.3937
55.3937
55.3937
55.3937
55.3937
55.3937
55.3937
55.3937
55.3937
55.3937
55.3937
55.3937
55.3937
55.3937
55.3937
55.3937
55.3937
55.3936
55.3935
55.3925
55.3885
55.3749
55.3408
55.3032
55.2912
55.2912
55.2912
55.2912
55.2912
55.2912
55.2912
55.2912
55.2912
55.2912
55.2912
55.2912
55.2912
55.2912
55.2912
55.2912
55.2912
55.2912
55.2912
55.2912
55.2912
55.2912
55.2912
55.2912
55.2912
55.2912
55.2912
55.2912
55.2912
55.2912
55.2912
55.2912
55.2912
55.2912
55.2912
55.2912
55.2912
55.2912
55.2912
55.2912
55.2912
55.2912
55.2912
55.2912
55.2912
55.2912
55.2912
55.2912
55.2912
55.2912
55.2912
55.2912
55.2912
55.2912
55.2912
55.2883
55.2747
55.2239
55.0664
54.8506
54.5924
54.4617
54.4249
54.4199
54.4199
54.4199
54.4199
54.4199
54.4199
54.4199
54.4199
54.4199
54.4199
54.4199
54.4199
54.4199
54.4199
54.4199
54.4199
54.4199
54.4199
54.4199
54.4199
54.4199
54.4199
54.4199
54.4199
54.4199
54.4199
54.4199
54.4199
54.4199
54.4199
54.4199
54.4199
54.4199
54.4199
54.4199
54.4199
54.4199
54.4199
54.4199
54.4199
54.4199
54.4199
54.4199
54.4199
54.4199
54.4199
54.4199
54.4199
54.4199
54.4199
54.4199
54.4199
54.4199
54.4199
54.4199
54.4199
54.4199
54.4199
54.4199
54.4199
54.4199
54.4199
54.4199
54.4199
54.4199
54.4199
54.4199
54.4199
54.4199
54.4199
54.4199
54.4199
54.4199
54.4199
54.4199
54.4199
54.4199
54.4199
54.4199
54.4199
54.4199
54.4199
54.4199
54.4199
54.4199
54.4199
54.4199
54.4199
54.4199
54.4199
54.4199
54.4199
54.4199
54.4199
54.4199
54.4199
54.4199
54.4199
54.4199
54.4199
54.4199
54.4199
54.4199
54.4199
54.4199
54.4199
54.4199
54.4199
54.4199
54.4199
54.4199
54.4199
54.4199
54.4199
54.4199
54.4199
54.4199
54.4199
54.4199
54.4199
54.4199
54.4199
54.4199
54.4199
54.4199
54.4199
54.4199
54.4199
54.4199
54.4199
54.4199
54.4199
54.4199
54.4199
54.4199
54.4199
54.4199
54.4199
54.4199
54.4199
54.4199
54.4199
54.4199
54.4199
54.4199
54.4199
54.4199
54.4199
54.4199
54.4199
54.4199
54.4199
54.4199
54.4199
54.4199
54.4199
54.4199
54.4199
54.4199
54.4199
54.4199
54.4199
54.4199
54.4199
54.4199
54.4199
54.4199
54.4199
54.4199
54.4199
54.4199
54.4199
54.4199
54.4199
54.4199
54.4199
54.4199
54.4199
54.4199
54.4199
54.4199
54.4199
54.4199
54.4199
54.4199
54.4199
54.4199
54.4199
54.4199
54.4199
54.4199
54.4199
54.4199
