#     ISTANT_POTENTIAL:
-6.64969
-6.50311
-6.40251
-6.30482
-6.21855
-6.17873
-6.11211
-6.09509
-6.07123
-6.03537
-5.96314
-5.96527
-6.04158
-5.95235
-5.89178
-5.90625
-5.87518
-5.95398
-5.89442
-5.86828
-5.89163
-5.73885
-5.79796
-5.89144
-5.90232
-5.86422
-5.79988
-5.85554
-5.83719
-5.83696
-5.77606
-5.794
-5.68705
-5.82076
-5.79311
-5.78698
-5.79284
-5.69951
-5.75888
-5.7173
-5.58395
-5.52808
-5.56747
-5.6956
-5.66687
-5.65229
-5.69015
-5.77589
-5.78134
-5.73828
-5.83877
-5.75901
-5.72235
-5.82262
-5.86886
-5.85724
-5.78591
-5.80557
-5.83798
-5.79241
-5.74272
-5.79506
-5.81416
-5.80728
-5.79032
-5.87965
-5.86887
-5.78387
-5.80471
-5.73175
-5.77467
-5.74679
-5.74262
-5.85692
-5.77376
-5.66215
-5.7079
-5.71211
-5.71442
-5.73287
-5.67071
-5.78186
-5.72409
-5.67982
-5.77062
-5.74655
-5.768
-5.76826
-5.8415
-5.64135
-5.68704
-5.77228
-5.75119
-5.75327
-5.7496
-5.66571
-5.58614
-5.63021
-5.68953
-5.69408
-5.66062
-5.62708
-5.60107
-5.68632
-5.63754
-5.64201
-5.68042
-5.72615
-5.66438
-5.61324
-5.6467
-5.62442
-5.61158
-5.64549
-5.54271
-5.53636
-5.56281
-5.53205
-5.61238
-5.68344
-5.70808
-5.73076
-5.64158
-5.60466
-5.54375
-5.53195
-5.49278
-5.5876
-5.6057
-5.64058
-5.6434
-5.60054
-5.6129
-5.63498
-5.62095
-5.57713
-5.67331
-5.68937
-5.74415
-5.71905
-5.78421
-5.79282
-5.7392
-5.60114
-5.63593
-5.63929
-5.6418
-5.78936
-5.86186
-5.81593
-5.7524
-5.70053
-5.63659
-5.67509
-5.68694
-5.68616
-5.86316
-5.7175
-5.79137
-5.78557
-5.7601
-5.84891
-5.75751
-5.77245
-5.65383
-5.77134
-5.80739
-5.85142
-5.82383
-5.77597
-5.72771
-5.71266
-5.63485
-5.58457
-5.5167
-5.76048
-5.73035
-5.72309
-5.6375
-5.6701
-5.53895
-5.58027
-5.5698
-5.52802
-5.66094
-5.60693
-5.58208
-5.57131
-5.52222
-5.49666
-5.51626
-5.44583
-5.66036
-5.61235
-5.56706
-5.59678
-5.6558
-5.66797
-5.65644
-5.56237
-5.69452
-5.69196
-5.65915
-5.54827
-5.59353
-5.53908
-5.50962
-5.466
-5.27904
-5.39096
-5.34438
-5.41391
-5.44228
-5.48998
-5.48496
-5.65747
-5.69103
-5.67666
-5.81415
-5.84455
-5.7599
-5.6694
-5.59694
-5.5563
-5.5741
-5.55817
-5.61689
-5.55063
-5.42245
-5.36564
-5.41539
-5.4987
-5.50055
-5.48381
-5.46932
-5.39916
-5.43201
-5.51174
-5.48786
-5.34891
-5.39627
-5.38349
-5.45081
-5.47981
-5.62154
-5.6173
-5.53699
-5.59894
-5.57631
-5.52834
-5.52749
-5.44519
-5.37754
-5.43008
-5.46266
-5.40555
-5.47417
-5.50686
-5.42862
-5.50368
-5.56214
-5.61301
-5.64603
-5.555
-5.50382
-5.44147
-5.49435
-5.57008
-5.42973
-5.39478
-5.42831
-5.48583
-5.47873
-5.57291
-5.56015
-5.66358
-5.56679
-5.46495
-5.49053
-5.52589
-5.63294
-5.68027
-5.72598
-5.47131
-5.4593
-5.54722
-5.55886
-5.55144
-5.49844
-5.47202
-5.4617
-5.4159
-5.44265
-5.45636
-5.47134
-5.47784
-5.51489
-5.47984
-5.46001
-5.52626
-5.5324
-5.50592
-5.49258
-5.49269
-5.47907
-5.46558
-5.44838
-5.4665
-5.49393
-5.58775
-5.54698
-5.50511
-5.58195
-5.65028
-5.58996
-5.43724
-5.38773
-5.46164
-5.58652
-5.58578
-5.59017
-5.6142
-5.64702
-5.66529
-5.63856
-5.6527
-5.56847
-5.52923
-5.48454
-5.46476
-5.53402
-5.57152
-5.55296
-5.65981
-5.66651
-5.65794
-5.6754
-5.65506
-5.60177
-5.56677
-5.48865
-5.49349
-5.39276
-5.3336
-5.478
-5.40275
-5.5596
-5.60721
-5.49771
-5.49369
-5.43738
-5.29643
-5.30031
-5.30573
-5.38855
-5.46841
-5.44628
-5.43469
-5.35881
-5.31176
-5.33546
-5.38247
-5.43098
-5.3592
-5.36003
-5.27194
-5.33293
-5.25126
-5.31836
-5.34082
-5.41872
-5.42311
-5.43422
-5.51143
-5.44018
-5.43118
-5.44362
-5.50065
-5.51113
-5.53919
-5.46206
-5.44223
-5.44163
-5.47345
-5.401
-5.38571
-5.46571
-5.47438
-5.50798
-5.5132
-5.42485
-5.40625
-5.46184
-5.4679
-5.42255
-5.44433
-5.35525
-5.43829
-5.45481
-5.44215
-5.32122
-5.3862
-5.37286
-5.36966
-5.39151
-5.27833
-5.35739
-5.29873
-5.31252
-5.32132
-5.41291
-5.36915
-5.3364
-5.3034
-5.33483
-5.33306
-5.41537
-5.37733
-5.51105
-5.50038
-5.35977
-5.37561
-5.4064
-5.45709
-5.48331
-5.40062
-5.38449
-5.38457
-5.34583
-5.37283
-5.36559
-5.39136
-5.42185
-5.42549
-5.2875
-5.2901
-5.24007
-5.30388
-5.24121
-5.25387
-5.2833
-5.30875
-5.3659
-5.39934
-5.45738
-5.50423
-5.4645
-5.50677
-5.48686
-5.51993
-5.48782
-5.44007
-5.48319
-5.36532
-5.39242
-5.33998
-5.27354
-5.31801
-5.33982
-5.36288
-5.3948
-5.42975
-5.39838
-5.36741
-5.42744
-5.44956
-5.43373
-5.44963
-5.47036
-5.45528
-5.41636
-5.36567
-5.40505
-5.30896
-5.40871
-5.42815
-5.44078
-5.51172
-5.50708
-5.57218
-5.61494
-5.47891
-5.57234
-5.61891
-5.63038
-5.60209
-5.68299
-5.68793
-5.64428
-5.59789
-5.64126
-5.56512
-5.65066
-5.67173
-5.62207
-5.70728
-5.58119
-5.59565
-5.53894
-5.51784
-5.53489
-5.47891
-5.42332
-5.37506
-5.44801
-5.4437
-5.43671
-5.39699
-5.44397
-5.38069
-5.34162
-5.41405
-5.36812
-5.36629
-5.39746
-5.46303
-5.4443
-5.49867
-5.50544
-5.47116
-5.4104
-5.46891
-5.45829
-5.42688
-5.39651
-5.43914
-5.40888
-5.34063
-5.33872
-5.28812
-5.39216
-5.39318
-5.41861
-5.40336
-5.51904
-5.49998
-5.38377
-5.46765
-5.52123
-5.48237
-5.48956
-5.41471
-5.41829
-5.29346
-5.359
-5.47598
-5.42378
-5.50266
-5.54595
-5.50976
-5.51698
-5.44139
-5.45727
-5.46879
-5.48418
-5.4997
-5.41728
-5.43335
-5.45618
-5.4302
-5.43032
-5.42242
-5.39338
-5.40692
-5.38339
-5.42429
-5.41314
-5.47417
-5.46195
-5.52988
-5.40267
-5.51426
-5.59434
-5.47686
-5.39991
-5.35711
-5.39535
-5.42963
-5.38718
-5.42977
-5.42634
-5.49082
-5.42343
-5.50427
-5.5428
-5.45099
-5.43749
-5.47588
-5.55486
-5.58902
-5.57475
-5.49961
-5.52313
-5.52992
-5.52067
-5.51935
-5.52855
-5.51397
-5.4522
-5.48638
-5.51925
-5.57437
-5.51318
-5.52727
-5.54341
-5.50817
-5.5048
-5.4717
-5.48822
-5.55365
-5.52819
-5.62794
-5.65348
-5.51613
-5.40333
-5.53278
-5.56107
-5.62019
-5.69356
-5.66068
-5.70212
-5.63308
-5.70233
-5.72089
-5.70805
-5.73874
-5.60418
-5.4859
-5.51189
-5.54294
-5.55841
-5.50083
-5.46399
-5.45968
-5.48632
-5.55829
-5.55238
-5.44883
-5.45707
-5.51971
-5.52995
-5.58948
-5.62431
-5.64717
-5.5905
-5.60803
-5.65867
-5.67468
-5.7002
-5.67888
-5.64338
-5.59718
-5.46181
-5.50289
-5.43097
-5.61709
-5.55487
-5.56767
-5.56638
-5.56552
-5.51488
-5.382
-5.51293
-5.5801
-5.54622
-5.55174
-5.48184
-5.49282
-5.42856
-5.41493
-5.48523
-5.59217
-5.59682
-5.58217
-5.6164
-5.6199
-5.6227
-5.6289
-5.62403
-5.68747
-5.68072
-5.70683
-5.59486
-5.62387
-5.63793
-5.61699
-5.61831
-5.5003
-5.57363
-5.59586
-5.51362
-5.57809
-5.50684
-5.43273
-5.52453
-5.59371
-5.66083
-5.61975
-5.60466
-5.45776
-5.4368
-5.39972
-5.40275
-5.39909
-5.44717
-5.46385
-5.57098
-5.54434
-5.55182
-5.60421
-5.61271
-5.56337
-5.63004
-5.57044
-5.40165
-5.3858
-5.38766
-5.51649
-5.45344
-5.43995
-5.34155
-5.34174
-5.45174
-5.45393
-5.50194
-5.47463
-5.4526
-5.55342
-5.5387
-5.53006
-5.51677
-5.50733
-5.40349
-5.2786
-5.31845
-5.45346
-5.5195
-5.49442
-5.44743
-5.48248
-5.43585
-5.46848
-5.41588
-5.38263
-5.4568
-5.51179
-5.5701
-5.49382
-5.51212
-5.53914
-5.45084
-5.44499
-5.37792
-5.40864
-5.4058
-5.41616
-5.41058
-5.48261
-5.56952
-5.56298
-5.5365
-5.5542
-5.65812
-5.58848
-5.57561
-5.5916
-5.557
-5.5219
-5.54881
-5.53089
-5.43142
-5.42082
-5.48227
-5.55684
-5.59802
-5.53219
-5.60867
-5.60238
-5.61642
-5.62647
-5.61029
-5.6854
-5.66396
-5.58898
-5.62425
-5.56413
-5.56947
-5.52328
-5.47858
-5.46216
-5.39596
-5.36249
-5.36155
-5.44295
-5.49236
-5.51212
-5.40566
-5.38444
-5.53003
-5.48913
-5.53628
-5.46209
-5.49145
-5.50497
-5.42725
-5.45
-5.52215
-5.52255
-5.44398
-5.45981
-5.52337
-5.51426
-5.57186
-5.63562
-5.60786
-5.59405
-5.5454
-5.53175
-5.59882
-5.64763
-5.56914
-5.5486
-5.58243
-5.5951
-5.53511
-5.47934
-5.44882
-5.36351
-5.44165
-5.41557
-5.48592
-5.50901
-5.45591
-5.43706
-5.48049
-5.40106
-5.43576
-5.42006
-5.42509
-5.48295
-5.41249
-5.34078
-5.38984
-5.47162
-5.53845
-5.53261
-5.41104
-5.49179
-5.50183
-5.47494
-5.53544
-5.61252
-5.54264
-5.5332
-5.61458
-5.5435
-5.46816
-5.55633
-5.57964
-5.53662
-5.58997
-5.59862
-5.58248
-5.51322
-5.5275
-5.58517
-5.58299
-5.56213
-5.61643
-5.54927
-5.55957
-5.59751
-5.51927
-5.41426
-5.42171
-5.48382
-5.46659
-5.45824
-5.39885
-5.50249
-5.5103
-5.54163
-5.5211
-5.40031
-5.46557
-5.35166
-5.38115
-5.47966
-5.48398
-5.35417
-5.35908
-5.30599
-5.31733
-5.30219
-5.42944
-5.46841
-5.55896
-5.67692
-5.62679
-5.72442
-5.81741
-5.69294
-5.66594
-5.6952
-5.5624
-5.56621
-5.60686
-5.61627
-5.61941
-5.60997
-5.61699
-5.68724
-5.66947
-5.56623
-5.59733
-5.55633
-5.55568
-5.52973
-5.56501
-5.54046
-5.59997
-5.61316
-5.58789
-5.52192
-5.59272
-5.53901
-5.58847
-5.48155
-5.46841
-5.47683
-5.42042
-5.43622
-5.47059
-5.51943
-5.47645
-5.47532
-5.34581
-5.34753
-5.40664
-5.4406
-5.46391
-5.39808
-5.40361
-5.37082
-5.38519
-5.41736
-5.46625
-5.52621
-5.55235
-5.56335
-5.54697
-5.48973
-5.55546
-5.59315
-5.51086
-5.51366
-5.5467
-5.50891
-5.53362
-5.43971
-5.43048
-5.45927
-5.43847
-5.45473
-5.44836
-5.4795
-5.40704
-5.5426
-5.53043
-5.58544
-5.52706
-5.54332
-5.6162
-5.52813
-5.45197
-5.45933
-5.47099
-5.37644
-5.4211
-5.49911
-5.43323
-5.41604
-5.39228
-5.36153
-5.43263
-5.37957
-5.39822
-5.39724
-5.37666
-5.50878
-5.49768
-5.44683
-5.35557
-5.45512
-5.42534
-5.37849
-5.43445
-5.52768
-5.51315
-5.53936
-5.46988
-5.46339
-5.48355
-5.45786
-5.51905
-5.47241
-5.36205
-5.44108
-5.48442
-5.56831
-5.54028
-5.56274
-5.60976
-5.58127
-5.57767
-5.52655
-5.52231
-5.45346
-5.46401
-5.35972
-5.3781
-5.45027
-5.48491
-5.50493
-5.49225
-5.52358
-5.49882
-5.49813
-5.48983
-5.47635
-5.50952
-5.52454
-5.59344
-5.52387
-5.49742
-5.51052
-5.55632
-5.54464
-5.56445
-5.59688
-5.60394
-5.59529
-5.53945
-5.42278
-5.38345
-5.42148
-5.46234
-5.38541
-5.28537
-5.28429
-5.29281
-5.37023
-5.40123
-5.39153
-5.51671
-5.4389
-5.41922
-5.48669
-5.51204
-5.52271
-5.45881
-5.48084
-5.53979
-5.48549
-5.44592
-5.49704
-5.40185
-5.4421
-5.41657
-5.41747
-5.46679
-5.41797
-5.50618
-5.45569
-5.51101
-5.49984
-5.47314
-5.40387
-5.35579
-5.42975
-5.42131
-5.31853
-5.28429
-5.3629
-5.29762
-5.48547
-5.35262
-5.34471
-5.39094
-5.50449
-5.48757
-5.56577
-5.45407
-5.54368
-5.55493
-5.53465
-5.55347
-5.52452
-5.59892
-5.608
-5.57176
-5.64176
-5.68258
-5.57935
-5.57708
-5.57073
-5.58118
-5.60632
-5.62047
-5.4917
-5.48653
-5.50235
-5.47922
-5.45543
-5.44138
-5.39894
-5.45267
-5.52825
-5.51289
-5.45931
-5.43385
-5.42476
-5.36655
-5.43599
-5.53422
-5.51721
-5.56067
-5.54035
-5.61181
-5.5599
-5.55013
-5.60923
-5.62628
-5.65573
-5.59302
-5.60948
-5.59517
-5.64844
-5.64308
-5.56557
-5.48344
-5.39628
-5.41004
-5.3673
-5.352
-5.37179
-5.43672
-5.37374
-5.35567
-5.2705
-5.39721
-5.53098
-5.49872
-5.62444
-5.61624
-5.46083
-5.40777
-5.4617
-5.4996
-5.56056
-5.59751
-5.54195
-5.50663
-5.48848
-5.49655
-5.526
-5.5379
-5.45036
-5.40787
-5.40319
-5.38285
-5.43499
-5.50873
-5.50576
-5.48441
-5.39487
-5.35866
-5.41326
-5.50019
-5.44868
-5.53611
-5.50057
-5.56544
-5.48443
-5.52895
-5.46444
-5.51798
-5.38876
-5.427
-5.38147
-5.34486
-5.39537
-5.40143
-5.34912
-5.38311
-5.38172
-5.40782
-5.44675
-5.48227
-5.47295
-5.45223
-5.48306
-5.48703
-5.46729
-5.53463
-5.4375
-5.40801
-5.44711
-5.39276
-5.39832
-5.37638
-5.42068
-5.42005
-5.36431
-5.36838
-5.42172
-5.48389
-5.45733
-5.37143
-5.32933
-5.43604
-5.44617
-5.50782
-5.47675
-5.4662
-5.51719
-5.40142
-5.4103
-5.45718
-5.55748
-5.50409
-5.55778
-5.48208
-5.42253
-5.44921
-5.4043
-5.40539
-5.39028
-5.37807
-5.44276
-5.33531
-5.39423
-5.43088
-5.4565
-5.48032
-5.50918
-5.4022
-5.43669
-5.46678
-5.46867
-5.5047
-5.43019
-5.46234
-5.41698
-5.41532
-5.40891
-5.50616
-5.55662
-5.54436
-5.49851
-5.4808
-5.45548
-5.42106
-5.49372
-5.53376
-5.54701
-5.48916
-5.55987
-5.5354
-5.54947
-5.45622
-5.48561
-5.51381
-5.48709
-5.39734
-5.31244
-5.29881
-5.38682
-5.42458
-5.4324
-5.47459
-5.41103
-5.43549
-5.35377
-5.42384
-5.58506
-5.577
-5.55623
-5.63899
-5.63916
-5.59778
-5.60931
-5.62261
-5.64708
-5.59062
-5.52633
-5.54655
-5.51202
-5.47163
-5.4688
-5.51602
-5.52558
-5.53959
-5.52004
-5.43927
-5.50135
-5.54178
-5.53116
-5.50023
-5.44848
-5.45339
-5.4364
-5.46067
-5.45162
-5.39316
-5.45214
-5.57838
-5.55183
-5.44699
-5.44848
-5.45643
-5.52406
-5.61774
-5.5301
-5.51917
-5.44975
-5.44905
-5.43331
-5.54202
-5.54465
-5.49198
-5.41484
-5.34713
-5.32745
-5.37667
-5.43945
-5.35547
-5.33818
-5.36003
-5.32886
-5.38689
-5.35665
-5.4366
-5.55352
-5.47342
-5.42235
-5.38558
-5.42626
-5.42171
-5.39424
-5.43517
-5.4171
-5.34999
-5.39421
-5.41545
-5.50442
-5.50412
-5.53201
-5.52662
-5.57933
-5.61846
-5.55163
-5.61411
-5.52327
-5.50037
-5.47504
-5.53172
-5.59122
-5.56659
-5.58219
-5.53417
-5.5352
-5.48437
-5.45087
-5.4313
-5.29668
-5.3646
-5.26431
-5.33404
-5.41042
-5.45967
-5.52986
-5.53757
-5.53538
-5.61071
-5.54496
-5.5441
-5.53391
-5.48353
-5.49979
-5.39705
-5.46591
-5.60433
-5.53832
-5.45557
-5.54427
-5.53919
-5.46689
-5.48333
-5.59748
-5.47626
-5.54374
-5.51785
-5.45756
-5.35801
-5.33435
-5.34873
-5.35483
-5.27815
-5.30252
-5.3206
-5.36159
-5.32685
-5.24989
-5.21424
-5.25735
-5.33126
-5.34925
-5.44252
-5.43766
-5.43379
-5.47129
-5.37424
-5.35836
-5.43089
-5.49015
-5.38758
-5.44615
-5.38815
-5.47916
-5.45224
-5.51867
-5.51527
-5.46217
-5.54145
-5.48453
-5.47202
-5.38789
-5.45616
-5.51803
-5.50022
-5.39925
-5.52055
-5.5857
-5.56524
-5.39781
-5.42201
-5.39718
-5.41064
-5.45339
-5.44502
-5.45939
-5.48738
-5.54102
-5.47324
-5.46632
-5.4014
-5.38423
-5.46248
-5.52921
-5.57054
-5.56135
-5.5501
-5.48641
-5.44726
-5.48186
-5.43605
-5.52249
-5.39578
-5.43959
-5.41639
-5.3822
-5.34184
-5.46169
-5.34273
-5.3169
-5.4091
-5.35514
-5.32696
-5.23112
-5.21275
-5.28199
-5.39219
-5.48449
-5.42283
-5.49456
-5.46574
-5.47413
-5.45037
-5.39385
-5.51498
-5.5486
-5.55041
-5.47108
-5.46454
-5.52348
-5.55825
-5.59807
-5.62808
-5.69729
-5.64931
-5.60507
-5.58368
-5.45301
-5.29294
-5.28431
-5.36091
-5.50383
-5.50045
-5.5364
-5.53043
-5.4685
-5.51929
-5.54203
-5.49605
-5.45298
-5.50809
-5.62474
-5.57117
-5.57052
-5.54023
-5.49572
-5.42152
-5.40612
-5.41736
-5.54594
-5.58817
-5.6122
-5.61852
-5.63159
-5.6037
-5.59551
-5.57008
-5.49664
-5.48431
-5.47049
-5.55364
-5.45519
-5.52633
-5.44959
-5.46442
-5.47433
-5.41092
-5.33879
-5.37098
-5.46561
-5.51027
-5.45102
-5.40324
-5.40188
-5.46803
-5.45219
-5.43872
-5.48698
-5.44
-5.3662
-5.36019
-5.32383
-5.40719
-5.38302
-5.32775
-5.37864
-5.36959
-5.37417
-5.31082
-5.23927
-5.24663
-5.31285
-5.23647
-5.26139
-5.33052
-5.39966
-5.38513
-5.40115
-5.39992
-5.39503
-5.45422
-5.47575
-5.52661
-5.48819
-5.33995
-5.43989
-5.47639
-5.52877
-5.58565
-5.53527
-5.56533
-5.55601
-5.54442
-5.54475
-5.5157
-5.48537
-5.60952
-5.59698
-5.61029
-5.42522
-5.36589
-5.38653
-5.49949
-5.53057
-5.54183
-5.49654
-5.52279
-5.5458
-5.54375
-5.52594
-5.40743
-5.4395
-5.50652
-5.33208
-5.2935
-5.39054
-5.42819
-5.39536
-5.41451
-5.37771
-5.40152
-5.33296
-5.23052
-5.28071
-5.21561
-5.23448
-5.29589
-5.43428
-5.36037
-5.40629
-5.41554
-5.3235
-5.36976
-5.44959
-5.48018
-5.48509
-5.43646
-5.454
-5.40985
-5.34924
-5.41752
-5.36179
-5.32138
-5.2749
-5.22974
-5.22653
-5.18615
-5.31869
-5.27126
-5.29319
-5.39337
-5.34749
-5.37418
-5.29791
-5.33895
-5.39651
-5.35191
-5.32472
-5.18893
-5.31226
-5.40232
-5.33465
-5.25585
-5.20956
-5.24618
-5.24511
-5.28911
-5.32604
-5.3259
-5.37212
-5.41942
-5.49193
-5.49174
-5.468
-5.43391
-5.36958
-5.30508
-5.22569
-5.26474
-5.34757
-5.37123
-5.44101
-5.40755
-5.49938
-5.36438
-5.47243
-5.55019
-5.40456
-5.38365
-5.44956
-5.39471
-5.42597
-5.487
-5.45263
-5.49243
-5.44385
-5.53313
-5.4845
-5.49505
-5.38701
-5.44359
-5.53146
-5.54065
-5.50317
-5.53183
-5.60025
-5.57712
-5.60781
-5.6083
-5.54011
-5.54488
-5.55529
-5.60171
-5.60981
-5.55329
-5.50772
-5.56555
-5.53717
-5.49939
-5.38769
-5.35371
-5.3635
-5.39496
-5.458
-5.50172
-5.52765
-5.49013
-5.55873
-5.55779
-5.62061
-5.56403
-5.54351
-5.53213
-5.55442
-5.5634
-5.57368
-5.57305
-5.47308
-5.41418
-5.40605
-5.35544
-5.36355
-5.3065
-5.40401
-5.44157
-5.45701
-5.52661
-5.47741
-5.44002
-5.39434
-5.44962
-5.4637
-5.46378
-5.42308
-5.45684
-5.41732
-5.3953
-5.42564
-5.43259
-5.46808
-5.52269
-5.56249
-5.58244
-5.49888
-5.58573
-5.57506
-5.53558
-5.48619
-5.50152
-5.48592
-5.41756
-5.46581
-5.50513
-5.52186
-5.46446
-5.44597
-5.40661
-5.47171
-5.43707
-5.36924
-5.34896
-5.44918
-5.48357
-5.40052
-5.45883
-5.39778
-5.47015
-5.51688
-5.50067
-5.46886
-5.51638
-5.45613
-5.38482
-5.45089
-5.49999
-5.45776
-5.53155
-5.55796
-5.68111
-5.5539
-5.554
-5.57671
-5.48301
-5.40701
-5.46666
-5.39512
-5.43529
-5.37812
-5.26044
-5.22255
-5.35401
-5.34559
-5.49565
-5.49724
-5.52255
-5.53343
-5.46084
-5.43352
-5.36186
-5.3944
-5.40684
-5.47267
-5.4805
-5.45429
-5.47759
-5.52822
-5.44884
-5.41654
-5.25998
-5.27446
-5.3084
-5.39513
-5.27835
-5.27638
-5.27882
-5.21512
-5.21268
-5.28634
-5.32076
-5.33885
-5.33134
-5.37294
-5.3419
-5.2726
-5.20471
-5.25913
-5.30875
-5.33558
-5.32253
-5.32767
-5.26814
-5.20097
-5.30293
-5.34303
-5.35317
-5.35879
-5.46542
-5.48688
-5.49898
-5.49365
-5.39317
-5.39173
-5.42284
-5.43018
-5.46124
-5.51414
-5.47491
-5.38847
-5.39596
-5.47118
-5.3659
-5.42604
-5.43088
-5.51062
-5.43728
-5.47802
-5.44699
-5.38305
-5.33329
-5.30558
-5.23805
-5.45054
-5.51044
-5.45832
-5.46256
-5.56359
-5.47667
-5.42509
-5.40141
-5.38944
-5.43824
-5.58805
-5.60725
-5.55774
-5.43156
-5.45427
-5.54087
-5.45473
-5.48433
-5.43642
-5.49683
-5.55565
-5.51127
-5.52778
-5.53262
-5.52656
-5.58546
-5.55779
-5.52102
-5.50111
-5.58845
-5.54028
-5.63203
-5.54055
-5.56718
-5.54978
-5.54916
-5.48944
-5.44804
-5.55055
-5.64557
-5.69317
-5.72053
-5.67379
-5.61306
-5.57182
-5.70638
-5.61085
-5.44778
-5.48629
-5.38179
-5.41388
-5.48822
-5.51593
-5.51856
-5.54735
-5.51222
-5.49045
-5.58599
-5.52922
-5.5628
-5.52909
-5.42275
-5.38393
-5.46231
-5.57272
-5.59696
-5.57183
-5.55681
-5.52014
-5.48669
-5.38715
-5.48317
-5.4919
-5.45535
-5.50678
-5.5178
-5.52808
-5.68548
-5.61451
-5.6261
-5.66023
-5.51725
-5.56235
-5.58617
-5.53555
-5.49367
-5.4894
-5.52519
-5.44158
-5.48898
-5.44597
-5.52559
-5.57179
-5.49026
-5.45996
-5.50837
-5.50995
-5.58734
-5.58308
-5.52641
-5.49141
-5.42339
-5.50164
-5.47911
-5.57431
-5.54132
-5.45363
-5.41485
-5.39954
-5.48306
-5.52606
-5.56386
-5.56907
-5.49374
-5.45264
-5.41543
-5.46536
-5.40617
-5.47192
-5.49087
-5.43956
-5.4109
-5.43031
-5.47369
-5.479
-5.35441
-5.39721
-5.37312
-5.37775
-5.4199
-5.37421
-5.40649
-5.42321
-5.48937
-5.4703
-5.51966
-5.46726
-5.52973
-5.53914
-5.50526
-5.52522
-5.47464
-5.57984
-5.45734
-5.52942
-5.52269
-5.48603
-5.42064
-5.36516
-5.3413
-5.29647
-5.27127
-5.36965
-5.36881
-5.4338
-5.48102
-5.49291
-5.36687
-5.39946
-5.48146
-5.42458
-5.47176
-5.44038
-5.43125
-5.43892
-5.4372
-5.33363
-5.42159
-5.46358
-5.33641
-5.44009
-5.47702
-5.51641
-5.44798
-5.42584
-5.4137
-5.33771
-5.4363
-5.48709
-5.54145
-5.56851
-5.47857
-5.38206
-5.40946
-5.35227
-5.35751
-5.47187
-5.5065
-5.40022
-5.35689
-5.36682
-5.29239
-5.46954
-5.30462
-5.32838
-5.43772
-5.44656
-5.49246
-5.53132
-5.54882
-5.53887
-5.52411
-5.57443
-5.43391
-5.38723
-5.42822
-5.4134
-5.42608
-5.43118
-5.40795
-5.50471
-5.48732
-5.46831
-5.33368
-5.35671
-5.37393
-5.28455
-5.33876
-5.34956
-5.35228
-5.42906
-5.50685
-5.53037
-5.51675
-5.51151
-5.58664
-5.54749
-5.53928
-5.6459
-5.61272
-5.68698
-5.58705
-5.55119
-5.56913
-5.60628
-5.61044
-5.65823
-5.58765
-5.52268
-5.5064
-5.52807
-5.58484
-5.46226
-5.4537
-5.47478
-5.58102
-5.56361
-5.57577
-5.62668
-5.60521
-5.61781
-5.48489
-5.34497
-5.452
-5.40852
-5.40472
-5.55048
-5.47635
-5.57415
-5.63501
-5.60869
-5.56025
-5.66173
-5.60307
-5.60041
-5.71277
-5.71631
-5.61465
-5.70785
-5.60261
-5.62113
-5.65451
-5.58955
-5.53219
-5.54693
-5.50963
-5.48987
-5.42016
-5.3878
-5.38785
-5.46208
-5.55866
-5.56806
-5.59106
-5.589
-5.58947
-5.60532
-5.54929
-5.69685
-5.66288
-5.5328
-5.55876
-5.54336
-5.4928
-5.59362
-5.5533
-5.58948
-5.48344
-5.48332
-5.39575
-5.37088
-5.41253
-5.37116
-5.46435
-5.50649
-5.4714
-5.45307
-5.51978
-5.46751
-5.41971
-5.52346
-5.56162
-5.49661
-5.49236
-5.51523
-5.50827
-5.57015
-5.51514
-5.5018
-5.52173
-5.52847
-5.50719
-5.53048
-5.53481
-5.54384
-5.51659
-5.51405
-5.49262
-5.55042
-5.49028
-5.50648
-5.65821
-5.61966
-5.6236
-5.56471
-5.54706
-5.53772
-5.48605
-5.45617
-5.42736
-5.44731
-5.53545
-5.48265
-5.50432
-5.36925
-5.39666
-5.36653
-5.45936
-5.45176
-5.4196
-5.4811
-5.42298
-5.3654
-5.33138
-5.34677
-5.35324
-5.45306
-5.49424
-5.45919
-5.51465
-5.48891
-5.45202
-5.48232
-5.45706
-5.46937
-5.55091
-5.39867
-5.39518
-5.40678
-5.52652
-5.53141
-5.54673
-5.52516
-5.5579
-5.4627
-5.44115
-5.52863
-5.5483
-5.52374
-5.39369
-5.507
-5.55317
-5.44645
-5.51009
-5.51625
-5.45368
-5.53022
-5.39472
-5.3784
-5.45966
-5.41559
-5.53359
-5.49389
-5.46134
-5.35473
-5.40906
-5.40121
-5.41129
-5.41701
-5.48942
-5.42389
-5.51216
-5.50707
-5.56541
-5.55737
-5.48225
-5.51785
-5.6123
-5.48896
-5.48997
-5.56631
-5.56069
-5.53941
-5.47908
-5.41756
-5.40936
-5.3874
-5.46352
-5.4491
-5.56173
-5.5404
-5.5215
-5.5533
-5.50847
-5.46572
-5.49596
-5.4658
-5.44206
-5.40569
-5.40857
-5.34731
-5.3649
-5.38742
-5.44387
-5.40317
-5.38062
-5.4895
-5.47646
-5.48025
-5.42821
-5.5649
-5.5643
-5.53921
-5.57452
-5.59179
-5.65808
-5.6151
-5.57553
-5.54408
-5.55743
-5.60313
-5.56249
-5.52954
-5.42665
-5.45328
-5.54348
-5.42898
-5.59422
-5.54111
-5.57097
-5.5474
-5.52421
-5.49792
-5.49297
-5.44146
-5.37728
-5.37924
-5.4371
-5.5105
-5.5057
-5.5282
-5.46845
-5.59052
-5.51785
-5.51317
-5.52837
-5.52557
-5.55431
-5.52769
-5.52782
-5.47257
-5.37642
-5.51177
-5.51023
-5.52779
-5.48683
-5.53649
-5.42082
-5.47244
-5.4579
-5.55832
-5.64093
-5.59471
-5.57653
-5.577
-5.51266
-5.51573
-5.54865
-5.59691
-5.53973
-5.58228
-5.74335
-5.63252
-5.6226
-5.63028
-5.62871
-5.52063
-5.52589
-5.39352
-5.42997
-5.46671
-5.47108
-5.50121
-5.5249
-5.53333
-5.43192
-5.40629
-5.45596
-5.39956
-5.38613
-5.34721
-5.36619
-5.24728
-5.35689
-5.37295
-5.36681
-5.43468
-5.40724
-5.44898
-5.39681
-5.3864
-5.49333
-5.41933
-5.54879
-5.59089
-5.6055
-5.57787
-5.57067
-5.56393
-5.57561
-5.62717
-5.59033
-5.51497
-5.5014
-5.45544
-5.51262
-5.55754
-5.51783
-5.3776
-5.41897
-5.37549
-5.32112
-5.28693
-5.37563
-5.27379
-5.30007
-5.18225
-5.24026
-5.29321
-5.37414
-5.37503
-5.37189
-5.46482
-5.53817
-5.54236
-5.44257
-5.56475
-5.54696
-5.45188
-5.45312
-5.58407
-5.47864
-5.45728
-5.41145
-5.41591
-5.39148
-5.40732
-5.25791
-5.268
-5.28413
-5.26535
-5.31688
-5.25053
-5.27376
-5.2308
-5.2718
-5.28778
-5.28226
-5.23732
-5.19099
-5.17068
-5.28203
-5.29896
-5.31784
-5.28103
-5.3238
-5.33795
-5.36399
-5.28204
-5.29166
-5.26553
-5.36939
-5.2761
-5.2979
-5.36329
-5.4386
-5.41004
-5.40702
-5.46793
-5.57654
-5.5742
-5.48605
-5.35043
-5.33778
-5.33738
-5.36918
-5.51824
-5.47299
-5.52726
-5.51015
-5.5946
-5.54573
-5.48206
-5.57363
-5.61565
-5.5279
-5.43321
-5.44744
-5.38761
-5.46664
-5.4901
-5.46365
-5.56188
-5.54249
-5.68994
-5.7179
-5.69692
-5.61952
-5.64814
-5.67668
-5.67747
-5.7137
-5.70922
-5.66841
-5.76738
-5.61335
-5.55411
-5.52004
-5.52762
-5.56326
-5.4701
-5.51249
-5.50829
-5.59221
-5.62868
-5.5827
-5.60731
-5.53459
-5.57171
-5.51399
-5.60397
-5.54887
-5.53112
-5.54467
-5.55038
-5.57506
-5.60579
-5.58535
-5.59508
-5.56296
-5.49567
-5.54367
-5.59281
-5.56295
-5.48497
-5.54502
-5.48625
-5.47168
-5.4588
-5.46682
-5.46758
-5.47969
-5.52241
-5.53993
-5.61357
-5.4829
-5.5015
-5.48474
-5.43724
-5.50195
-5.50319
-5.40135
-5.48363
-5.53047
-5.61068
-5.6371
-5.62873
-5.5466
-5.48301
-5.54023
-5.50105
-5.57447
-5.58154
-5.57747
-5.52262
-5.52502
-5.5153
-5.52069
-5.44338
-5.42928
-5.39009
-5.34856
-5.40466
-5.46019
-5.488
-5.42776
-5.50521
-5.51225
-5.47568
-5.44612
-5.44832
-5.43517
-5.51811
-5.58375
-5.58889
-5.52425
-5.5203
-5.52612
-5.53563
-5.52819
-5.60391
-5.56028
-5.46502
-5.46557
-5.34001
-5.38804
-5.47993
-5.50619
-5.46484
-5.35465
-5.41669
-5.45324
-5.44977
-5.44779
-5.45972
-5.4479
-5.41899
-5.41818
-5.43525
-5.39346
-5.41895
-5.49079
-5.58518
-5.58992
-5.60056
-5.54285
-5.51044
-5.48202
-5.43698
-5.43452
-5.48528
-5.48043
-5.55001
-5.54231
-5.68361
-5.62573
-5.6249
-5.56021
-5.56087
-5.49729
-5.51309
-5.53253
-5.47576
-5.49298
-5.56892
-5.58031
-5.58449
-5.60562
-5.59314
-5.53709
-5.557
-5.64851
-5.64486
-5.59514
-5.55655
-5.54983
-5.54098
-5.53478
-5.55226
-5.54737
-5.56093
-5.5252
-5.59785
-5.5263
-5.54933
-5.5102
-5.5246
-5.47383
-5.45423
-5.40892
-5.44454
-5.50701
-5.41079
-5.36202
-5.34279
-5.37612
-5.39495
-5.35332
-5.45305
-5.47847
-5.52057
-5.48037
-5.38287
-5.31974
-5.32037
-5.41661
-5.49035
-5.32427
-5.31829
-5.34538
-5.35934
-5.3173
-5.27482
-5.40849
-5.47911
-5.40097
-5.38355
-5.44699
-5.45194
-5.39424
-5.41877
-5.43618
-5.35282
-5.37906
-5.22928
-5.29918
-5.37085
-5.34431
-5.38142
-5.48991
-5.51587
-5.52703
-5.56068
-5.54612
-5.45781
-5.34226
-5.35408
-5.40666
-5.44009
-5.34246
-5.42179
-5.47426
-5.51167
-5.47646
-5.52482
-5.55563
-5.51636
-5.46722
-5.48515
-5.4509
-5.52638
-5.56447
-5.5527
-5.64725
-5.68721
-5.64718
-5.61257
-5.5899
-5.52273
-5.37034
-5.37004
-5.39962
-5.32121
-5.49084
-5.46649
-5.4239
-5.45034
-5.44069
-5.49638
-5.51003
-5.46291
-5.55178
-5.60434
-5.49553
-5.51145
-5.56164
-5.51232
-5.51754
-5.36753
-5.22001
-5.38869
-5.36067
-5.37837
-5.40169
-5.43378
-5.44806
-5.48921
-5.54882
-5.51758
-5.50911
-5.51195
-5.52838
-5.61177
-5.53887
-5.50409
-5.41641
-5.46241
-5.50393
-5.52388
-5.42509
-5.47783
-5.46628
-5.45391
-5.41825
-5.44314
-5.50948
-5.48517
-5.44608
-5.50638
-5.55622
-5.57634
-5.50296
-5.4539
-5.37311
-5.44856
-5.43566
-5.52002
-5.5101
-5.44857
-5.52014
-5.45656
-5.4797
-5.50932
-5.60372
-5.57414
-5.50375
-5.44661
-5.43269
-5.49314
-5.43052
-5.49279
-5.50424
-5.51613
-5.42499
-5.4648
-5.47199
-5.44599
-5.4784
-5.4127
-5.36827
-5.38441
-5.37487
-5.42736
-5.37526
-5.4016
-5.49215
-5.4523
-5.42443
-5.42382
-5.54069
-5.44047
-5.46816
-5.40865
-5.50308
-5.53699
-5.50434
-5.46243
-5.51375
-5.55861
-5.52849
-5.39925
-5.44233
-5.47351
-5.45239
-5.42448
-5.50089
-5.52891
-5.54268
-5.4866
-5.5733
-5.50546
-5.52392
-5.4888
-5.41609
-5.4765
-5.44277
-5.36658
-5.42944
-5.40377
-5.38848
-5.40881
-5.39465
-5.38176
-5.46207
-5.46502
-5.39521
-5.44267
-5.46182
-5.42659
-5.41003
-5.413
-5.49621
-5.54028
-5.57777
-5.53084
-5.45401
-5.46962
-5.42709
-5.41775
-5.42312
-5.34144
-5.41524
-5.45376
-5.47276
-5.54706
-5.44574
-5.47986
-5.51359
-5.48749
-5.37691
-5.35519
-5.3913
-5.46479
-5.49333
-5.54768
-5.53633
-5.42366
-5.38959
-5.42105
-5.37552
-5.30132
-5.22748
-5.4236
-5.45915
-5.46668
-5.4095
-5.51317
-5.49025
-5.55099
-5.53323
-5.59205
-5.52347
-5.52873
-5.41334
-5.47204
-5.39328
-5.42686
-5.53002
-5.52168
-5.59339
-5.51956
-5.54559
-5.5338
-5.53839
-5.51842
-5.4214
-5.53608
-5.46029
-5.43127
-5.47918
-5.43032
-5.3426
-5.31721
-5.29343
-5.2855
-5.32615
-5.3433
-5.32894
-5.5126
-5.44804
-5.43746
-5.4822
-5.45047
-5.43688
-5.41794
-5.45152
-5.49147
-5.45986
-5.45353
-5.37477
-5.37231
-5.41265
-5.52063
-5.54408
-5.47739
-5.4282
-5.47903
-5.49144
-5.43718
-5.45912
-5.58294
-5.60058
-5.6191
-5.54125
-5.54931
-5.5402
-5.52022
-5.455
-5.50726
-5.61368
-5.56564
-5.52987
-5.58323
-5.61039
-5.57553
-5.47399
-5.46337
-5.51851
-5.4373
-5.42392
-5.39883
-5.42546
-5.47041
-5.37869
-5.42314
-5.36989
-5.38113
-5.40913
-5.46277
-5.48873
-5.50335
-5.60803
-5.64839
-5.70491
-5.64326
-5.60726
-5.64812
-5.56084
-5.67187
-5.59099
-5.58757
-5.47596
-5.5153
-5.45102
-5.44265
-5.35821
-5.40304
-5.36689
-5.39203
-5.48377
-5.50448
-5.49553
-5.57295
-5.53658
-5.4624
-5.43003
-5.49087
-5.59701
-5.5485
-5.52638
-5.61245
-5.64018
-5.56585
-5.48563
-5.50522
-5.47135
-5.49955
-5.52575
-5.53025
-5.52944
-5.53672
-5.52154
-5.55277
-5.63276
-5.52786
-5.53261
-5.4503
-5.49898
-5.35603
-5.46089
-5.49951
-5.51869
-5.51161
-5.50301
-5.49549
-5.50262
-5.53044
-5.47714
-5.49655
-5.47669
-5.52939
-5.44566
-5.44729
-5.3292
-5.35258
-5.43585
-5.35797
-5.34422
-5.42715
-5.48009
-5.51618
-5.48135
-5.48153
-5.55872
-5.52786
-5.51388
-5.49468
-5.50825
-5.51177
-5.51974
-5.5611
-5.52037
-5.51192
-5.56297
-5.57585
-5.55007
-5.47473
-5.45436
-5.41135
-5.25651
-5.28956
-5.31048
-5.28036
-5.37054
-5.38318
-5.42295
-5.47905
-5.48215
-5.45489
-5.45748
-5.3732
-5.46597
-5.41889
-5.41856
-5.37151
-5.35671
-5.29297
-5.34418
-5.42969
-5.39914
-5.26076
-5.1424
-5.19022
-5.20578
-5.23448
-5.23953
-5.32963
-5.38582
-5.4811
-5.37544
-5.40203
-5.34534
-5.28366
-5.32936
-5.31045
-5.38932
-5.3803
-5.45991
-5.41768
-5.41363
-5.46125
-5.38728
-5.32238
-5.3728
-5.3378
-5.42987
-5.38242
-5.45049
-5.39514
-5.29888
-5.39788
-5.40723
-5.41963
-5.49817
-5.61725
-5.51802
-5.52142
-5.54815
-5.57789
-5.50524
-5.5487
-5.62799
-5.5499
-5.61023
-5.5837
-5.64203
-5.52376
-5.53034
-5.50443
-5.50769
-5.61362
-5.55707
-5.51784
-5.54088
-5.4883
-5.54826
-5.52445
-5.46398
-5.49816
-5.45284
-5.34559
-5.30877
-5.41979
-5.46006
-5.33283
-5.41745
-5.35322
-5.30568
-5.43059
-5.44459
-5.5509
-5.53295
-5.52774
-5.43831
-5.40713
-5.44999
-5.50325
-5.5357
-5.57751
-5.49838
-5.47873
-5.49562
-5.52666
-5.57987
-5.5533
-5.47501
-5.50043
-5.55312
-5.49018
-5.50739
-5.64049
-5.6261
-5.62033
-5.56906
-5.52082
-5.51448
-5.55379
-5.53674
-5.46516
-5.47678
-5.51679
-5.42346
-5.52919
-5.54139
-5.523
-5.47927
-5.47987
-5.57813
-5.62455
-5.58634
-5.5255
-5.473
-5.45739
-5.45039
-5.49821
-5.5388
-5.47683
-5.41707
-5.48698
-5.44822
-5.40119
-5.46459
-5.47547
-5.46303
-5.54615
-5.49272
-5.47782
-5.52425
-5.4593
-5.44651
-5.42987
-5.45338
-5.48019
-5.49444
-5.38204
-5.34619
-5.36246
-5.35414
-5.37921
-5.34745
-5.40032
-5.40765
-5.31145
-5.33698
-5.34184
-5.28163
-5.30446
-5.39044
-5.50201
-5.39421
-5.44441
-5.44087
-5.49585
-5.43707
-5.49679
-5.4569
-5.46342
-5.40152
-5.44297
-5.33399
-5.42832
-5.41223
-5.43366
-5.42013
-5.4207
-5.36619
-5.40618
-5.52424
-5.46969
-5.48463
-5.50928
-5.48848
-5.4661
-5.43446
-5.5284
-5.40687
-5.44449
-5.41206
-5.41082
-5.52652
-5.42914
-5.34521
-5.33372
-5.40214
-5.38047
-5.38575
-5.29838
-5.32343
-5.30676
-5.31576
-5.28572
-5.2507
-5.24571
-5.2922
-5.38986
-5.36671
-5.35855
-5.32669
-5.4827
-5.46144
-5.36231
-5.37369
-5.42977
-5.38217
-5.48702
-5.52888
-5.34838
-5.32385
-5.3811
-5.39805
-5.4454
-5.49643
-5.56287
-5.5237
-5.5492
-5.62874
-5.55429
-5.59696
-5.40724
-5.53661
-5.58286
-5.63572
-5.57371
-5.46946
-5.40648
-5.42996
-5.49223
-5.42848
-5.34142
-5.3606
-5.47023
-5.55141
-5.65043
-5.60569
-5.58475
-5.47386
-5.54825
-5.53845
-5.44847
-5.45898
-5.43667
-5.41165
-5.4788
-5.47891
-5.49643
-5.62387
-5.48989
-5.49237
-5.6387
-5.56298
-5.56569
-5.54041
-5.60416
-5.4921
-5.38535
-5.48751
-5.5704
-5.60616
-5.52446
-5.50594
-5.57706
-5.51303
-5.57178
-5.54449
-5.58948
-5.52158
-5.57379
-5.53929
-5.58247
-5.53067
-5.52233
-5.49893
-5.48723
-5.51697
-5.45432
-5.46786
-5.55975
-5.47505
-5.51488
-5.51851
-5.55859
-5.59094
-5.65079
-5.65169
-5.57078
-5.63681
-5.67411
-5.56007
-5.57399
-5.57841
-5.51757
-5.32067
-5.26498
-5.3763
-5.37816
-5.42165
-5.35037
-5.39431
-5.37735
-5.46589
-5.52421
-5.51909
-5.47475
-5.48529
-5.51337
-5.53194
-5.53684
-5.60841
-5.58109
-5.57634
-5.57165
-5.54123
-5.49237
-5.55797
-5.60447
-5.56418
-5.49972
-5.44822
-5.44306
-5.44814
-5.40036
-5.41674
-5.36769
-5.40616
-5.42975
-5.41184
-5.49077
-5.45526
-5.44964
-5.46795
-5.48264
-5.49746
-5.51396
-5.53316
-5.50164
-5.51785
-5.51336
-5.58157
-5.4483
-5.45847
-5.51096
-5.49298
-5.42237
-5.52949
-5.42242
-5.40804
-5.33242
-5.40198
-5.375
-5.40894
-5.4061
-5.47371
-5.51243
-5.42146
-5.40926
-5.36902
-5.41803
-5.45718
-5.43512
-5.45392
-5.42784
-5.4274
-5.36559
-5.3938
-5.39544
-5.46785
-5.39116
-5.41421
-5.41137
-5.32523
-5.32591
-5.32188
-5.32864
-5.36629
-5.3301
-5.3549
-5.52414
-5.50534
-5.50904
-5.4789
-5.49017
-5.40946
-5.39212
-5.43927
-5.46811
-5.4159
-5.3648
-5.31764
-5.33051
-5.30323
-5.33803
-5.37586
-5.42556
-5.44639
-5.43404
-5.36474
-5.38705
-5.34943
-5.40135
-5.29898
-5.35089
-5.35669
-5.34308
-5.39744
-5.41314
-5.41673
-5.42849
-5.34704
-5.39324
-5.43433
-5.38294
-5.41421
-5.50273
-5.61161
-5.49551
-5.40124
-5.4825
-5.50523
-5.56116
-5.43552
-5.39081
-5.44218
-5.46522
-5.374
-5.3493
-5.44468
-5.35622
-5.39217
-5.49874
-5.51058
-5.47784
-5.43136
-5.43175
-5.49022
-5.39336
-5.46978
-5.47412
-5.46099
-5.51556
-5.50893
-5.55283
-5.44555
-5.51751
-5.45419
-5.52128
-5.55558
-5.49107
-5.48229
-5.46571
-5.52519
-5.53556
-5.54509
-5.54135
-5.51573
-5.53577
-5.59741
-5.57388
-5.54375
-5.56445
-5.56795
-5.48751
-5.45706
-5.33913
-5.3693
-5.34071
-5.38208
-5.4386
-5.46866
-5.51863
-5.53656
-5.41725
-5.38524
-5.37793
-5.36892
-5.31958
-5.28899
-5.29242
-5.36604
-5.40624
-5.49295
-5.4916
-5.56078
-5.55373
-5.5632
-5.61007
-5.45185
-5.51852
-5.51756
-5.50514
-5.46328
-5.56116
-5.56076
-5.54146
-5.45063
-5.48257
-5.59335
-5.49585
-5.49957
-5.61624
-5.60368
-5.60609
-5.46367
-5.52974
-5.5204
-5.55595
-5.56256
-5.61466
-5.52658
-5.52279
-5.51791
-5.43554
-5.46019
-5.41683
-5.49072
-5.35923
-5.31684
-5.37577
-5.34558
-5.39842
-5.30856
-5.29997
-5.29091
-5.34964
-5.44284
-5.4777
-5.4578
-5.39
-5.41737
-5.35486
-5.41074
-5.47859
-5.44351
-5.44262
-5.56232
-5.52044
-5.42017
-5.47016
-5.60376
-5.58171
-5.51478
-5.54072
-5.4995
-5.54953
-5.59124
-5.63532
-5.47234
-5.43479
-5.5157
-5.38646
-5.32051
-5.38875
-5.47218
-5.48978
-5.44424
-5.47886
-5.53156
-5.48386
-5.49724
-5.45157
-5.37926
-5.49699
-5.54586
-5.58716
-5.5767
-5.65368
-5.50273
-5.47292
-5.4108
-5.55378
-5.59204
-5.42929
-5.45053
-5.44741
-5.42859
-5.38823
-5.46024
-5.4712
-5.44793
-5.4893
-5.53539
-5.52245
-5.42769
-5.51457
-5.59197
-5.57814
-5.49508
-5.58253
-5.60747
-5.51756
-5.49978
-5.52542
-5.45657
-5.47714
-5.47474
-5.53197
-5.53116
-5.54755
-5.47745
-5.52982
-5.54437
-5.54447
-5.64165
-5.64904
-5.53684
-5.4892
-5.45882
-5.47656
-5.5633
-5.53302
-5.63866
-5.57283
-5.46848
-5.46739
-5.54824
-5.4211
-5.40263
-5.49605
-5.5105
-5.41679
-5.48276
-5.55805
-5.63931
-5.60578
-5.60057
-5.59824
-5.56803
-5.45812
-5.46504
-5.43973
-5.29497
-5.43193
-5.5079
-5.5285
-5.60708
-5.73336
-5.66503
-5.74276
-5.65266
-5.68852
-5.66909
-5.75322
-5.66305
-5.69563
-5.63218
-5.59327
-5.54979
-5.49942
-5.47005
-5.44428
-5.5435
-5.55068
-5.5435
-5.48039
-5.55559
-5.58717
-5.60574
-5.56444
-5.5168
-5.62125
-5.58353
-5.59005
-5.61212
-5.56071
-5.65906
-5.60613
-5.62477
-5.51862
-5.5714
-5.49141
-5.50465
-5.47667
-5.46436
-5.45476
-5.4433
-5.42087
-5.39113
-5.46065
-5.54701
-5.56896
-5.55616
-5.53508
-5.56021
-5.56255
-5.47415
-5.47379
-5.52858
-5.4515
-5.52473
-5.58891
-5.58976
-5.59598
-5.58826
-5.50043
-5.55767
-5.64229
-5.63834
-5.63745
-5.54598
-5.57088
-5.46319
-5.52189
-5.55707
-5.60175
-5.57056
-5.57613
-5.48126
-5.37063
-5.47693
-5.37854
-5.44786
-5.45863
-5.48169
-5.50153
-5.5925
-5.48182
-5.44845
-5.53431
-5.5124
-5.39242
-5.4116
-5.4364
-5.39171
-5.47913
-5.51688
-5.50976
-5.44804
-5.51468
-5.50482
-5.46641
-5.3606
-5.36722
-5.33191
-5.39461
-5.33769
-5.499
-5.44762
-5.38512
-5.48052
-5.45988
-5.5373
-5.48447
-5.40752
-5.37781
-5.43132
-5.34734
-5.41903
-5.41823
-5.41521
-5.46676
-5.33395
-5.295
-5.36783
-5.32156
-5.30695
-5.29403
-5.35062
-5.3245
-5.42892
-5.43932
-5.39185
-5.46294
-5.43041
-5.41832
-5.42225
-5.39562
-5.37818
-5.42227
-5.47195
-5.49459
-5.48718
-5.50428
-5.53556
-5.55796
-5.56153
-5.46985
-5.5461
-5.45055
-5.50222
-5.52583
-5.45263
-5.46899
-5.41066
-5.36489
-5.36737
-5.46475
-5.46556
-5.48213
-5.50306
-5.52244
-5.51217
-5.53481
-5.48022
-5.51629
-5.56807
-5.59665
-5.61415
-5.54955
-5.64403
-5.68417
-5.66033
-5.57855
-5.5707
-5.53182
-5.42894
-5.42398
-5.43361
-5.45742
-5.36533
-5.42331
-5.48551
-5.49238
-5.37022
-5.40258
-5.46469
-5.55115
-5.67182
-5.63348
-5.60682
-5.57785
-5.54285
-5.55592
-5.5004
-5.53963
-5.49756
-5.56674
-5.59993
-5.56948
-5.56447
-5.39662
-5.38316
-5.38916
-5.53751
-5.52361
-5.42046
-5.43489
-5.45391
-5.42798
-5.35554
-5.38806
-5.39996
-5.30505
-5.19564
-5.26424
-5.34636
-5.32
-5.35953
-5.38522
-5.46647
-5.54698
-5.51157
-5.49343
-5.44753
-5.3955
-5.32447
-5.41735
-5.41653
-5.51404
-5.53711
-5.42743
-5.52175
-5.53304
-5.54478
-5.53785
-5.58522
-5.58371
-5.5322
-5.57453
-5.50163
-5.50516
-5.48845
-5.52032
-5.46438
-5.54089
-5.49983
-5.40792
-5.39462
-5.44044
-5.48799
-5.53415
-5.56868
-5.5198
-5.51617
-5.55579
-5.49006
-5.47328
-5.51869
-5.46156
-5.48506
-5.3925
-5.38155
-5.41292
-5.47528
-5.38331
-5.41494
-5.56036
-5.53193
-5.49521
-5.56593
-5.56966
-5.62536
-5.54904
-5.44722
-5.5582
-5.53407
-5.54648
-5.52263
-5.44914
-5.39386
-5.34673
-5.46925
-5.44489
-5.4763
-5.38092
-5.50828
-5.42595
-5.4589
-5.50544
-5.57898
-5.58798
-5.63165
-5.72198
-5.71013
-5.70537
-5.63062
-5.63978
-5.68729
-5.6367
-5.55207
-5.42105
-5.38686
-5.37935
-5.32628
-5.44439
-5.4396
-5.3912
-5.44918
-5.49288
-5.59073
-5.52594
-5.55038
-5.56142
-5.43669
-5.46611
-5.50001
-5.53189
-5.5587
-5.54957
-5.54694
-5.64076
-5.56496
-5.4872
-5.52691
-5.5682
-5.58374
-5.54021
-5.46271
-5.47461
-5.47348
-5.54804
-5.57689
-5.5106
-5.44051
-5.57147
-5.48211
-5.45523
-5.38528
-5.34975
-5.44786
-5.45722
-5.51964
-5.47007
-5.44594
-5.39161
-5.39412
-5.44088
-5.47915
-5.51137
-5.46204
-5.46469
-5.43737
-5.34478
-5.30791
-5.20913
-5.38513
-5.40599
-5.42497
-5.30741
-5.33516
-5.26262
-5.24567
-5.33063
-5.31819
-5.33683
-5.4114
-5.47843
-5.44316
-5.42527
-5.47772
-5.48906
-5.4261
-5.4671
-5.59742
-5.40753
-5.50683
-5.45396
-5.51653
-5.57509
-5.56019
-5.54273
-5.53115
-5.50218
-5.46987
-5.44474
-5.4136
-5.32683
-5.33574
-5.37657
-5.49021
-5.45192
-5.43633
-5.47128
-5.44086
-5.43121
-5.26377
-5.29859
-5.38185
-5.36725
-5.47514
-5.45778
-5.5314
-5.63665
-5.58409
-5.60211
-5.63506
-5.59737
-5.59172
-5.65198
-5.68664
-5.67745
-5.69348
-5.62702
-5.56137
-5.54604
-5.61787
-5.59671
-5.65102
-5.63463
-5.59055
-5.55791
-5.45034
-5.42363
-5.54111
-5.51696
-5.51403
-5.58705
-5.62523
-5.5575
-5.50534
-5.50643
-5.60681
-5.52998
-5.44728
-5.43837
-5.46354
-5.44568
-5.58022
-5.54121
-5.52225
-5.54574
-5.55528
-5.42545
-5.45773
-5.49273
-5.41946
-5.46293
-5.53664
-5.38077
-5.51816
-5.50694
-5.56497
-5.58401
-5.66989
-5.57656
-5.60279
-5.55444
-5.56023
-5.48651
-5.4361
-5.5488
-5.50772
-5.48323
-5.47162
-5.51664
-5.67118
-5.65194
-5.65242
-5.63825
-5.63542
-5.66665
-5.55871
-5.53183
-5.52397
-5.42422
-5.46348
-5.48927
-5.43293
-5.44978
-5.49351
-5.5135
-5.56994
-5.4953
-5.51637
-5.60572
-5.62507
-5.62106
-5.52202
-5.5341
-5.53574
-5.57023
-5.6044
-5.55463
-5.50758
-5.44528
-5.45599
-5.3429
-5.32689
-5.44554
-5.53335
-5.37977
-5.41851
-5.33981
-5.43577
-5.29772
-5.41693
-5.4996
-5.60474
-5.60205
-5.54532
-5.49558
-5.5852
-5.58816
-5.59283
-5.57652
-5.54113
-5.44776
-5.40267
-5.5712
-5.5845
-5.68812
-5.60957
-5.65738
-5.64916
-5.60819
-5.53498
-5.54188
-5.64392
-5.67451
-5.60989
-5.57531
-5.54164
-5.57812
-5.54515
-5.51752
-5.46542
-5.52331
-5.5024
-5.53761
-5.49429
-5.44056
-5.42001
-5.49832
-5.47295
-5.39064
-5.45612
-5.46359
-5.44763
-5.45566
-5.51054
-5.5781
-5.52631
-5.45786
-5.46835
-5.51187
-5.43442
-5.47786
-5.55899
-5.56126
-5.56306
-5.57675
-5.51933
-5.53496
-5.51698
-5.63395
-5.62269
-5.62363
-5.59947
-5.59872
-5.64659
-5.61473
-5.59203
-5.62097
-5.47607
-5.55193
-5.52088
-5.41443
-5.38606
-5.44589
-5.42427
-5.45411
-5.45864
-5.53565
-5.43247
-5.38774
-5.36234
-5.46004
-5.46186
-5.47656
-5.46664
-5.38257
-5.41849
-5.41843
-5.33636
-5.48906
-5.47804
-5.45332
-5.44504
-5.46013
-5.4364
-5.52471
-5.56163
-5.61078
-5.58993
-5.62966
-5.51296
-5.47654
-5.47923
-5.45638
-5.52853
-5.60836
-5.50349
-5.48559
-5.49759
-5.40518
-5.40321
-5.48521
-5.61743
-5.73873
-5.64625
-5.67432
-5.57307
-5.62137
-5.65841
-5.63693
-5.59543
-5.57894
-5.48876
-5.48723
-5.38412
-5.38081
-5.42714
-5.38222
-5.48218
-5.6309
-5.57088
-5.58611
-5.44942
-5.46096
-5.36421
-5.38019
-5.38013
-5.41754
-5.39592
-5.38965
-5.49001
-5.49688
-5.38097
-5.30298
-5.29258
-5.34259
-5.32177
-5.35914
-5.40489
-5.42634
-5.44512
-5.43193
-5.41591
-5.49106
-5.48913
-5.3758
-5.3129
-5.3948
-5.40819
-5.40278
-5.44562
-5.51085
-5.41761
-5.33916
-5.47688
-5.45681
-5.4687
-5.46779
-5.42763
-5.41127
-5.38496
-5.38599
-5.28659
-5.28331
-5.21142
-5.21244
-5.24638
-5.32461
-5.40972
-5.43039
-5.53152
-5.56166
-5.60783
-5.51954
-5.51077
-5.43369
-5.55959
-5.52025
-5.61291
-5.62218
-5.55202
-5.47937
-5.41562
-5.43149
-5.40205
-5.28645
-5.33795
-5.39779
-5.39673
-5.44299
-5.4668
-5.45406
-5.50991
-5.53631
-5.4823
-5.49353
-5.39037
-5.44424
-5.46897
-5.42967
-5.33232
-5.37944
-5.31318
-5.22116
-5.26708
-5.29412
-5.24089
-5.36836
-5.31474
-5.42009
-5.45461
-5.36732
-5.31426
-5.22292
-5.19732
-5.21749
-5.17253
-5.21401
-5.15857
-5.34889
-5.39419
-5.37104
-5.41432
-5.42696
-5.40941
-5.43846
-5.49639
-5.4171
-5.3782
-5.60022
-5.40337
-5.35169
-5.3563
-5.24256
-5.30211
-5.31328
-5.42943
-5.42432
-5.43492
-5.48405
-5.45246
-5.58285
-5.62157
-5.54475
-5.55137
-5.48413
-5.63789
-5.55945
-5.52355
-5.54193
-5.54909
-5.38015
-5.42986
-5.46384
-5.45878
-5.43101
-5.48931
-5.4501
-5.42459
-5.42462
-5.43002
-5.41813
-5.42254
-5.48254
-5.57173
-5.57013
-5.48658
-5.31723
-5.49955
-5.51468
-5.50108
-5.49433
-5.49016
-5.48828
-5.51767
-5.53506
-5.52311
-5.4446
-5.34958
-5.31827
-5.34896
-5.50027
-5.5143
-5.54027
-5.62043
-5.60864
-5.48898
-5.52476
-5.5028
-5.42637
-5.50586
-5.50272
-5.48144
-5.49249
-5.50715
-5.41135
-5.42469
-5.5204
-5.50784
-5.44976
-5.49854
-5.54631
-5.44993
-5.42534
-5.35139
-5.39455
-5.50368
-5.58584
-5.61503
-5.62096
-5.56584
-5.53643
-5.57027
-5.4141
-5.38148
-5.47714
-5.53151
-5.50664
-5.49822
-5.44775
-5.36221
-5.4389
-5.43207
-5.3188
-5.24626
-5.31782
-5.37492
-5.42913
-5.41942
-5.48439
-5.44471
-5.46547
-5.4478
-5.42325
-5.50815
-5.44063
-5.45725
-5.46134
-5.43649
-5.54931
-5.55073
-5.45961
-5.44804
-5.45122
-5.47284
-5.46941
-5.45641
-5.49245
-5.43782
-5.48841
-5.43096
-5.3631
-5.40291
-5.33283
-5.2528
-5.39934
-5.42157
-5.44157
-5.49155
-5.49839
-5.56172
-5.50736
-5.4655
-5.59245
-5.48955
-5.47489
-5.44831
-5.46159
-5.47834
-5.53951
-5.50117
-5.56742
-5.36892
-5.46309
-5.55332
-5.59814
-5.55791
-5.565
-5.53071
-5.37946
-5.50191
-5.54831
-5.54195
-5.41685
-5.42425
-5.51753
-5.51669
-5.54687
-5.53964
-5.54175
-5.44975
-5.44661
-5.38075
-5.47832
-5.39083
-5.3801
-5.4297
-5.42046
-5.38658
-5.41014
-5.32261
-5.3233
-5.34467
-5.27582
-5.40715
-5.35555
-5.42251
-5.35292
-5.26109
-5.3052
-5.32091
-5.32692
-5.27129
-5.35164
-5.37434
-5.40049
-5.35218
-5.42745
-5.38093
-5.36408
-5.44204
-5.54118
-5.51309
-5.5222
-5.51185
-5.43357
-5.47843
-5.47781
-5.48967
-5.53522
-5.49095
-5.46765
-5.38133
-5.34821
-5.35453
-5.41814
-5.5051
-5.53003
-5.3289
-5.47131
-5.39549
-5.42374
-5.36205
-5.40086
-5.51345
-5.59391
-5.55626
-5.51292
-5.51022
-5.4724
-5.43168
-5.61136
-5.5715
-5.61401
-5.60431
-5.57023
-5.54411
-5.52228
-5.50881
-5.40906
-5.58431
-5.59808
-5.51336
-5.48178
-5.49564
-5.38785
-5.44427
-5.46438
-5.32007
-5.39327
-5.42957
-5.38366
-5.4233
-5.44123
-5.47534
-5.49023
-5.54248
-5.48481
-5.479
-5.47652
-5.38566
-5.46818
-5.35514
-5.35875
-5.48151
-5.55738
-5.56835
-5.40908
-5.22735
-5.33371
-5.46378
-5.41109
-5.46361
-5.50989
-5.4859
-5.43334
-5.37405
-5.37806
-5.38776
-5.39003
-5.43153
-5.46499
-5.47858
-5.51452
-5.52895
-5.53776
-5.5773
-5.6142
-5.57792
-5.56012
-5.56936
-5.50684
-5.36314
-5.41201
-5.40892
-5.39855
-5.40399
-5.36005
-5.44769
-5.44967
-5.3584
-5.34613
-5.44512
-5.47417
-5.45996
-5.45567
-5.46983
-5.45739
-5.379
-5.35351
-5.51201
-5.48284
-5.43185
-5.4404
-5.38206
-5.47817
-5.41941
-5.46458
-5.42847
-5.46471
-5.35671
-5.33011
-5.38437
-5.3871
-5.33649
-5.41286
-5.25647
-5.32771
-5.37375
-5.42461
-5.37135
-5.3644
-5.36412
-5.35037
-5.35301
-5.31674
-5.32604
-5.34846
-5.3472
-5.32712
-5.38872
-5.3931
-5.41669
-5.52442
-5.5234
-5.46656
-5.43492
-5.42765
-5.46294
-5.49907
-5.53208
-5.52571
-5.53157
-5.41736
-5.34461
-5.2764
-5.18578
-5.23697
-5.29957
-5.31942
-5.30151
-5.40339
-5.45167
-5.41578
-5.17257
-5.20151
-5.26146
-5.31248
-5.3906
-5.414
-5.47441
-5.47219
-5.46136
-5.42841
-5.42883
-5.52339
-5.55731
-5.52151
-5.54995
-5.46028
-5.39908
-5.39511
-5.39142
-5.47402
-5.46096
-5.50849
-5.42416
-5.3532
-5.38995
-5.44123
-5.53115
-5.60615
-5.51397
-5.55457
-5.59329
-5.56162
-5.65662
-5.55761
-5.52831
-5.55012
-5.64418
-5.65765
-5.56944
-5.60853
-5.51197
-5.55797
-5.56742
-5.55521
-5.65125
-5.56745
-5.43532
-5.63065
-5.53167
-5.48552
-5.53523
-5.54553
-5.46643
-5.41718
-5.39395
-5.43103
-5.45072
-5.33628
-5.49392
-5.42297
-5.43338
-5.52309
-5.50267
-5.45778
-5.44833
-5.3266
-5.38006
-5.42156
-5.46154
-5.49462
-5.51678
-5.3985
-5.40862
-5.3348
-5.37061
-5.33452
-5.34845
-5.35336
-5.41922
-5.35941
-5.43364
-5.44232
-5.33241
-5.36875
-5.37541
-5.39725
-5.34318
-5.34909
-5.27156
-5.37111
-5.39068
-5.44934
-5.63397
-5.56048
-5.62563
-5.66177
-5.52754
-5.57267
-5.60815
-5.52675
-5.44319
-5.37959
-5.38967
-5.48107
-5.53787
-5.42429
-5.40117
-5.41762
-5.32309
-5.33135
-5.47678
-5.41976
-5.43993
-5.45494
-5.50631
-5.57883
-5.52301
-5.32001
-5.49617
-5.55524
-5.52493
-5.47276
-5.50686
-5.477
-5.4279
-5.50399
-5.48835
-5.4795
-5.54155
-5.64161
-5.60095
-5.52493
-5.53192
-5.52424
-5.40159
-5.47504
-5.55835
-5.52038
-5.58191
-5.56206
-5.56455
-5.56598
-5.56963
-5.58032
-5.48695
-5.54238
-5.65752
-5.5741
-5.57334
-5.51537
-5.41537
-5.48183
-5.47932
-5.5322
-5.52314
-5.45536
-5.38676
-5.50596
-5.42616
-5.41793
-5.48638
-5.5278
-5.49948
-5.5332
-5.51889
-5.41267
