# BLOCK:    VELOCITY:    BLOCK_POFV:    AVE_POFV:    ERROR:
           1   0.0757188  0.00431054  0.00431054           0
           1    0.227156    0.026597    0.026597           0
           1    0.378594   0.0752663   0.0752663           0
           1    0.530031    0.183702    0.183702           0
           1    0.681469    0.308892    0.308892           0
           1    0.832907    0.361291    0.361291           0
           1    0.984344    0.353159    0.353159           0
           1     1.13578    0.334357    0.334357           0
           1     1.28722    0.457896    0.457896           0
           1     1.43866    0.439186    0.439186           0
           1     1.59009    0.669662    0.669662           0
           1     1.74153    0.400513    0.400513           0
           1     1.89297    0.366029    0.366029           0
           1     2.04441    0.454991    0.454991           0
           1     2.19584    0.416135    0.416135           0
           1     2.34728    0.362024    0.362024           0
           1     2.49872    0.233686    0.233686           0
           1     2.65016    0.277678    0.277678           0
           1     2.80159    0.202779    0.202779           0
           1     2.95303   0.0904908   0.0904908           0
           1     3.10447    0.162608    0.162608           0
           1     3.25591    0.174256    0.174256           0
           1     3.40735    0.117179    0.117179           0
           1     3.55878   0.0314578   0.0314578           0
           1     3.71022   0.0155913   0.0155913           0
           1     3.86166   0.0344232   0.0344232           0
           1      4.0131  0.00531939  0.00531939           0
           1     4.16453   0.0324972   0.0324972           0
           1     4.31597   0.0078568   0.0078568           0
           1     4.46741  0.00317941  0.00317941           0

           2   0.0757188  0.00238455  0.00334755 0.000680939
           2    0.227156   0.0132373   0.0199171  0.00472334
           2    0.378594   0.0683878   0.0718271  0.00243193
           2    0.530031    0.118525    0.151114   0.0230438
           2    0.681469    0.353342    0.331117   0.0157156
           2    0.832907     0.33769     0.34949   0.0083442
           2    0.984344    0.399902     0.37653   0.0165263
           2     1.13578     0.41317    0.373764   0.0278645
           2     1.28722    0.458385     0.45814 0.000172937
           2     1.43866    0.430504    0.434845  0.00306963
           2     1.59009    0.504456    0.587059   0.0584094
           2     1.74153    0.348267     0.37439   0.0184718
           2     1.89297    0.486113    0.426071    0.042456
           2     2.04441    0.435059    0.445025  0.00704718
           2     2.19584    0.400636    0.408386  0.00547994
           2     2.34728    0.329925    0.345974    0.011349
           2     2.49872    0.164106    0.198896   0.0246003
           2     2.65016    0.318827    0.298253   0.0145483
           2     2.80159    0.319561     0.26117   0.0412887
           2     2.95303    0.166888     0.12869   0.0270106
           2     3.10447    0.191712     0.17716   0.0102897
           2     3.25591   0.0797297    0.126993   0.0334201
           2     3.40735   0.0833677    0.100274   0.0119543
           2     3.55878     0.14185   0.0866541   0.0390297
           2     3.71022   0.0233564   0.0194739  0.00274537
           2     3.86166  0.00715366   0.0207884  0.00964123
           2      4.0131  0.00684795  0.00608367 0.000540428
           2     4.16453           0   0.0162486   0.0114895
           2     4.31597           0   0.0039284   0.0027778
           2     4.46741           0   0.0015897  0.00112409

           3   0.0757188  0.00483025  0.00384178 0.000607391
           3    0.227156   0.0125342   0.0174562  0.00373539
           3    0.378594   0.0549976   0.0662172  0.00485887
           3    0.530031   0.0774369    0.126555   0.0252607
           3    0.681469    0.240045     0.30076   0.0269099
           3    0.832907    0.384311    0.361097    0.010989
           3    0.984344    0.400208    0.384423   0.0127637
           3     1.13578      0.3586    0.368709   0.0190292
           3     1.28722    0.446279    0.454186  0.00323038
           3     1.43866    0.473548    0.447746   0.0107306
           3     1.59009    0.573455    0.582524   0.0391153
           3     1.74153    0.536922    0.428568   0.0459177
           3     1.89297    0.418948    0.423697   0.0283703
           3     2.04441    0.426468     0.43884  0.00689782
           3     2.19584    0.452882    0.423218   0.0126494
           3     2.34728    0.331361    0.341103  0.00854763
           3     2.49872    0.298497    0.232097   0.0316829
           3     2.65016     0.30241    0.299639  0.00976467
           3     2.80159    0.184436    0.235592   0.0345517
           3     2.95303    0.101221    0.119533   0.0194973
           3     3.10447    0.123508    0.159276   0.0161334
           3     3.25591    0.103606    0.119197   0.0231714
           3     3.40735    0.107825    0.102791  0.00823023
           3     3.55878   0.0458262   0.0730448   0.0282932
           3     3.71022   0.0192599   0.0194025  0.00183118
           3     3.86166   0.0664312   0.0360027   0.0139867
           3      4.0131    0.047202   0.0197898   0.0111968
           3     4.16453  0.00917136   0.0138895  0.00789814
           3     4.31597  0.00116171  0.00300617   0.0019991
           3     4.46741           0   0.0010598 0.000865325

           4   0.0757188   0.0101802  0.00542639  0.00144594
           4    0.227156    0.101191   0.0383898   0.0183443
           4    0.378594    0.108589   0.0768102  0.00987104
           4    0.530031    0.141942    0.130402   0.0192362
           4    0.681469    0.380703    0.320746   0.0265878
           4    0.832907    0.440898    0.381047   0.0191425
           4    0.984344     0.32381     0.36927   0.0162435
           4     1.13578    0.363033     0.36729   0.0143247
           4     1.28722    0.407453    0.442503   0.0104041
           4     1.43866    0.486847    0.457521   0.0116805
           4     1.59009    0.355237    0.525703   0.0572901
           4     1.74153    0.414729    0.425108   0.0345683
           4     1.89297    0.366855    0.409486   0.0245804
           4     2.04441    0.515064    0.457896   0.0172949
           4     2.19584    0.387612    0.414316   0.0122241
           4     2.34728    0.270586    0.323474   0.0165588
           4     2.49872    0.294003    0.247573   0.0272816
           4     2.65016    0.326439    0.306339  0.00934361
           4     2.80159     0.22479    0.232891   0.0260191
           4     2.95303    0.170801     0.13235   0.0183586
           4     3.10447   0.0962687    0.143524   0.0182346
           4     3.25591    0.132985    0.122644   0.0176331
           4     3.40735    0.101527    0.102475  0.00617873
           4     3.55878   0.0284007   0.0618838   0.0233176
           4     3.71022   0.0672261   0.0313584   0.0104448
           4     3.86166   0.0269638    0.033743    0.010671
           4      4.0131   0.0194739   0.0197108  0.00839786
           4     4.16453  0.00192599   0.0108986  0.00646515
           4     4.31597 9.17136e-05  0.00227756   0.0016267
           4     4.46741 6.11424e-05 0.000810137 0.000684063

           5   0.0757188  0.00449397  0.00523991  0.00116872
           5    0.227156   0.0290121   0.0365143    0.014771
           5    0.378594    0.123019   0.0860518   0.0114318
           5    0.530031    0.101955    0.124712   0.0162085
           5    0.681469    0.357958    0.328188   0.0222875
           5    0.832907    0.445942    0.394026   0.0192167
           5    0.984344    0.375781    0.370572   0.0130469
           5     1.13578    0.376974    0.369227     0.01159
           5     1.28722    0.565873    0.467177   0.0235865
           5     1.43866    0.553217     0.47666   0.0195029
           5     1.59009    0.416716    0.503905   0.0498064
           5     1.74153    0.220235    0.384133    0.045912
           5     1.89297    0.454472    0.418483   0.0212472
           5     2.04441    0.459027    0.458122   0.0138374
           5     2.19584    0.341878    0.399829   0.0162342
           5     2.34728    0.291435    0.317066   0.0144337
           5     2.49872    0.366213    0.271301   0.0304426
           5     2.65016     0.34414    0.313899   0.0100797
           5     2.80159    0.175632     0.22144    0.023199
           5     2.95303    0.133871    0.132655   0.0146894
           5     3.10447    0.155852     0.14599   0.0147534
           5     3.25591   0.0732792    0.112771   0.0166425
           5     3.40735   0.0475382   0.0914874   0.0110004
           5     3.55878   0.0262912   0.0547653   0.0197107
           5     3.71022    0.021461   0.0293789  0.00854135
           5     3.86166   0.0372969   0.0344538  0.00856046
           5      4.0131   0.0117699   0.0181226  0.00686682
           5     4.16453   0.0104859   0.0108161  0.00517264
           5     4.31597  0.00317941  0.00245793  0.00131132
           5     4.46741   0.0117699  0.00300209  0.00203549

           6   0.0757188  0.00324055  0.00490668  0.00102033
           6    0.227156  0.00975222   0.0320539   0.0129651
           6    0.378594    0.077284   0.0845905  0.00961947
           6    0.530031    0.165176    0.131456   0.0148439
           6    0.681469    0.254138    0.315846   0.0217229
           6    0.832907    0.290579    0.376785   0.0224535
           6    0.984344    0.260864    0.352287   0.0199203
           6     1.13578    0.341756    0.364648   0.0105239
           6     1.28722    0.580089    0.485996   0.0261046
           6     1.43866    0.659238     0.50709   0.0321834
           6     1.59009    0.580486    0.516669   0.0431097
           6     1.74153     0.40996    0.388438   0.0384613
           6     1.89297     0.36713    0.409924   0.0193533
           6     2.04441     0.43671    0.454553   0.0119825
           6     2.19584    0.431268    0.405069   0.0143493
           6     2.34728    0.388682    0.329002   0.0162296
           6     2.49872    0.245731     0.26704   0.0256654
           6     2.65016    0.304275    0.312295   0.0085264
           6     2.80159    0.232616    0.223302   0.0194072
           6     2.95303    0.167347    0.138437   0.0133306
           6     3.10447    0.126076    0.142671   0.0126624
           6     3.25591   0.0503202    0.102363   0.0168114
           6     3.40735   0.0539888   0.0852376   0.0107974
           6     3.55878   0.0298375   0.0506106   0.0168578
           6     3.71022   0.0348512    0.030291  0.00716632
           6     3.86166   0.0116171   0.0306476  0.00793486
           6      4.0131   0.0220113   0.0187707  0.00575286
           6     4.16453  0.00721481   0.0102159  0.00434522
           6     4.31597  0.00357683  0.00264441  0.00110595
           6     4.46741  0.00730652   0.0037195  0.00181828

           7   0.0757188           0  0.00420573  0.00108905
           7    0.227156   0.0190153   0.0301913   0.0112459
           7    0.378594   0.0869751   0.0849312  0.00825129
           7    0.530031    0.150624    0.134195   0.0129735
           7    0.681469    0.252916    0.306856   0.0203953
           7    0.832907    0.358325    0.374148   0.0194001
           7    0.984344    0.290365    0.343441    0.018937
           7     1.13578    0.392229    0.368588  0.00973011
           7     1.28722    0.459822    0.482257   0.0226416
           7     1.43866    0.517143    0.508526   0.0276178
           7     1.59009    0.428303    0.504045   0.0387554
           7     1.74153    0.511701    0.406047   0.0367776
           7     1.89297    0.571009    0.432936   0.0270016
           7     2.04441    0.485165    0.458926   0.0110399
           7     2.19584    0.308586    0.391285   0.0177232
           7     2.34728    0.320142    0.327736   0.0139603
           7     2.49872    0.328702    0.275848    0.023462
           7     2.65016    0.280155    0.307704  0.00845471
           7     2.80159    0.144755    0.212081   0.0196122
           7     2.95303    0.131426    0.137435   0.0114638
           7     3.10447    0.137387    0.141916   0.0108759
           7     3.25591    0.108803    0.103283   0.0144349
           7     3.40735    0.117485   0.0898444   0.0101904
           7     3.55878   0.0663395   0.0528576   0.0145985
           7     3.71022    0.045062   0.0324011  0.00644575
           7     3.86166   0.0142768   0.0283089  0.00713765
           7      4.0131   0.0151939   0.0182597  0.00495366
           7     4.16453  0.00990507   0.0101715   0.0037247
           7     4.31597   0.0342398  0.00715803  0.00428497
           7     4.46741   0.0119839  0.00490013  0.00190362

           8   0.0757188 0.000366855  0.00372587  0.00105334
           8    0.227156   0.0493419   0.0325851   0.0100918
           8    0.378594    0.060531   0.0818812  0.00776315
           8    0.530031     0.17178    0.138893   0.0121728
           8    0.681469    0.203574    0.293946    0.021548
           8    0.832907    0.242338    0.357672   0.0229279
           8    0.984344      0.2494    0.331686   0.0198865
           8     1.13578    0.359028    0.367393  0.00858691
           8     1.28722    0.405833    0.472704   0.0217335
           8     1.43866    0.539184    0.512358     0.02443
           8     1.59009    0.490576    0.502361   0.0339475
           8     1.74153    0.696718    0.442381    0.046805
           8     1.89297    0.604607    0.454395    0.031002
           8     2.04441    0.444567    0.457131  0.00980478
           8     2.19584    0.368016    0.388377   0.0157447
           8     2.34728    0.317268    0.326428   0.0122765
           8     2.49872    0.272817     0.27547   0.0205323
           8     2.65016    0.221764    0.296961   0.0124782
           8     2.80159    0.156127    0.205087   0.0183656
           8     2.95303    0.156341    0.139798   0.0102715
           8     3.10447    0.156953    0.143796  0.00967748
           8     3.25591    0.130692    0.106709   0.0130308
           8     3.40735    0.113847   0.0928448  0.00934787
           8     3.55878   0.0538665   0.0529837   0.0127742
           8     3.71022    0.043136    0.033743  0.00577801
           8     3.86166   0.0479662   0.0307661  0.00665496
           8      4.0131   0.0232953   0.0188892  0.00437426
           8     4.16453   0.0205439    0.011468  0.00347746
           8     4.31597  0.00290427  0.00662631   0.0037822
           8     4.46741           0  0.00428761  0.00176145

           9   0.0757188  0.00259855  0.00360061 0.000943721
           9    0.227156   0.0954739   0.0395727   0.0111297
           9    0.378594      0.1081   0.0847944  0.00742709
           9    0.530031    0.183794    0.143882   0.0117984
           9    0.681469    0.174745    0.280701   0.0228647
           9    0.832907     0.21513    0.341834   0.0252652
           9    0.984344    0.368383    0.335764   0.0180901
           9     1.13578    0.381559    0.368967  0.00777573
           9     1.28722    0.350591    0.459135     0.02317
           9     1.43866    0.606349    0.522802   0.0238435
           9     1.59009    0.482444    0.500148   0.0302476
           9     1.74153    0.592837    0.459098   0.0444899
           9     1.89297    0.527812    0.462553   0.0286105
           9     2.04441    0.447501    0.456061  0.00877355
           9     2.19584    0.287889    0.377211   0.0175123
           9     2.34728      0.2114    0.313647   0.0162567
           9     2.49872    0.251999    0.272862   0.0184158
           9     2.65016     0.26276    0.293161    0.011656
           9     2.80159    0.196145    0.204093   0.0163518
           9     2.95303    0.155669    0.141562  0.00928039
           9     3.10447     0.25264    0.155889   0.0142832
           9     3.25591     0.19587    0.116616   0.0148796
           9     3.40735    0.102689   0.0939385  0.00837296
           9     3.55878   0.0781094   0.0557755    0.011656
           9     3.71022    0.040354   0.0344775  0.00518249
           9     3.86166   0.0243958   0.0300583  0.00595304
           9      4.0131  0.00614481   0.0174731  0.00411105
           9     4.16453           0   0.0101938  0.00331632
           9     4.31597           0  0.00589005  0.00343287
           9     4.46741           0  0.00381121  0.00162889

          10   0.0757188   0.0195961  0.00520016    0.001739
          10    0.227156   0.0607144   0.0416869   0.0102156
          10    0.378594    0.150166   0.0913315  0.00911821
          10    0.530031    0.139252    0.143419   0.0106277
          10    0.681469    0.132068    0.265838   0.0249458
          10    0.832907    0.256462    0.333297    0.024138
          10    0.984344     0.36126    0.338313   0.0164598
          10     1.13578    0.432308    0.375301  0.00922399
          10     1.28722    0.310176    0.444239   0.0251902
          10     1.43866    0.380642    0.508586   0.0253452
          10     1.59009    0.685957    0.518729   0.0324316
          10     1.74153     0.66899    0.480087   0.0447187
          10     1.89297    0.564467    0.472744   0.0275047
          10     2.04441    0.486113    0.459066   0.0083951
          10     2.19584     0.34518    0.374008   0.0160513
          10     2.34728    0.271381     0.30942   0.0151706
          10     2.49872    0.178444     0.26342   0.0188397
          10     2.65016    0.186882    0.282533   0.0145501
          10     2.80159    0.240259     0.20771   0.0151113
          10     2.95303    0.222069    0.149612   0.0113179
          10     3.10447    0.109537    0.151254   0.0135862
          10     3.25591    0.099387    0.114893    0.013491
          10     3.40735    0.114703    0.096015  0.00778889
          10     3.55878    0.132557   0.0634536   0.0127713
          10     3.71022   0.0267498   0.0337048  0.00472151
          10     3.86166  0.00590024   0.0276425  0.00582733
          10      4.0131   0.0221641   0.0179422  0.00372661
          10     4.16453           0  0.00917442  0.00313745
          10     4.31597           0  0.00530105   0.0031397
          10     4.46741           0  0.00343009  0.00150993

          11   0.0757188   0.0314578  0.00758722  0.00277115
          11    0.227156   0.0732792   0.0445589  0.00968221
          11    0.378594   0.0694884   0.0893458  0.00850276
          11    0.530031   0.0825423    0.137885   0.0110085
          11    0.681469    0.288134    0.267865   0.0227602
          11    0.832907     0.15359     0.31696   0.0269101
          11    0.984344    0.367772    0.340991   0.0151797
          11     1.13578    0.376851    0.375442  0.00838652
          11     1.28722    0.442885    0.444116   0.0229005
          11     1.43866    0.445056     0.50281     0.02369
          11     1.59009    0.502346     0.51724   0.0295174
          11     1.74153    0.709772    0.500968   0.0452665
          11     1.89297    0.401094     0.46623    0.025764
          11     2.04441    0.465569    0.459658  0.00765269
          11     2.19584    0.514789    0.386806   0.0190219
          11     2.34728    0.424267    0.319861   0.0170088
          11     2.49872    0.376698    0.273718    0.019742
          11     2.65016    0.182724    0.273459   0.0158053
          11     2.80159   0.0899711    0.197006   0.0171134
          11     2.95303   0.0825117    0.143512   0.0118191
          11     3.10447     0.10171     0.14675   0.0130763
          11     3.25591    0.144052    0.117544   0.0125223
          11     3.40735   0.0914691   0.0956017  0.00709177
          11     3.55878    0.124547   0.0690076   0.0127609
          11     3.71022   0.0398037   0.0342592  0.00432471
          11     3.86166   0.0117088    0.026194  0.00547465
          11      4.0131  0.00929365    0.017156  0.00346978
          11     4.16453           0  0.00834038  0.00296101
          11     4.31597           0  0.00481913  0.00289102
          11     4.46741           0  0.00311826  0.00140449

          12   0.0757188   0.0183427  0.00848351  0.00268126
          12    0.227156   0.0380612   0.0440175  0.00889049
          12    0.378594   0.0631907   0.0871662  0.00806872
          12    0.530031    0.148393     0.13876   0.0101259
          12    0.681469    0.154385    0.258408   0.0227434
          12    0.832907    0.159307    0.303822   0.0276895
          12    0.984344     0.33127    0.340181   0.0139363
          12     1.13578    0.406444    0.378026  0.00807577
          12     1.28722     0.45655    0.445153   0.0210156
          12     1.43866    0.477767    0.500723   0.0218076
          12     1.59009    0.546094    0.519644   0.0271554
          12     1.74153    0.566546    0.506433   0.0418228
          12     1.89297    0.562571    0.474259   0.0248364
          12     2.04441    0.423075    0.456609  0.00759796
          12     2.19584    0.576512    0.402615   0.0230897
          12     2.34728    0.313385    0.319321      0.0156
          12     2.49872    0.275813    0.273893   0.0180976
          12     2.65016    0.237569    0.270469   0.0147685
          12     2.80159    0.202595    0.197472   0.0156937
          12     2.95303    0.154354    0.144416   0.0108687
          12     3.10447    0.170007    0.148688   0.0121294
          12     3.25591    0.140566    0.119462   0.0116248
          12     3.40735   0.0850491   0.0947224  0.00655508
          12     3.55878   0.0610201   0.0683419   0.0117148
          12     3.71022    0.022103   0.0332462  0.00408124
          12     3.86166   0.0102414   0.0248646  0.00517732
          12      4.0131  0.00217056   0.0159072  0.00339793
          12     4.16453           0  0.00764535  0.00279464
          12     4.31597           0  0.00441754  0.00267785
          12     4.46741           0  0.00285841  0.00131127

          13   0.0757188  0.00177313  0.00796733   0.0025242
          13    0.227156   0.0392229   0.0436486  0.00821425
          13    0.378594   0.0583604   0.0849503  0.00774633
          13    0.530031    0.180126    0.141942  0.00983426
          13    0.681469    0.152061    0.250228   0.0224169
          13    0.832907    0.177863    0.294133    0.027202
          13    0.984344    0.238883    0.332389   0.0148841
          13     1.13578    0.407575    0.380299  0.00776787
          13     1.28722    0.566729    0.454505   0.0213788
          13     1.43866    0.440042    0.496056   0.0206236
          13     1.59009    0.610782    0.526655   0.0259557
          13     1.74153    0.538206    0.508877    0.038677
          13     1.89297    0.603292    0.484185   0.0248302
          13     2.04441    0.418826    0.453703  0.00754895
          13     2.19584    0.356521     0.39907   0.0215841
          13     2.34728    0.369575    0.323187   0.0148712
          13     2.49872    0.217973    0.269591   0.0172091
          13     2.65016    0.310573    0.273554   0.0139509
          13     2.80159    0.181196     0.19622   0.0145363
          13     2.95303    0.190336    0.147948   0.0105911
          13     3.10447    0.192171    0.152033   0.0116484
          13     3.25591    0.164626    0.122936   0.0112378
          13     3.40735   0.0499228   0.0912762  0.00689746
          13     3.55878   0.0608367   0.0677646   0.0108279
          13     3.71022   0.0432583   0.0340164  0.00383928
          13     3.86166   0.0192599   0.0244335  0.00479698
          13      4.0131  0.00825423   0.0153185  0.00318714
          13     4.16453   0.0013757  0.00716307  0.00262095
          13     4.31597  0.00296541  0.00430584  0.00247419
          13     4.46741 0.000794852  0.00269967  0.00121997

          14   0.0757188           0  0.00739823   0.0024072
          14    0.227156  0.00525825   0.0409065  0.00807226
          14    0.378594   0.0819003   0.0847325  0.00719608
          14    0.530031    0.191865    0.145508  0.00975692
          14    0.681469    0.117944    0.240779     0.02272
          14    0.832907      0.2601    0.291702   0.0253674
          14    0.984344    0.449152    0.340729   0.0159878
          14     1.13578    0.582779    0.394762   0.0156927
          14     1.28722    0.459088    0.454832   0.0198543
          14     1.43866    0.413445    0.490155   0.0199768
          14     1.59009    0.447135    0.520975   0.0247154
          14     1.74153    0.539765    0.511083   0.0359773
          14     1.89297     0.58339    0.491271   0.0240465
          14     2.04441     0.39767      0.4497  0.00800067
          14     2.19584    0.321854    0.393554    0.020735
          14     2.34728    0.243867    0.317521   0.0148491
          14     2.49872    0.221641    0.266166   0.0163171
          14     2.65016    0.282661    0.274204   0.0129696
          14     2.80159    0.251509    0.200169   0.0140242
          14     2.95303     0.19159    0.151065   0.0102831
          14     3.10447   0.0981642    0.148185   0.0114343
          14     3.25591    0.182785    0.127211   0.0112187
          14     3.40735    0.111554   0.0927247   0.0065551
          14     3.55878   0.0734321   0.0681694   0.0100621
          14     3.71022   0.0572599   0.0356766  0.00390757
          14     3.86166   0.0313355   0.0249265   0.0044796
          14      4.0131  0.00623653   0.0146698  0.00302478
          14     4.16453           0  0.00665142  0.00248318
          14     4.31597           0  0.00399828   0.0023165
          14     4.46741           0  0.00250684  0.00114797

          15   0.0757188  0.00932422  0.00752663  0.00225014
          15    0.227156   0.0291344   0.0401217  0.00757217
          15    0.378594   0.0339646    0.081348  0.00746998
          15    0.530031    0.123661    0.144052  0.00921453
          15    0.681469    0.220052    0.239397   0.0212473
          15    0.832907    0.318338    0.293478   0.0237383
          15    0.984344    0.358264    0.341898   0.0149646
          15     1.13578    0.477553    0.400281    0.015587
          15     1.28722    0.512924    0.458705   0.0189046
          15     1.43866    0.453035     0.48768   0.0187977
          15     1.59009     0.47046    0.517607    0.023296
          15     1.74153    0.457865    0.507535   0.0337533
          15     1.89297    0.542914    0.494714   0.0226885
          15     2.04441    0.482658    0.451898  0.00776314
          15     2.19584    0.269791    0.385303     0.02093
          15     2.34728    0.303725    0.316602   0.0138876
          15     2.49872    0.286208    0.267502   0.0152839
          15     2.65016    0.278412    0.274485    0.012108
          15     2.80159    0.226166    0.201902   0.0131959
          15     2.95303    0.165329    0.152016  0.00964143
          15     3.10447    0.112349    0.145796   0.0109187
          15     3.25591    0.114764    0.126381   0.0105015
          15     3.40735    0.153437   0.0967722  0.00726093
          15     3.55878    0.125189   0.0719707   0.0100838
          15     3.71022   0.0409349   0.0360272  0.00366275
          15     3.86166   0.0172727   0.0244162  0.00420992
          15      4.0131  0.00149799   0.0137917  0.00294784
          15     4.16453   0.0015897  0.00631397  0.00234045
          15     4.31597  0.00400483  0.00399871  0.00216207
          15     4.46741  0.00556396  0.00271065  0.00108938

          16   0.0757188   0.0046774  0.00734856  0.00211654
          16    0.227156   0.0319775   0.0396126  0.00711599
          16    0.378594    0.077498   0.0811073  0.00700698
          16    0.530031    0.109048    0.141864  0.00889454
          16    0.681469    0.160988    0.234496   0.0204767
          16    0.832907    0.197062    0.287452   0.0230068
          16    0.984344    0.468657    0.349821   0.0159895
          16     1.13578    0.400697    0.400307   0.0146128
          16     1.28722    0.414698    0.455954    0.017922
          16     1.43866     0.42977    0.484061   0.0179679
          16     1.59009     0.47471    0.514926   0.0219938
          16     1.74153    0.553278    0.510394   0.0317645
          16     1.89297      0.4014    0.488881   0.0220073
          16     2.04441    0.630592    0.463066   0.0130348
          16     2.19584    0.359181    0.383671   0.0196855
          16     2.34728    0.285443    0.314654   0.0131555
          16     2.49872    0.322496    0.270939   0.0147101
          16     2.65016    0.334602    0.278242     0.01192
          16     2.80159    0.250134    0.204917   0.0127108
          16     2.95303    0.284251    0.160281   0.0120721
          16     3.10447    0.174653      0.1476   0.0103842
          16     3.25591   0.0868222    0.123909    0.010132
          16     3.40735   0.0397426   0.0932078    0.007632
          16     3.55878  0.00825423   0.0679885   0.0102096
          16     3.71022   0.0138488    0.034641   0.0036868
          16     3.86166   0.0245793   0.0244264  0.00394681
          16      4.0131  0.00492197   0.0132373  0.00281524
          16     4.16453   0.0511456  0.00911595  0.00348924
          16     4.31597  0.00620596  0.00413667  0.00203134
          16     4.46741  0.00204827  0.00266925  0.00102208

          17   0.0757188  0.00385197  0.00714287  0.00200201
          17    0.227156   0.0405986   0.0396706  0.00669764
          17    0.378594   0.0457957   0.0790302  0.00689581
          17    0.530031    0.103178    0.139588  0.00865755
          17    0.681469    0.152092    0.229649   0.0198376
          17    0.832907    0.371654    0.292405   0.0221802
          17    0.984344    0.399321    0.352732   0.0153118
          17     1.13578    0.351538    0.397438    0.014032
          17     1.28722    0.479081    0.457315   0.0169193
          17     1.43866    0.418184    0.480186   0.0173238
          17     1.59009    0.386359    0.507363   0.0219618
          17     1.74153     0.38697    0.503134   0.0307145
          17     1.89297    0.455847    0.486938   0.0207984
          17     2.04441    0.549273    0.468137   0.0132177
          17     2.19584    0.572966    0.394806   0.0214468
          17     2.34728    0.342887    0.316315    0.012486
          17     2.49872    0.272023    0.271003   0.0138449
          17     2.65016     0.31146    0.280196   0.0113778
          17     2.80159    0.311001    0.211157   0.0134077
          17     2.95303    0.236713    0.164777   0.0121705
          17     3.10447    0.166797    0.148729  0.00983456
          17     3.25591   0.0687241    0.120663   0.0100426
          17     3.40735   0.0697329   0.0918269  0.00730691
          17     3.55878   0.0102414   0.0645916   0.0101585
          17     3.71022   0.0368383   0.0347703   0.0034722
          17     3.86166   0.0488222   0.0258614  0.00396697
          17      4.0131  0.00654224   0.0128435  0.00267704
          17     4.16453  0.00146742  0.00866604  0.00331287
          17     4.31597 0.000794852  0.00394009  0.00192133
          17     4.46741  0.00262912  0.00266689  0.00096196

          18   0.0757188  0.00810137  0.00719612   0.0018915
          18    0.227156    0.025527   0.0388849  0.00637148
          18    0.378594   0.0631907   0.0781502  0.00656862
          18    0.530031    0.060745    0.135208  0.00921827
          18    0.681469    0.180156      0.2269   0.0189251
          18    0.832907    0.290977    0.292325   0.0209481
          18    0.984344    0.569725    0.364788   0.0186112
          18     1.13578    0.399291    0.397541   0.0132528
          18     1.28722    0.464744    0.457727   0.0159844
          18     1.43866    0.396631    0.475544   0.0169719
          18     1.59009    0.439583    0.503598   0.0210621
          18     1.74153     0.33399    0.493737   0.0304117
          18     1.89297    0.581189    0.492174   0.0202913
          18     2.04441    0.445789    0.466895   0.0125416
          18     2.19584    0.414148     0.39588   0.0202822
          18     2.34728    0.295196    0.315142   0.0118474
          18     2.49872    0.427936    0.279721   0.0155809
          18     2.65016    0.339402    0.283485   0.0112111
          18     2.80159    0.242338    0.212889   0.0127742
          18     2.95303    0.200975    0.166788   0.0116593
          18     3.10447    0.112257    0.146703  0.00949462
          18     3.25591   0.0680821    0.117742  0.00990038
          18     3.40735    0.112991   0.0930027  0.00699493
          18     3.55878   0.0801271   0.0654547  0.00963069
          18     3.71022   0.0290121   0.0344504    0.003294
          18     3.86166   0.0124425   0.0251159  0.00381599
          18      4.0131  0.00846823   0.0126004  0.00253933
          18     4.16453 0.000366855  0.00820497  0.00316074
          18     4.31597           0   0.0037212  0.00182702
          18     4.46741           0  0.00251873 0.000919856

          19   0.0757188 0.000122285  0.00682382  0.00182822
          19    0.227156   0.0473242   0.0393291   0.0060516
          19    0.378594    0.044634   0.0763862  0.00645542
          19    0.530031   0.0764586    0.132116  0.00923713
          19    0.681469    0.164443    0.223612   0.0182123
          19    0.832907    0.319408    0.293751    0.019894
          19    0.984344    0.359426    0.364505   0.0176338
          19     1.13578    0.550312    0.405582   0.0147947
          19     1.28722     0.54857    0.462509    0.015842
          19     1.43866    0.448388    0.474114   0.0161387
          19     1.59009    0.570979    0.507144   0.0202499
          19     1.74153    0.481038    0.493069   0.0288184
          19     1.89297    0.456275    0.490285   0.0193111
          19     2.04441    0.511273    0.469231    0.012097
          19     2.19584    0.339677    0.392922   0.0194292
          19     2.34728    0.277831    0.313178   0.0113854
          19     2.49872    0.284954    0.279997   0.0147633
          19     2.65016    0.280246    0.283315   0.0106223
          19     2.80159    0.185109    0.211427   0.0121853
          19     2.95303    0.142768    0.165524    0.011114
          19     3.10447   0.0677458    0.142547  0.00986249
          19     3.25591   0.0748995    0.115487  0.00963266
          19     3.40735     0.13005   0.0949526  0.00689319
          19     3.55878    0.112899   0.0679518  0.00944199
          19     3.71022    0.078568   0.0367723  0.00385307
          19     3.86166    0.013543   0.0245068  0.00366343
          19      4.0131   0.0236927   0.0131842  0.00247188
          19     4.16453   0.0111585  0.00836042  0.00299821
          19     4.31597   0.0015897  0.00360901   0.0017343
          19     4.46741           0  0.00238616 0.000880943

          20   0.0757188  0.00846823  0.00690604  0.00173865
          20    0.227156   0.0239067   0.0385579  0.00579794
          20    0.378594   0.0338118   0.0742575  0.00647412
          20    0.530031    0.100793     0.13055  0.00890705
          20    0.681469     0.14292    0.219578    0.017743
          20    0.832907     0.20232    0.289179   0.0194175
          20    0.984344    0.358784    0.364219   0.0167544
          20     1.13578    0.436129    0.407109   0.0141336
          20     1.28722    0.668929     0.47283   0.0181024
          20     1.43866    0.521789    0.476498   0.0155068
          20     1.59009    0.495896    0.506582   0.0192452
          20     1.74153    0.429923    0.489911   0.0275499
          20     1.89297    0.438391     0.48769   0.0185191
          20     2.04441    0.516011     0.47157   0.0117161
          20     2.19584    0.514299    0.398991   0.0193824
          20     2.34728    0.246649    0.309851   0.0112916
          20     2.49872    0.482811    0.290138    0.017158
          20     2.65016    0.249186    0.281608   0.0102274
          20     2.80159    0.150288     0.20837   0.0119533
          20     2.95303    0.102261    0.162361   0.0109992
          20     3.10447   0.0510539    0.137972   0.0103762
          20     3.25591   0.0852631    0.113976  0.00926881
          20     3.40735    0.120756   0.0962428  0.00666818
          20     3.55878    0.104278   0.0697681  0.00914293
          20     3.71022   0.0636798   0.0381177  0.00388821
          20     3.86166   0.0297458   0.0247688  0.00348961
          20      4.0131  0.00314883   0.0126825  0.00239867
          20     4.16453  0.00155913  0.00802036  0.00286752
          20     4.31597 0.000213998  0.00343926  0.00165587
          20     4.46741   0.0141239  0.00297305  0.00101371

