0.517226
0.495535
0.356316
0.582786
0.575061
0.711013
0.47547
0.211599
0.482283
0.465471
0.63992
0.529229
0.557432
0.569923
0.442462
0.400254
0.465178
0.558527
0.390286
0.491133
0.583855
0.51265
0.503428
0.470273
0.564016
0.643227
0.475813
0.569493
0.495965
0.404613
0.538327
0.460956
0.640916
0.418624
0.387557
0.39662
0.492178
0.467919
0.543077
0.625225
0.619452
0.573344
0.370354
0.544784
0.611059
0.600339
0.555581
0.466556
0.565654
0.544961
0.642964
0.659399
0.59666
0.330559
0.5442
0.511405
0.499416
0.501597
0.404102
0.488667
0.392722
0.431593
0.555559
0.289016
0.283202
0.467612
0.421225
0.481513
0.41261
0.414217
0.618545
0.490467
0.63493
0.415254
0.498969
0.325712
0.631852
0.622312
0.501391
0.578844
0.511889
0.444166
0.524095
0.598084
0.450164
0.45199
0.618703
0.422418
0.512582
0.57059
0.583819
0.598611
0.569828
0.516362
0.585318
0.522683
0.443367
0.448181
0.554412
0.640377
0.637308
0.577852
0.413865
0.409154
0.39676
0.542276
0.35694
0.567182
0.494968
0.569898
0.252892
0.572781
0.388292
0.579511
0.477008
0.470731
0.489776
0.529947
0.462457
0.609862
0.498777
0.594649
0.645402
0.579243
0.585863
0.465594
0.424039
0.548334
0.568879
0.496507
0.376492
0.589379
0.527819
0.475759
0.481646
0.528303
0.492854
0.574843
0.561275
0.513357
0.501589
0.548756
0.611009
0.508705
0.458326
0.470093
0.511923
0.413124
0.339857
0.359158
0.413719
0.771963
0.478993
0.427812
0.354735
0.593462
0.418788
0.5853
0.433192
0.398513
0.667121
0.459722
0.468338
0.525909
0.592999
0.369324
0.389341
0.483087
0.492712
0.533214
0.564037
0.575364
0.415635
0.541616
0.528814
0.364605
0.476219
0.4112
0.505172
0.60125
0.490439
0.431538
0.587691
0.441583
0.561669
0.364178
0.462368
0.405116
0.502666
0.586298
0.463504
0.644896
0.417098
0.476389
0.601543
0.496548
0.575734
0.519859
0.593462
0.439803
0.409144
0.567942
0.501567
0.449264
0.50049
0.613751
0.435742
0.529087
0.398687
0.454783
0.398416
0.619274
0.483945
0.591662
0.550747
0.429197
0.604413
0.568372
0.352733
0.596972
0.564377
0.68968
0.479175
0.49126
0.481167
0.456963
0.53764
0.465036
0.539662
0.544068
0.613797
0.538844
0.659983
0.490345
0.543695
0.534021
0.455713
0.318442
0.561811
0.594342
0.496653
0.589922
0.597862
0.427507
0.601903
0.492231
0.594648
0.665856
0.575716
0.506019
0.493367
0.688683
0.56034
0.432284
0.482095
0.566452
0.416746
0.664268
0.427317
0.580243
0.455884
0.469516
0.307633
0.737662
0.52981
0.402971
0.542967
0.649469
0.453762
0.402449
0.461842
0.449116
0.466964
0.523299
0.473486
0.430369
0.55167
0.54954
0.41076
0.546159
0.316675
0.374211
0.584125
0.454756
0.513232
0.57216
0.436067
0.417359
0.58804
0.59396
0.409639
0.444137
0.489692
0.490098
0.443972
0.453744
0.531668
0.630072
0.683854
0.454283
0.476711
0.411479
0.539674
0.471677
0.444109
0.359663
0.558246
0.344365
0.353149
0.398952
0.664276
0.571219
0.502711
0.531974
0.406404
0.342525
0.448704
0.394039
0.491024
0.501874
0.377755
0.654997
0.411265
0.57975
0.48728
0.421508
0.377751
0.507573
0.368782
0.548067
0.431982
0.463944
0.352968
0.495654
0.572386
0.522786
0.311943
0.382299
0.547306
0.366051
0.525508
0.450359
0.468431
0.391634
0.405284
0.53074
0.372359
0.490114
0.532101
0.414802
0.507248
0.381869
0.59882
0.45011
0.245669
0.699152
0.462467
0.556707
0.524059
0.465603
0.59628
0.316016
0.583342
0.468714
0.493996
0.514983
0.434517
0.538667
0.515397
0.5335
0.497254
0.539999
0.473896
0.543657
0.558723
0.450456
0.653617
0.644812
0.474124
0.344409
0.405182
0.488951
0.479585
0.516158
0.506102
0.45627
0.512354
0.571413
0.483414
0.321392
0.732359
0.683226
0.382909
0.506084
0.413511
0.551597
0.531029
0.544826
0.422279
0.32397
0.372206
0.395031
0.525316
0.626773
0.476166
0.504213
0.467134
0.526157
0.496412
0.601837
0.533025
0.579029
0.522837
0.514074
0.461671
0.553472
0.50813
0.405155
0.496077
0.39058
0.559345
0.529466
0.460703
0.547737
0.572755
0.434015
0.626875
0.406314
0.451793
0.381367
0.677782
0.444745
0.584621
0.468602
0.408581
0.470892
0.669591
0.298333
0.496341
0.5756
0.563568
0.513269
0.448808
0.512289
0.389808
0.636315
0.390145
0.425422
0.478808
0.563623
0.366063
0.443638
0.527263
0.438505
0.549952
0.521309
0.546962
0.389594
0.40584
0.655269
0.537223
0.447078
0.413251
0.421409
0.451131
0.456335
0.483216
0.468801
0.337584
0.388729
0.593945
0.477008
0.527902
0.504844
0.448849
0.425173
0.597402
0.455846
0.608868
0.339473
0.56914
0.514176
0.475226
0.578483
0.638669
0.405227
0.497997
0.483957
0.485448
0.567122
0.560058
0.567519
0.598184
0.496195
0.33524
0.421715
0.378179
0.541231
0.643687
0.536839
0.496416
0.389993
0.226681
0.572931
0.566866
0.547045
0.537379
0.579301
0.66022
0.532329
0.493147
0.671908
0.618941
0.435433
0.559386
0.47189
0.446284
0.540962
0.533974
0.576509
0.628628
0.595883
0.675642
0.47674
0.312186
0.62018
0.368857
0.55372
0.491887
0.467642
0.541973
0.379209
0.581935
0.52406
0.554641
0.413218
0.424268
0.385573
0.744697
0.534901
0.452865
0.390393
0.773945
0.460801
0.568563
0.682596
0.536491
0.697482
0.390763
0.567121
0.392487
0.443574
0.439131
0.47061
0.564386
0.499199
0.560107
0.55319
0.581983
0.358755
0.549767
0.421739
0.486792
0.555946
0.536285
0.675682
0.505494
0.59798
0.571986
0.571811
0.476396
0.368771
0.446667
0.425096
0.56211
0.798981
0.47061
0.467921
0.40583
0.493697
0.587418
0.37066
0.487823
0.476511
0.463518
0.481956
0.412982
0.451723
0.26291
0.577551
0.509482
0.404392
0.552443
0.611977
0.642815
0.250883
0.394624
0.547891
0.4487
0.520565
0.371693
0.3933
0.462573
0.292255
0.446401
0.507396
0.372585
0.527006
0.401659
0.641182
0.547259
0.531759
0.612934
0.459556
0.488172
0.556397
0.694
0.446965
0.432242
0.469662
0.518361
0.329224
0.577432
0.577415
0.555372
0.549571
0.529885
0.539627
0.671844
0.617474
0.669735
0.610522
0.43657
0.404202
0.507057
0.469207
0.427003
0.489621
0.448632
0.526127
0.573974
0.370146
0.520415
0.483646
0.392088
0.518272
0.689846
0.496997
0.430161
0.639535
0.706312
0.424867
0.537746
0.503271
0.527334
0.376787
0.380559
0.528956
0.622236
0.557519
0.549287
0.490435
0.444302
0.476574
0.493029
0.455771
0.436621
0.533962
0.370294
0.410938
0.486047
0.411262
0.447231
0.62104
0.463934
0.490057
0.48447
0.463223
0.491498
0.587732
0.54067
0.520893
0.541896
0.44365
0.482597
0.359327
0.340335
0.506619
0.628279
0.408263
0.547713
0.56761
0.56147
0.45747
0.612558
0.449583
0.54243
0.626821
0.650201
0.409303
0.601691
0.602817
0.457383
0.623959
0.540233
0.539014
0.594675
0.528383
0.5712
0.398252
0.568341
0.536649
0.525006
0.470058
0.517472
0.524758
0.501403
0.527068
0.461447
0.66914
0.488792
0.589784
0.386991
0.428623
0.582796
0.549433
0.453326
0.52552
0.5228
0.454196
0.468121
0.524434
0.626935
0.494507
0.536166
0.525368
0.442629
0.528619
0.406933
0.480677
0.641644
0.47009
0.446366
0.513386
0.575173
0.414314
0.53251
0.65734
0.46633
0.511681
0.423764
0.457664
0.454067
0.600443
0.572791
0.46293
0.414276
0.392804
0.558319
0.508436
0.570551
0.363238
0.381303
0.232942
0.368801
0.418498
0.521113
0.589209
0.626634
0.434268
0.571659
0.401618
0.58014
0.423833
0.476559
0.392145
0.537422
0.459679
0.456692
0.538916
0.409944
0.39933
0.672682
0.44956
0.729494
0.472263
0.589101
0.324513
0.570251
0.465159
0.506355
0.353425
0.482199
0.398253
0.500494
0.43077
0.703822
0.315996
0.660354
0.494742
0.658746
0.42071
0.635684
0.486485
0.65271
0.558405
0.409125
0.494659
0.473965
0.421368
0.579131
0.493345
0.461926
0.462625
0.290119
0.599219
0.645609
0.522833
0.570395
0.666937
0.365104
0.650637
0.537576
0.609601
0.576084
0.552987
0.705478
0.474187
0.499008
0.342385
0.675646
0.519734
0.311468
0.553495
0.520929
0.43912
0.49378
0.482028
0.567701
0.633162
0.524698
0.35427
0.357589
0.588796
0.485793
0.566094
0.418728
0.631027
0.369809
0.435781
0.50085
0.311316
0.399987
0.495411
0.52767
0.463059
0.354088
0.501087
0.494299
0.497753
0.548562
0.572702
0.586598
0.533429
0.675021
0.379446
0.623631
0.439903
0.492903
0.367694
0.423579
0.453354
0.568918
0.583409
0.467697
0.355715
0.515613
0.471649
0.586124
0.532328
0.418073
0.641242
0.513566
0.514287
0.349531
0.463158
0.562086
0.779849
0.463352
0.526573
0.432478
0.532291
0.510599
0.507101
0.534883
0.689515
0.56907
0.607124
0.413559
0.513717
0.481472
0.508629
0.56992
0.377375
0.387043
0.434419
0.552171
0.504792
0.39273
0.644055
0.529097
0.446397
0.46668
0.396323
0.589785
0.435971
0.648571
0.490522
0.410256
0.448941
0.557999
0.554308
0.402234
0.422853
0.443867
0.576325
0.408462
0.419095
0.654438
0.487301
0.533232
0.497917
0.419443
0.473764
0.495979
0.546769
0.522328
0.564009
0.270034
0.644934
0.502475
0.5564
0.417832
0.565407
0.363925
0.365576
0.558109
0.407949
0.478864
0.442588
0.49981
0.725196
0.660849
0.480465
0.551697
0.546691
0.644464
0.347174
0.465799
0.623654
0.444823
0.493425
0.497138
0.510299
0.682051
0.563206
0.361319
0.365456
0.442586
0.490432
0.545833
0.501229
0.510892
0.495561
0.480129
0.523397
0.341842
0.501463
0.393718
0.501226
0.555804
0.46835
0.390799
0.472336
0.525137
0.602995
0.644135
0.631224
0.682558
0.427972
0.460085
0.368029
0.518524
0.502092
0.490956
0.517071
0.34653
0.563701
0.37003
0.542701
0.501908
0.623956
0.518857
0.432921
0.501453
0.567677
0.425621
0.589243
0.527922
0.524829
0.517591
0.494202
0.415144
0.456177
0.549908
0.405908
0.396236
0.552099
0.507164
0.372009
0.539103
0.474037
0.36345
0.573377
0.430152
0.373511
0.57077
0.600818
0.378834
0.504109
0.444952
0.636078
0.502376
0.597331
0.392358
0.451371
0.511775
0.403614
0.56999
0.559626
0.456827
0.505367
0.395723
0.54064
0.499715
0.589284
0.524683
0.736258
0.473372
0.520694
0.681976
0.450707
0.542563
0.493152
0.491185
0.710143
0.522354
0.631976
0.46229
0.428472
0.52035
0.610869
0.501887
0.394445
0.455791
0.396257
0.582769
0.538033
0.470345
0.464436
0.559193
0.452
0.582117
0.442089
0.538344
0.537635
0.446144
0.501202
0.617742
0.611497
0.471346
0.59488
0.57255
0.453054
0.705623
0.551027
0.625962
0.491033
0.637528
0.446334
0.360071
0.519283
0.474622
0.563468
0.523825
0.600909
0.545382
0.589854
0.368921
0.362416
0.533231
0.546871
0.493672
0.49756
0.48796
0.543793
0.699139
0.293584
0.571571
0.531243
0.460997
0.56047
0.482248
0.384415
0.594873
0.586827
0.361917
0.476778
0.542053
0.463974
0.529546
0.310453
0.426731
0.512785
0.494067
0.549913
0.635157
0.415795
0.487532
0.661133
0.441263
0.400059
0.420807
0.488785
0.552579
0.534212
0.500859
0.509534
0.374464
0.39615
0.66037
0.479972
0.489874
0.435726
0.537181
0.453177
0.426161
0.599818
0.602739
0.568386
0.629543
0.605094
0.375467
0.523691
0.59217
0.736767
0.566696
0.422193
0.675896
0.619616
0.493492
0.537458
0.451081
0.650497
0.55447
0.474643
0.417993
0.599543
0.401363
0.409091
0.402567
0.480237
0.450867
0.564674
0.51753
0.556483
0.567976
0.549638
0.454077
0.497797
0.513764
0.59817
0.618557
0.41168
0.387263
0.571365
0.552791
0.475238
0.50283
0.551756
0.675897
0.356041
0.631103
0.521023
0.559719
0.555228
0.593354
0.640987
0.499136
0.423788
0.535791
0.563436
0.562809
0.495956
0.422059
0.474823
0.40907
0.451603
0.468914
0.537327
0.325946
0.362482
0.411771
0.718257
0.503473
0.595155
0.52353
0.60522
0.570712
0.436401
0.621822
0.484971
0.629073
0.574864
0.486514
0.519314
0.48779
0.615684
0.671058
0.481895
0.456597
0.622797
0.52795
0.625203
0.474875
0.676591
0.380332
0.527553
0.65577
0.502555
0.45844
0.525307
0.497979
0.469512
0.581354
0.566049
0.467143
0.474042
0.601213
0.523896
0.672995
0.420617
0.538771
0.298601
0.367616
0.374973
0.425899
0.475583
0.564406
0.3112
0.532356
0.354459
0.526546
0.591008
0.390852
0.459157
0.498002
0.306575
0.446182
0.623122
0.549294
0.586387
0.440887
0.498635
0.484488
0.50641
0.611649
0.569692
0.60511
0.466935
0.607322
0.553399
0.550854
0.388378
0.551246
0.455269
0.436215
0.447317
0.257178
0.499312
0.576386
0.416982
0.469921
0.384247
0.644955
0.394412
0.538433
0.522662
0.530192
0.389448
0.540929
0.500386
0.55591
0.618692
0.568191
0.548835
0.607108
0.490556
0.433045
0.653543
0.549831
0.485466
0.41065
0.52757
0.458882
0.328271
0.526002
0.45893
0.666275
0.517877
0.291733
0.696686
0.417483
0.322074
0.361041
0.470775
0.471817
0.363526
0.497274
0.546152
0.60743
0.415838
0.373441
0.492265
0.390712
0.596581
0.501612
0.504369
0.444013
0.587152
0.553909
0.543644
0.494889
0.527274
0.673494
0.46855
0.514266
0.424952
0.385698
0.510335
0.550133
0.390635
0.506131
0.401058
0.437597
0.647331
0.50434
0.592973
0.515363
0.486356
0.618317
0.313594
0.70291
0.531419
0.52685
0.48121
0.59184
0.441649
0.473452
0.561101
0.379134
0.427196
0.597301
0.373184
0.519217
0.368978
0.463371
0.667254
0.496006
0.527109
0.495619
0.462505
0.515283
0.49054
0.503838
0.403421
0.491997
0.463383
0.656495
0.514658
0.456284
0.501371
0.488585
0.342966
0.326243
0.604888
0.445272
0.654676
0.494694
0.542941
0.548772
0.512769
0.451382
0.425445
0.537695
0.687971
0.611318
0.459137
0.664741
0.463836
0.444135
0.415436
0.550391
0.576195
0.498589
0.606479
0.576942
0.582874
0.490538
0.408607
0.468955
0.59
0.471945
0.490467
0.542902
0.466716
0.522686
0.595927
0.420523
0.360588
0.506155
0.499928
0.487114
0.481451
0.403863
0.398386
0.537696
0.451905
0.493476
0.411229
0.59072
0.528158
0.458934
0.470598
0.560701
0.575366
0.620505
0.434244
0.667868
0.437094
0.346882
0.507095
0.524662
0.46899
0.460608
0.371941
0.575609
0.512238
0.472354
0.523178
0.478842
0.462811
0.378807
0.565468
0.504218
0.548038
0.633097
0.482208
0.484759
0.352437
0.645984
0.396611
0.394804
0.440261
0.500157
0.641204
0.540018
0.502653
0.359295
0.519505
0.5311
0.412801
0.527714
0.386621
0.474764
0.502911
0.565648
0.593456
0.452285
0.482336
0.389442
0.332206
0.567606
0.496615
0.385149
0.48878
0.53374
0.582697
0.538241
0.650766
0.427909
0.506047
0.431357
0.537494
0.482585
0.470831
0.586244
0.611769
0.391308
0.474833
0.525252
0.600771
0.594896
0.636229
0.501963
0.596614
0.475341
0.449806
0.299776
0.525011
0.521464
0.435697
0.521441
0.563471
0.542051
0.724151
0.491821
0.658411
0.588972
0.475347
0.370299
0.433551
0.414459
0.363708
0.41855
0.499907
0.623468
0.561671
0.393545
0.470691
0.593757
0.638295
0.634915
0.552368
0.423011
0.543594
0.49002
0.526122
0.42412
0.679944
0.56925
0.551909
0.526355
0.467356
0.448361
0.420298
0.45199
0.389914
0.433817
0.545204
0.524561
0.566119
0.581352
0.53366
0.526728
0.516355
0.507184
0.586669
0.462397
0.506167
0.455532
0.478212
0.689484
0.324506
0.68529
0.6274
0.476414
0.511565
0.512954
0.421782
0.597192
0.481293
0.598101
0.467727
0.616562
0.489165
0.381945
0.436841
0.428532
0.676211
0.288708
0.445268
0.398226
0.575833
0.573766
0.645764
0.318761
0.600355
0.551755
0.630357
0.631564
0.529756
0.562024
0.434392
0.370266
0.505484
0.428065
0.400723
0.475005
0.587727
0.441736
0.40579
0.485734
0.364988
0.552349
0.467284
0.559798
0.410267
0.464891
0.646058
0.4708
0.558637
0.650857
0.522946
0.632479
0.536462
0.349419
0.474077
0.453047
0.402976
0.385859
0.386274
0.462136
0.570399
0.558404
0.547077
0.564253
0.549263
0.443834
0.511909
0.359337
0.621058
0.446454
0.593872
0.532729
0.570797
0.464223
0.439608
0.55361
0.517556
0.370071
0.447673
0.532649
0.561533
0.60564
0.453784
0.576342
0.521602
0.458915
0.450326
0.537239
0.467854
0.646412
0.525419
0.595967
0.459045
0.544835
0.599864
0.522688
0.275364
0.616312
0.40822
0.45233
0.59239
0.545534
0.413246
0.469678
0.57259
0.456376
0.56091
0.437094
0.456154
0.499745
0.476151
0.30939
0.513466
0.503666
0.467501
0.467067
0.57694
0.650804
0.451715
0.56087
0.400464
0.397861
0.427452
0.597323
0.500104
0.375483
0.520075
0.406624
0.410262
0.606553
0.487573
0.420996
0.444883
0.554955
0.420596
0.553325
0.483813
0.366107
0.487547
0.502612
0.409875
0.484786
0.468661
0.4245
0.402688
0.434991
0.690954
0.391852
0.450725
0.520802
0.4189
0.532074
0.473585
0.756413
0.573671
0.364597
0.351911
0.457731
0.446723
0.473646
0.542857
0.427172
0.34151
0.638153
0.61449
0.537473
0.520041
0.402375
0.562949
0.669582
0.648993
0.607517
0.581694
0.383896
0.533052
0.516349
0.332612
0.403343
0.391112
0.549565
0.524233
0.561008
0.473954
0.514305
0.432774
0.314244
0.43997
0.542027
0.607199
0.551402
0.398479
0.564586
0.479941
0.216563
0.598166
0.444145
0.360429
0.451835
0.581101
0.534211
0.518993
0.506046
0.540809
0.585866
0.574218
0.482824
0.315812
0.524914
0.477276
0.500335
0.61802
0.612457
0.542239
0.609123
0.438337
0.463054
0.701832
0.463724
0.589816
0.531418
0.473566
0.667977
0.441645
0.390247
0.401665
0.413115
0.46524
0.308562
0.39565
0.402002
0.556666
0.401612
0.516918
0.602048
0.517609
0.460139
0.370153
0.493584
0.470047
0.478499
0.436815
0.379689
0.64777
0.487885
0.343486
0.597669
0.350862
0.46257
0.488269
0.621636
0.567215
0.403859
0.453943
0.469811
0.558121
0.618114
0.617015
0.429434
0.472959
0.391956
0.317303
0.386362
0.600968
0.629475
0.683145
0.495657
0.486033
0.552963
0.712774
0.353679
0.523442
0.580454
0.492928
0.431449
0.62547
0.780028
0.491151
0.40321
0.285669
0.462575
0.488782
0.45339
0.48968
0.511441
0.627066
0.469355
0.513369
0.55908
0.51927
0.52656
0.517055
0.507565
0.33721
0.646957
0.487545
0.551529
0.411007
0.46068
0.497709
0.398824
0.686393
0.625312
0.446233
0.495893
0.464347
0.656205
0.608213
0.551609
0.503314
0.495566
0.47019
0.514989
0.394715
0.697246
0.4412
0.598978
0.527939
0.428372
0.524392
0.554161
0.44148
0.588187
0.401723
0.583024
0.21233
0.418692
0.627215
0.547061
0.566227
0.530883
0.342229
0.65579
0.596825
0.694612
0.419176
0.538414
0.462304
0.439309
0.608044
0.585608
0.38343
0.387035
0.503118
0.510641
0.59753
0.58853
0.565211
0.415721
0.528308
0.457158
0.427693
0.461216
0.511931
0.594879
0.682599
0.52209
0.475229
0.478563
0.486039
0.677626
0.592378
0.52421
0.540115
0.517231
0.551863
0.570846
0.501516
0.456816
0.746004
0.625094
0.434929
0.546988
0.350796
0.481614
0.572377
0.315995
0.59428
0.583855
0.557561
0.527085
0.517129
0.41376
0.447248
0.441666
0.409613
0.298293
0.409724
0.466359
0.464549
0.49487
0.603295
0.523772
0.516356
0.566997
0.535784
0.623532
0.541742
0.485645
0.498953
0.52182
0.478091
0.491094
0.439726
0.444408
0.371017
0.52421
0.473089
0.509862
0.593071
0.385338
0.459481
0.426358
0.481033
0.303194
0.362474
0.44721
0.519689
0.495394
0.570513
0.556984
0.555479
0.476436
0.409443
0.421758
0.653847
0.418196
0.490524
0.473816
0.519608
0.592216
0.531614
0.512787
0.480116
0.52226
0.557152
0.391944
0.586479
0.549869
0.525546
0.420126
0.418539
0.464821
0.550555
0.546428
0.584798
0.476665
0.4762
0.706548
0.488966
0.502676
0.432728
0.496394
0.490219
0.421829
0.644096
0.500269
0.414799
0.493593
0.475455
0.437664
0.581989
0.464565
0.50202
0.604433
0.588008
0.585182
0.548752
0.470808
0.546816
0.432984
0.693174
0.460456
0.417308
0.488087
0.741685
0.671496
0.55182
0.430785
0.482633
0.512097
0.581362
0.630379
0.387439
0.610015
0.508452
0.568577
0.573989
0.617139
0.408886
0.490024
0.464504
0.466829
0.449262
0.496714
0.363056
0.453555
0.50754
0.602307
0.545866
0.491067
0.539378
0.536524
0.600506
0.56703
0.46347
0.539081
0.468063
0.348799
0.644574
0.606792
0.535326
0.50671
0.433374
0.356709
0.392
0.607983
0.577812
0.542391
0.610944
0.496068
0.55098
0.509595
0.627372
0.706959
0.446123
0.401922
0.485936
0.585744
0.469802
0.426156
0.592602
0.553361
0.5197
0.661245
0.451149
0.335249
0.564046
0.644126
0.58214
0.300325
0.445092
0.589766
0.515149
0.470396
0.409548
0.602057
0.513013
0.54687
0.624355
0.506379
0.429844
0.56334
0.566619
0.483903
0.422499
0.609313
0.582053
0.7119
0.528179
0.582105
0.486664
0.513543
0.488801
0.41062
0.641972
0.494912
0.445753
0.556461
0.564457
0.596144
0.546591
0.334536
0.435424
0.607855
0.398258
0.507037
0.657949
0.503218
0.3693
0.591397
0.463021
0.410267
0.586598
0.484544
0.597477
0.598251
0.290039
0.442483
0.531791
0.576032
0.601569
0.465977
0.50625
0.599796
0.533008
0.329786
0.589507
0.661519
0.299977
0.554674
0.553994
0.578876
0.527287
0.55808
0.678113
0.531486
0.524062
0.531108
0.465626
0.687606
0.574871
0.476157
0.528112
0.43962
0.536111
0.80129
0.406828
0.61587
0.444823
0.504109
0.515799
0.560593
0.540133
0.589651
0.568403
0.672973
0.565438
0.553532
0.305209
0.470504
0.662465
0.72328
0.471286
0.491098
0.486265
0.287519
0.596659
0.672587
0.563192
0.554395
0.714085
0.447478
0.58189
0.46733
0.403753
0.465057
0.650253
0.66793
0.485021
0.402137
0.469333
0.6326
0.380733
0.447971
0.5681
0.721089
0.660157
0.448085
0.410947
0.561977
0.522043
0.665972
0.632806
0.56177
0.509767
0.370841
0.374691
0.56104
0.55599
0.483807
0.585473
0.572716
0.534753
0.414151
0.523647
0.424403
0.454365
0.591471
0.535827
0.588276
0.454946
0.44879
0.406665
0.318852
0.57991
0.535879
0.467877
0.630642
0.571202
0.341308
0.422002
0.634406
0.693503
0.47591
0.479509
0.512456
0.423149
0.519607
0.525835
0.350177
0.442931
0.657731
0.527886
0.552636
0.464452
0.532218
0.457526
0.461892
0.555133
0.407249
0.452539
0.552316
0.477499
0.498153
0.653504
0.417966
0.35378
0.536581
0.448017
0.377769
0.649358
0.544207
0.421646
0.510992
0.624081
0.461408
0.657969
0.397187
0.530884
0.526594
0.448037
0.371529
0.446672
0.526105
0.262543
0.518187
0.400864
0.533771
0.607973
0.611055
0.422472
0.433489
0.330966
0.472939
0.55706
0.56735
0.553086
0.760969
0.410389
0.476105
0.411183
0.497757
0.456038
0.497956
0.346469
0.454512
0.399736
0.365878
0.528436
0.454067
0.423641
0.39291
0.417676
0.598481
0.539235
0.459046
0.464655
0.63759
0.458001
0.512616
0.509466
0.581617
0.344501
0.57322
0.590524
0.622648
0.546952
0.572527
0.588174
0.466532
0.705855
0.393466
0.522121
0.588439
0.521719
0.467549
0.389578
0.612064
0.41836
0.564271
0.673985
0.474178
0.468767
0.65579
0.472136
0.372918
0.355947
0.364269
0.580495
0.409969
0.521674
0.498496
0.54948
0.423481
0.511507
0.46062
0.557438
0.370281
0.454914
0.753067
0.474021
0.452687
0.52483
0.439884
0.37563
0.49691
0.601413
0.516028
0.443563
0.476791
0.420253
0.512295
0.618483
0.438295
0.515762
0.412822
0.402782
0.416948
0.575905
0.586302
0.495376
0.652073
0.504963
0.531303
0.511462
0.488456
0.546417
0.410235
0.482709
0.517731
0.448573
0.495812
0.45134
0.448546
0.560974
0.377997
0.464524
0.306251
0.530132
0.378696
0.543466
0.549593
0.318586
0.39564
0.544559
0.553607
0.501743
0.346157
0.547921
0.444619
0.502447
0.405705
0.501611
0.484993
0.60368
0.535305
0.617795
0.491967
0.435262
0.466199
0.460086
0.436661
0.560905
0.559281
0.279277
0.406023
0.497419
0.58109
0.54761
0.622245
0.478361
0.437337
0.409754
0.300854
0.429871
0.579188
0.511573
0.590433
0.456916
0.546735
0.585775
0.473639
0.44362
0.438286
0.566488
0.520881
0.451846
0.593359
0.472767
0.574781
0.657654
0.451449
0.444032
0.605227
0.595712
0.397888
0.528371
0.61155
0.587242
0.532305
0.517647
0.460094
0.407521
0.494435
0.591281
0.432151
0.504432
0.456237
0.573582
0.418944
0.510044
0.5385
0.527448
0.337093
0.292646
0.434328
0.400234
0.649671
0.477155
0.421131
0.405544
0.464721
0.617246
0.516949
0.567692
0.544794
0.533084
0.486161
0.573534
0.397793
0.433933
0.523864
0.469325
0.53114
0.625445
0.447395
0.408262
0.537981
0.556871
0.39772
0.497312
0.545879
0.493913
0.602618
0.609896
0.395162
0.408398
0.477797
0.523988
0.425794
0.456441
0.541316
0.513132
0.538386
0.472206
0.490904
0.660866
0.556655
0.534872
0.542961
0.387009
0.555379
0.57186
0.556287
0.467223
0.529585
0.541838
0.362756
0.59524
0.367476
0.396538
0.401421
0.580127
0.451266
0.450805
0.5017
0.488896
0.446843
0.49586
0.385569
0.437767
0.454899
0.571151
0.457856
0.703351
0.482869
0.465683
0.527982
0.367971
0.558753
0.750156
0.655701
0.631347
0.644605
0.546741
0.637609
0.513787
0.519205
0.623756
0.550417
0.444055
0.586123
0.558
0.541195
0.567995
0.325139
0.537964
0.604015
0.532012
0.341668
0.386601
0.306646
0.488436
0.480573
0.362814
0.230158
0.537803
0.35748
0.556279
0.458532
0.266019
0.522393
0.420712
0.504563
0.452369
0.407165
0.496116
0.482602
0.517294
0.420075
0.551065
0.537849
0.346811
0.537481
0.63151
0.616188
0.473458
0.604258
0.333066
0.507714
0.511567
0.591419
0.519244
0.721373
0.537675
0.471056
0.488503
0.547315
0.574839
0.355459
0.648516
0.4378
0.682575
0.508968
0.686482
0.48672
0.472141
0.677864
0.529806
0.611991
0.55982
0.395282
0.471917
0.644319
0.538848
0.704901
0.593474
0.700054
0.493601
0.508827
0.539687
0.365045
0.49761
0.481853
0.519932
0.44066
0.529951
0.505963
0.476313
0.60232
0.512528
0.665697
0.523301
0.395153
0.313735
0.406674
0.691042
0.240552
0.381939
0.396336
0.510393
0.451673
0.565212
0.537648
0.558213
0.355104
0.541707
0.473246
0.536921
0.590175
0.428021
0.479213
0.392772
0.506576
0.550886
0.484414
0.382799
0.405198
0.560482
0.463002
0.380822
0.566292
0.331628
0.634456
0.568402
0.483292
0.54209
0.467228
0.487074
0.569866
0.535217
0.518768
0.43368
0.43194
0.467056
0.356447
0.461077
0.395717
0.706104
0.490606
0.501973
0.556878
0.596794
0.512664
0.564103
0.465407
0.615803
0.567959
0.450436
0.48468
0.443212
0.50469
0.638565
0.362687
0.438551
0.427087
0.408912
0.427476
0.554695
0.54259
0.54183
0.468113
0.64058
0.529612
0.609165
0.586689
0.376643
0.564121
0.666321
0.506115
0.754892
0.530021
0.506312
0.592656
0.558447
0.60003
0.467771
0.501395
0.513401
0.410468
0.594364
0.577016
0.578774
0.565079
0.523499
0.441523
0.508336
0.389748
0.537719
0.674736
0.361039
0.521678
0.442602
0.342609
0.354748
0.55331
0.640507
0.55265
0.650941
0.463005
0.549917
0.314929
0.326035
0.451197
0.475648
0.361386
0.527924
0.462479
0.565639
0.625372
0.334324
0.410772
0.495499
0.407558
0.522461
0.336464
0.402476
0.453596
0.527614
0.511123
0.345973
0.443099
0.511014
0.46709
0.502195
0.538755
0.375527
0.26601
0.605997
0.468599
0.460561
0.432041
0.53346
0.613674
0.315575
0.562226
0.47419
0.447546
0.594555
0.388216
0.572816
0.523358
0.431784
0.700264
0.624622
0.528313
0.552195
0.356113
0.390705
0.524698
0.437579
0.384141
0.653557
0.2708
0.41288
0.55182
0.564389
0.56425
0.434778
0.507281
0.339025
0.47458
0.457728
0.513498
0.639645
0.430974
0.4206
0.481305
0.535112
0.605436
0.540027
0.369206
0.463124
0.380789
0.514533
0.354623
0.422849
0.517163
0.636497
0.492976
0.40723
0.529836
0.476957
0.567696
0.539557
0.565507
0.551241
0.49598
0.409413
0.513316
0.391386
0.49184
0.508548
0.411119
0.44425
0.49969
0.447728
0.506776
0.482215
0.398453
0.591027
0.508396
0.456349
0.537887
0.374564
0.406726
0.53983
0.60553
0.482097
0.577087
0.402453
0.634412
0.53039
0.467453
0.524972
0.448363
0.572727
0.553538
0.605007
0.703516
0.459411
0.390913
0.524227
0.621264
0.499562
0.51845
0.539483
0.419696
0.549
0.466573
0.528508
0.53723
0.604449
0.498024
0.463824
0.50389
0.514791
0.458083
0.40641
0.552389
0.625556
0.435375
0.503684
0.5729
0.453293
0.533645
0.444319
0.602118
0.641959
0.429077
0.465364
0.598925
0.483912
0.336958
0.325139
0.59571
0.393567
0.535726
0.548305
0.32608
0.602253
0.595618
0.41752
0.51646
0.798266
0.633397
0.629017
0.490763
0.466577
0.563838
0.547454
0.674042
0.488156
0.442851
0.388314
0.392765
0.339283
0.49638
0.524127
0.556058
0.486754
0.603395
0.553747
0.563981
0.505299
0.550548
0.591888
0.525637
0.549038
0.600245
0.529082
0.381605
0.58925
0.513146
0.480214
0.311943
0.486207
0.540286
0.382722
0.472682
0.493281
0.649256
0.323558
0.440491
0.597034
0.573089
0.466942
0.556892
0.377409
0.469715
0.422936
0.350119
0.427688
0.65407
0.439805
0.574446
0.604277
0.514171
0.421138
0.44352
0.481894
0.446663
0.561634
0.445957
0.470193
0.546595
0.363443
0.618179
0.403312
0.460379
0.637933
0.511174
0.54432
0.460108
0.615698
0.524616
0.352006
0.521633
0.480606
0.493446
0.537892
0.488018
0.611656
0.598794
0.496881
0.574204
0.459367
0.536792
0.72534
0.617933
0.501423
0.415573
0.545965
0.606215
0.61521
0.362461
0.539192
0.505817
0.572921
0.510083
0.436401
0.400496
0.607813
0.491838
0.560636
0.486885
0.618205
0.513894
0.506034
0.505213
0.568755
0.482591
0.327599
0.580186
0.416543
0.452852
0.468469
0.52164
0.53242
0.324921
0.482244
0.48377
0.50611
0.553466
0.613463
0.505934
0.516452
0.4448
0.679735
0.457306
0.416188
0.404709
0.45454
0.281809
0.523659
0.461058
0.480164
0.489025
0.531726
0.522117
0.545696
0.560971
0.437217
0.343209
0.445506
0.543861
0.462165
0.561057
0.589067
0.468186
0.681067
0.616882
0.463472
0.389671
0.486372
0.426042
0.355447
0.367871
0.517365
0.663735
0.420153
0.39841
0.645581
0.422961
0.639514
0.389065
0.552875
0.462726
0.543303
0.519124
0.4562
0.40111
0.471653
0.54567
0.526166
0.419618
0.438168
0.419651
0.514372
0.431888
0.508245
0.548828
0.547503
0.431587
0.437706
0.493895
0.564155
0.571039
0.522298
0.508309
0.463286
0.43382
0.489093
0.431551
0.601205
0.45132
0.516291
0.319796
0.516938
0.574959
0.398383
0.347158
0.583823
0.452453
0.479119
0.43492
0.378095
0.368292
0.555191
0.565351
0.623262
0.495253
0.30899
0.410952
0.511981
0.565539
0.559291
0.459192
0.525146
0.506807
0.62418
0.536989
0.360854
0.500126
0.470987
0.638448
0.653895
0.503557
0.483496
0.533545
0.609371
0.446818
0.407133
0.484702
0.592017
0.439195
0.538328
0.522395
0.505779
0.444577
0.504696
0.530155
0.566154
0.364217
0.638177
0.663563
0.610782
0.529538
0.473709
0.377016
0.411745
0.544025
0.611516
0.456322
0.345975
0.424958
0.461515
0.45433
0.448193
0.482453
0.443873
0.701083
0.413704
0.435027
0.350154
0.509149
0.536399
0.497577
0.375007
0.519048
0.460249
0.689414
0.608793
0.628883
0.590552
0.396709
0.43704
0.326501
0.454182
0.485411
0.523045
0.491751
0.516029
0.697425
0.455451
0.36061
0.451795
0.47457
0.42308
0.542159
0.64531
0.54152
0.534762
0.653626
0.52145
0.440694
0.532383
0.487926
0.643752
0.448749
0.650838
0.252337
0.398757
0.516054
0.659045
0.616193
0.557117
0.557251
0.37164
0.379663
0.444422
0.482723
0.551455
0.424924
0.372725
0.497505
0.528325
0.435267
0.576666
0.60589
0.440274
0.566845
0.266099
0.646716
0.45856
0.632056
0.450071
0.446023
0.588563
0.402716
0.504988
0.610488
0.443935
0.565436
0.652748
0.596778
0.471939
0.560804
0.682636
0.37867
0.66333
0.512219
0.493677
0.495503
0.410636
0.59943
0.652177
0.602251
0.384139
0.556036
0.452116
0.353234
0.575346
0.569469
0.534021
0.53817
0.513196
0.636137
0.460947
0.551042
0.588712
0.473676
0.468123
0.408918
0.429304
0.516459
0.495826
0.449616
0.544355
0.319711
0.582989
0.523821
0.719229
0.371835
0.442022
0.458953
0.565297
0.463742
0.353314
0.508855
0.439025
0.388207
0.510818
0.615025
0.423674
0.441499
0.618118
0.491891
0.522593
0.473737
0.577344
0.610313
0.543595
0.483655
0.531243
0.390228
0.55932
0.477678
0.411724
0.425068
0.409033
0.412409
0.516116
0.447302
0.562686
0.513885
0.475406
0.606177
0.398622
0.516137
0.396621
0.465432
0.451715
0.585835
0.354557
0.540515
0.469229
0.499007
0.575974
0.681496
0.467146
0.310044
0.502382
0.569658
0.410185
0.302413
0.435473
0.632393
0.344189
0.534739
0.562271
0.592817
0.490045
0.395106
0.524993
0.557177
0.563752
0.550675
0.543617
0.604892
0.517744
0.628913
0.517105
0.482744
0.404008
0.490963
0.3222
0.516502
0.540048
0.556895
0.496693
0.539926
0.614181
0.616787
0.337008
0.302871
0.497142
0.510838
0.657945
0.556887
0.532421
0.485883
0.655365
0.428452
0.55826
0.434947
0.580591
0.476692
0.46965
0.500661
0.57825
0.394152
0.459213
0.472606
0.657264
0.545912
0.681242
0.632837
0.457666
0.654046
0.363701
0.603103
0.54386
0.52116
0.64843
0.421453
0.49796
0.448443
0.470271
0.52517
0.404768
0.440409
0.491298
0.541166
0.712938
0.600187
0.386814
0.484227
0.624853
0.205992
0.635238
0.437667
0.410678
0.421064
0.594462
0.540211
0.560061
0.726139
0.452758
0.427125
0.577892
0.475194
0.422759
0.472838
0.498515
0.461941
0.602498
0.556507
0.535738
0.546278
0.658
0.321212
0.403995
0.626596
0.587339
0.621674
0.638925
0.655578
0.306582
0.454617
0.413658
0.583844
0.453484
0.540103
0.69002
0.577506
0.435276
0.471398
0.461883
0.392428
0.452375
0.675137
0.440805
0.399691
0.410265
0.422787
0.502119
0.543489
0.587331
0.60861
0.552572
0.674409
0.456842
0.458557
0.598594
0.237746
0.566775
0.558745
0.587234
0.508243
0.461642
0.591375
0.45979
0.649354
0.38593
0.540185
0.401111
0.336849
0.339266
0.576734
0.38552
0.623301
0.558851
0.563043
0.413286
0.331706
0.485199
0.405336
0.499523
0.553225
0.422686
0.567837
0.620392
0.685723
0.536869
0.6048
0.439417
0.286534
0.536015
0.493186
0.529714
0.42458
0.564744
0.34757
0.47591
0.403685
0.493164
0.473152
0.582466
0.390673
0.615331
0.361899
0.533126
0.618514
0.376359
0.461093
0.539143
0.346546
0.427951
0.342792
0.481938
0.446484
0.467599
0.376897
0.698796
0.444673
0.647176
0.659762
0.678165
0.387731
0.542111
0.574493
0.324125
0.510484
0.652784
0.558299
0.417522
0.471776
0.465287
0.526489
0.444257
0.485486
0.42913
0.351906
0.579193
0.610783
0.414953
0.722833
0.50708
0.377376
0.595788
0.401596
0.629904
0.508239
0.450853
0.280352
0.353016
0.564002
0.421353
0.379703
0.46036
0.469924
0.653233
0.460068
0.582105
0.498071
0.542267
0.414906
0.325941
0.464061
0.452384
0.48914
0.686273
0.459445
0.308551
0.615322
0.363517
0.477497
0.471034
0.584326
0.418662
0.601939
0.478322
0.46655
0.256255
0.414814
0.60145
0.573836
0.571892
0.54146
0.582954
0.501548
0.418313
0.487234
0.539134
0.414441
0.33714
0.43239
0.584778
0.339202
0.571266
0.338188
0.494989
0.50073
0.515895
0.579071
0.649179
0.488479
0.284165
0.652438
0.507824
0.363372
0.456287
0.529273
0.552978
0.415026
0.549094
0.39561
0.479075
0.55327
0.585838
0.69652
0.450962
0.467097
0.664094
0.431034
0.551619
0.508485
0.612531
0.558147
0.622452
0.55768
0.495343
0.460737
0.554556
0.600785
0.466061
0.475971
0.419766
0.499705
0.490449
0.4375
0.535829
0.558722
0.451154
0.486431
0.640466
0.491195
0.514754
0.494818
0.504568
0.364087
0.48481
0.507101
0.445263
0.547253
0.782497
0.441669
0.705016
0.418636
0.489365
0.406423
0.64344
0.675738
0.754737
0.56894
0.443928
0.477947
0.413237
0.583556
0.467695
0.59353
0.575891
0.314409
0.393314
0.449303
0.45123
0.5052
0.360247
0.380237
0.320775
0.53314
0.590393
0.550446
0.536275
0.346286
0.492109
0.666233
0.624013
0.520175
0.656641
0.426112
0.574484
0.481389
0.437381
0.551895
0.263703
0.432399
0.457806
0.419197
0.495385
0.473758
0.424457
0.554914
0.571193
0.45644
0.726766
0.59343
0.589221
0.408817
0.586003
0.482564
0.538866
0.469506
0.471105
0.604451
0.503182
0.519037
0.429591
0.525793
0.597797
0.539997
0.58727
0.516135
0.368451
0.54703
0.450866
0.47201
0.637149
0.414803
0.403216
0.459068
0.429932
0.493751
0.511113
0.43346
0.537203
0.440138
0.471367
0.628031
0.45054
0.598692
0.501105
0.588039
0.487879
0.662796
0.533817
0.415372
0.561927
0.59892
0.613109
0.529441
0.564635
0.358707
0.481608
0.577141
0.53352
0.513858
0.442913
0.323505
0.633609
0.535651
0.629979
0.628871
0.431737
0.502669
0.643763
0.567639
0.557888
0.557031
0.631459
0.467863
0.441275
0.541122
0.554082
0.450193
0.376773
0.533556
0.648676
0.518864
0.320327
0.564816
0.520835
0.30666
0.329916
0.529723
0.508753
0.50001
0.661606
0.425637
0.44043
0.469576
0.398212
0.531967
0.26118
0.505909
0.331063
0.608325
0.439021
0.609001
0.433302
0.525358
0.461017
0.504728
0.55616
0.454015
0.51409
0.360445
0.547585
0.425719
0.499322
0.546182
0.535582
0.437647
0.459186
0.337124
0.436599
0.514031
0.502671
0.677276
0.342252
0.346098
0.593688
0.523418
0.605647
0.52002
0.623636
0.362695
0.691543
0.603927
0.519475
0.346399
0.572551
0.50178
0.544113
0.606697
0.446541
0.293605
0.526381
0.42232
0.518401
0.468319
0.413366
0.673403
0.632249
0.617091
0.468293
0.57492
0.358181
0.491897
0.342661
0.502349
0.630599
0.445656
0.531786
0.422441
0.603135
0.357043
0.478365
0.516175
0.62815
0.404802
0.419163
0.430206
0.486765
0.493101
0.575389
0.617325
0.488345
0.34117
0.56777
0.325668
0.626321
0.437216
0.492851
0.470645
0.520211
0.518301
0.527466
0.572764
0.491668
0.574594
0.433824
0.368735
0.515355
0.388135
0.518124
0.80249
0.553398
0.40295
0.451054
0.376942
0.525165
0.285111
0.489038
0.396536
0.382067
0.467989
0.540524
0.554872
0.650052
0.489755
0.502107
0.420883
0.570429
0.516812
0.544726
0.451284
0.412639
0.408625
0.460667
0.306219
0.450542
0.616114
0.487533
0.669251
0.486762
0.417479
0.405867
0.672063
0.577626
0.58206
0.562532
0.398459
0.554148
0.414566
0.402438
0.491458
0.652541
0.468692
0.596703
0.31152
0.560659
0.530888
0.635741
0.393122
0.554762
0.661767
0.611313
0.521173
0.543971
0.444323
0.441977
0.597917
0.357729
0.42489
0.501901
0.495248
0.504566
0.544477
0.493419
0.48653
0.598445
0.444808
0.55923
0.426275
0.491902
0.495156
0.560553
0.395221
0.573199
0.522756
0.553083
0.552592
0.477652
0.441298
0.572995
0.436523
0.431279
0.458724
0.500774
0.52786
0.487872
0.507287
0.601065
0.641776
0.33857
0.375514
0.642249
0.535829
0.565986
0.533481
0.479887
0.622352
0.58289
0.729469
0.543659
0.447244
0.638448
0.397856
0.297897
0.446465
0.492952
0.454749
0.451267
0.515773
0.454975
0.469634
0.47163
0.628424
0.442831
0.588022
0.517583
0.409812
0.475207
0.54176
0.428655
0.427217
0.41379
0.620456
0.521578
0.577063
0.47368
0.689118
0.520551
0.651299
0.585367
0.523877
0.504873
0.438746
0.534987
0.599356
0.587774
0.466449
0.527579
0.497973
0.54577
0.410325
0.410997
0.423187
0.498313
0.503581
0.666126
0.485415
0.392993
0.545625
0.512009
0.291054
0.481999
0.363387
0.592463
0.401782
0.481033
0.50121
0.50372
0.443019
0.482336
0.614669
0.590629
0.727141
0.348941
0.617901
0.581876
0.418771
0.347747
0.58326
0.552694
0.606188
0.584485
0.416308
0.59648
0.454605
0.384091
0.62839
0.4547
0.403798
0.515505
0.50325
0.397447
0.534268
0.490339
0.603372
0.664984
0.662873
0.370374
0.585937
0.373554
0.54053
0.499276
0.597507
0.456741
0.311364
0.429412
0.490794
0.456589
0.554363
0.445109
0.456042
0.496715
0.465327
0.489157
0.683801
0.462552
0.548612
0.479855
0.6751
0.581888
0.374914
0.461336
0.489208
0.441796
0.62301
0.460384
0.368424
0.396037
0.560146
0.528447
0.603535
0.409979
0.627433
0.427986
0.602824
0.558046
0.383364
0.47779
0.50169
0.431693
0.420263
0.402349
0.499204
0.433834
0.505218
0.335848
0.632114
0.52867
0.50873
0.511811
0.496038
0.583789
0.371084
0.524889
0.597812
0.584406
0.418111
0.581772
0.472169
0.617566
0.37477
0.663649
0.520142
0.617106
0.436668
0.60313
0.525816
0.528141
0.546392
0.533993
0.382251
0.692812
0.483186
0.502621
0.406649
0.476986
0.4113
0.535408
0.549015
0.550593
0.543993
0.336946
0.497823
0.702235
0.666919
0.54922
0.460381
0.511667
0.426348
0.632542
0.544836
0.621737
0.424383
0.434399
0.494959
0.544333
0.475047
0.492888
0.42808
0.60284
0.461849
0.376834
0.300758
0.356598
0.399148
0.495217
0.575983
0.570814
0.436344
0.313943
0.389942
0.68835
0.45567
0.598502
0.515588
0.627764
0.401039
0.35651
0.594463
0.474982
0.637159
0.384601
0.457469
0.653914
0.374817
0.429606
0.579467
0.554312
0.609973
0.354427
0.511839
0.563143
0.411007
0.354478
0.411332
0.388697
0.45019
0.601028
0.532743
0.584645
0.61217
0.393281
0.577226
0.474208
0.523982
0.581439
0.587196
0.442584
0.537798
0.67853
0.453052
0.408737
0.559366
0.409196
0.546148
0.605625
0.551811
0.649137
0.516649
0.390916
0.556164
0.489371
0.494152
0.478207
0.456726
0.514918
0.503144
0.621722
0.681093
0.418021
0.454609
0.505449
0.461366
0.571446
0.499308
0.480639
0.494821
0.567908
0.52746
0.363543
0.528993
0.587112
0.473806
0.448263
0.557889
0.682378
0.336209
0.50753
0.452732
0.384287
0.540209
0.447211
0.562365
0.499264
0.481141
0.548316
0.605174
0.536444
0.549644
0.573218
0.536098
0.526701
0.495626
0.430817
0.509008
0.303123
0.409956
0.488292
0.366466
0.392718
0.602364
0.385099
0.57559
0.424618
0.428268
0.547811
0.49047
0.490475
0.46646
0.42239
0.458295
0.498249
0.573788
0.333422
0.398072
0.641044
0.442204
0.447844
0.567545
0.458105
0.457772
0.563634
0.495626
0.395585
0.510422
0.561925
0.694378
0.480127
0.42749
0.453962
0.376307
0.498803
0.503276
0.622288
0.489442
0.434406
0.471082
0.498518
0.544388
0.435558
0.513403
0.538037
0.644278
0.506579
0.330184
0.544903
0.540247
0.582512
0.584238
0.56823
0.621777
0.410187
0.517182
0.434287
0.612993
0.486666
0.578424
0.496502
0.482682
0.611873
0.633991
0.578555
0.487561
0.492694
0.521174
0.553692
0.455004
0.291301
0.389215
0.446377
0.473176
0.440912
0.51545
0.460343
0.593244
0.557668
0.710571
0.330105
0.66004
0.457796
0.525853
0.360944
0.474275
0.444674
0.549457
0.665338
0.351132
0.460887
0.528085
0.421802
0.576769
0.505845
0.57453
0.475059
0.375989
0.599986
0.620859
0.464411
0.591056
0.632067
0.451171
0.510205
0.533347
0.456503
0.597142
0.606185
0.60626
0.513209
0.503717
0.358546
0.409505
0.522825
0.471596
0.580454
0.521622
0.56572
0.45733
0.493751
0.619311
0.483604
0.661091
0.507572
0.428852
0.548063
0.35638
0.636513
0.516618
0.520809
0.515175
0.489025
0.512418
0.385866
0.556217
0.49961
0.421104
0.464446
0.493371
0.596418
0.514613
0.428666
0.585206
0.488779
0.308321
0.610794
0.486166
0.527198
0.512305
0.560119
0.473902
0.531273
0.409852
0.530058
0.47659
0.599016
0.352224
0.483554
0.448236
0.503977
0.470458
0.485291
0.539232
0.554572
0.391673
0.304739
0.583593
0.432965
0.609066
0.484476
0.573592
0.548842
0.491531
0.533745
0.516651
0.436361
0.530507
0.487636
0.368634
0.590552
0.608432
0.627772
0.511861
0.582392
0.63485
0.490847
0.395404
0.509771
0.432977
0.596817
0.479436
0.634497
0.37122
0.709034
0.324617
0.523507
0.520881
0.494065
0.441738
0.45537
0.482983
0.479417
0.566051
0.471171
0.463901
0.512859
0.444918
0.54182
0.391148
0.307486
0.526662
0.491796
0.547446
0.512154
0.512699
0.462315
0.562887
0.477387
0.584254
0.414871
0.341722
0.492298
0.439178
0.369076
0.412038
0.548578
0.37362
0.336678
0.673301
0.443033
0.417505
0.456626
0.378455
0.560647
0.581996
0.554002
0.523988
0.2856
0.40134
0.438628
0.533105
0.668156
0.35072
0.427088
0.503852
0.530788
0.395935
0.514928
0.455761
0.527386
0.37997
0.643718
0.445307
0.47485
0.575737
0.600645
0.632182
0.45687
0.533449
0.556293
0.66511
0.555115
0.625381
0.489201
0.41765
0.493571
0.539898
0.663784
0.441152
0.587204
0.600942
0.621164
0.413739
0.566597
0.488309
0.510426
0.450927
0.505708
0.508328
0.530773
0.605193
0.410312
0.61372
0.473048
0.518537
0.530212
0.395688
0.442026
0.403784
0.338736
0.57045
0.608887
0.517118
0.578527
0.556703
0.486201
0.446026
0.503089
0.589671
0.635783
0.473571
0.449025
0.541652
0.612688
0.59163
0.454375
0.518175
0.516623
0.322447
0.393932
0.373101
0.465012
0.569556
0.532863
0.53522
0.619903
0.355889
0.405468
0.563121
0.493907
0.518551
0.506345
0.644325
0.32829
0.516493
0.536703
0.428884
0.479335
0.469048
0.47906
0.636892
0.467058
0.379955
0.678998
0.403528
0.433307
0.513294
0.593134
0.424531
0.524273
0.574397
0.417927
0.539158
0.455395
0.510585
0.64443
0.336959
0.434599
0.483237
0.389525
0.398864
0.512807
0.474485
0.534684
0.48235
0.6986
0.678473
0.458763
0.434623
0.416889
0.488904
0.481779
0.567013
0.609423
0.531268
0.542115
0.547969
0.567943
0.5999
0.510065
0.571271
0.458719
0.6467
0.596082
0.6303
0.640233
0.430102
0.542575
0.578412
0.393692
0.269565
0.593571
0.579695
0.279045
0.362606
0.517019
0.453596
0.19715
0.40809
0.609981
0.491129
0.581689
0.441228
0.747437
0.669591
0.46242
0.622444
0.640884
0.41694
0.534305
0.533993
0.45338
0.476197
0.535021
0.524926
0.573173
0.494447
0.376362
0.306733
0.37849
0.510264
0.29295
0.438688
0.431555
0.537567
0.46471
0.553664
0.520371
0.543147
0.537472
0.561884
0.522253
0.389338
0.509074
0.631816
0.493598
0.462493
0.566286
0.484109
0.595806
0.432187
0.650855
0.54621
0.547774
0.48523
0.500931
0.402017
0.450835
0.552856
0.357115
0.432626
0.662474
0.598628
0.34032
0.480972
0.600649
0.458825
0.401628
0.484861
0.540979
0.526318
0.612273
0.509627
0.424568
0.443132
0.604864
0.473348
0.524662
0.416129
0.49492
0.494298
0.525842
0.394457
0.504776
0.602001
0.3499
0.446632
0.679852
0.440003
0.518027
0.449341
0.53029
0.450168
0.569396
0.54926
0.348899
0.565048
0.461716
0.583423
0.449335
0.646572
0.559774
0.442873
0.536401
0.396038
0.473475
0.438559
0.463326
0.422102
0.537334
0.377658
0.448856
0.390172
0.528877
0.382715
0.519946
0.488343
0.603832
0.485226
0.513816
0.531721
0.381504
0.399487
0.516118
0.388709
0.444167
0.43178
0.429899
0.449539
0.419784
0.504143
0.463039
0.56906
0.397844
0.671245
0.38981
0.402503
0.483551
0.583051
0.385148
0.714676
0.526097
0.195217
0.448229
0.579741
0.462197
0.653368
0.424899
0.600465
0.496538
0.47661
0.506446
0.362536
0.496285
0.439875
0.425233
0.501276
0.407206
0.503892
0.385618
0.694771
0.504509
0.565818
0.361595
0.409196
0.571902
0.502757
0.560536
0.708793
0.457872
0.454639
0.695401
0.604705
0.488677
0.342131
0.525744
0.453578
0.522948
0.439477
0.4208
0.628561
0.713347
0.421384
0.565928
0.472057
0.496119
0.377297
0.476638
0.401293
0.559912
0.435603
0.502411
0.574495
0.75065
0.364545
0.39547
0.63718
0.549759
0.515835
0.487657
0.354785
0.518482
0.45118
0.561514
0.399583
0.531511
0.441141
0.619644
0.496541
0.428614
0.749979
0.349411
0.544513
0.393416
0.619357
0.447979
0.415855
0.323959
0.437974
0.615678
0.4993
0.590131
0.433437
0.543653
0.587605
0.578531
0.446906
0.514713
0.623255
0.505789
0.550232
0.404272
0.402178
0.336857
0.539567
0.611239
0.497178
0.57522
0.488612
0.46668
0.499492
0.29748
0.568908
0.461061
0.588608
0.485205
0.44378
0.398818
0.427188
0.562426
0.416778
0.532006
0.539674
0.377625
0.564659
0.542713
0.569859
0.374514
0.409188
0.536923
0.62443
0.4764
0.481244
0.58046
0.596212
0.56438
0.504954
0.350621
0.622552
0.360075
0.478763
0.595081
0.471013
0.429102
0.254608
0.282612
0.556257
0.501937
0.61555
0.39813
0.47871
0.464281
0.426449
0.477551
0.437343
0.59954
0.581493
0.49592
0.505594
0.571467
0.396601
0.51522
0.471198
0.515502
0.493931
0.366254
0.427389
0.462806
0.299971
0.481966
0.46468
0.651464
0.627876
0.417519
0.449127
0.484777
0.438959
0.485432
0.584713
0.377074
0.477441
0.402037
0.544198
0.38289
0.546812
0.584488
0.414508
0.435874
0.545338
0.455534
0.539449
0.429232
0.602496
0.406212
0.554254
0.449973
0.557333
0.434611
0.393191
0.434732
0.493945
0.321812
0.513169
0.345365
0.598523
0.424083
0.613015
0.66801
0.526588
0.453362
0.439791
0.419781
0.468316
0.58607
0.560268
0.402696
0.474001
0.583209
0.337362
0.574952
0.550988
0.522712
0.388077
0.515096
0.467584
0.537962
0.511211
0.535135
0.398689
0.524375
0.559795
0.454066
0.422118
0.318896
0.394978
0.473811
0.523776
0.57524
0.594737
0.404984
0.594094
0.65068
0.602586
0.470399
0.597347
0.388132
0.388092
0.569689
0.469671
0.420287
0.552808
0.518883
0.450853
0.340477
0.551874
0.584255
0.479155
0.47796
0.313324
0.410213
0.37766
0.583251
0.523799
0.596492
0.534865
0.572119
0.711132
0.510361
0.631434
0.394813
0.49095
0.525029
0.489264
0.590079
0.456191
0.55591
0.418234
0.451473
0.575119
0.621869
0.510221
0.576448
0.325175
0.489042
0.479174
0.48669
0.526688
0.560289
0.470297
0.401091
0.352206
0.553813
0.460542
0.510774
0.473933
0.469946
0.546914
0.448524
0.373446
0.475568
0.368238
0.562943
0.474625
0.641088
0.430291
0.500629
0.472418
0.645406
0.503426
0.46765
0.416793
0.519721
0.636012
0.48454
0.672943
0.431529
0.376246
0.667017
0.615542
0.415624
0.419114
0.557601
0.526548
0.739383
0.594487
0.601271
0.552784
0.545079
0.386564
0.601256
0.541242
0.442449
0.324089
0.50906
0.506767
0.430191
0.404996
0.495747
0.498516
0.405562
0.518336
0.519507
0.418271
0.37668
0.400586
0.447499
0.405455
0.422642
0.412631
0.407894
0.440354
0.652008
0.447946
0.541072
0.628834
0.490688
0.581725
0.586839
0.318511
0.585727
0.544904
0.387535
0.558066
0.541949
0.456268
0.604853
0.548135
0.513919
0.470042
0.541165
0.443886
0.4561
0.495561
0.524135
0.456145
0.489601
0.419884
0.656321
0.359641
0.574343
0.313383
0.549502
0.453653
0.480972
0.422587
0.456382
0.632065
0.537276
0.553777
0.480307
0.506564
0.57938
0.62503
0.486624
0.48841
0.568416
0.413655
0.457234
0.370959
0.538873
0.650157
0.522904
0.366806
0.525258
0.409101
0.475843
0.440154
0.569226
0.521464
0.508027
0.636733
0.539733
0.582262
0.538732
0.450299
0.504307
0.451503
0.387681
0.376475
0.569945
0.545678
0.318208
0.491406
0.667652
0.391269
0.517798
0.354428
0.585068
0.460946
0.501315
0.67066
0.657146
0.63735
0.415235
0.461146
0.305264
0.548582
0.489128
0.474911
0.470658
0.493723
0.523638
0.438986
0.418512
0.725957
0.422155
0.379203
0.594524
0.585052
0.266356
0.556248
0.496215
0.470194
0.403745
0.448226
0.576748
0.518391
0.45831
0.572655
0.529458
0.402875
0.593369
0.477565
0.606789
0.490134
0.648654
0.543086
0.407797
0.493464
0.541645
0.521615
0.223822
0.435111
0.666135
0.506397
0.362455
0.4783
0.338988
0.455042
0.475331
0.614702
0.339002
0.60624
0.395795
0.49204
0.349764
0.514665
0.547934
0.440833
0.361365
0.590728
0.618947
0.508428
0.503801
0.568634
0.392282
0.532736
0.577846
0.537838
0.419461
0.487273
0.41717
0.559775
0.56394
0.503354
0.558435
0.553422
0.280876
0.724489
0.514069
0.569982
0.602097
0.472249
0.53539
0.488699
0.476052
0.602101
0.521718
0.652527
0.568005
0.401913
0.474085
0.624101
0.55617
0.435068
0.51012
0.479168
0.365
0.554327
0.449659
0.566361
0.557254
0.511808
0.648577
0.448924
0.561997
0.66467
0.501358
0.405694
0.4461
0.525302
0.450819
0.605395
0.542319
0.629039
0.436434
0.679977
0.42748
0.49165
0.28064
0.709505
0.499752
0.503054
0.355477
0.59277
0.534509
0.552947
0.489904
0.514538
0.603683
0.508231
0.471066
0.432084
0.424034
0.561368
0.660799
0.49034
0.555211
0.642991
0.391593
0.536747
0.498929
0.441322
0.524213
0.543576
0.556098
0.295183
0.642161
0.457255
0.479167
0.426565
0.526107
0.380894
0.512436
0.453
0.594407
0.457982
0.443556
0.469131
0.313769
0.461896
0.494905
0.511151
0.477141
0.40762
0.563989
0.316967
0.413802
0.488768
0.4775
0.569176
0.53967
0.604727
0.554114
0.457151
0.573752
0.479466
0.4766
0.718777
0.539681
0.485261
0.354269
0.621551
0.339216
0.571314
0.512251
0.417033
0.42756
0.358965
0.474585
0.651812
0.438339
0.501898
0.513543
0.642381
0.499022
0.521489
0.418105
0.620553
0.545552
0.414131
0.389952
0.430236
0.587927
0.389118
0.50582
0.70563
0.596427
0.532367
0.490529
0.385122
0.571155
0.502986
0.325471
0.614354
0.425543
0.556425
0.572796
0.466196
0.457418
0.449637
0.426021
0.554534
0.299217
0.420421
0.503245
0.743033
0.531884
0.644833
0.579637
0.549228
0.514981
0.463256
0.611295
0.318549
0.528479
0.527457
0.533098
0.392058
0.53969
0.35766
0.418595
0.61594
0.401762
0.510404
0.570464
0.339984
0.558121
0.544649
0.465544
0.626507
0.470224
0.535332
0.608907
0.540408
0.603947
0.620284
0.456901
0.415247
0.402904
0.578139
0.449575
0.389466
0.544962
0.42159
0.548362
0.481081
0.421188
0.352051
0.405352
0.51841
0.494424
0.458528
0.295982
0.368597
0.58767
0.455192
0.427404
0.404934
0.420402
0.438887
0.490307
0.528182
0.653949
0.509515
0.452375
0.606328
0.42499
0.332963
0.397106
0.521415
0.539232
0.637954
0.492114
0.511329
0.565271
0.624917
0.326563
0.468601
0.411629
0.426701
0.587808
0.407557
0.687909
0.497673
0.552817
0.335318
0.344004
0.419448
0.450392
0.361395
0.549231
0.398237
0.405709
0.554852
0.316265
0.490499
0.509113
0.407195
0.492689
0.430312
0.656636
0.583401
0.63596
0.643605
0.690124
0.442692
0.555562
0.42108
0.620354
0.484905
0.249062
0.283416
0.546984
0.327485
0.476792
0.409032
0.594639
0.542405
0.412815
0.506408
0.464935
0.481477
0.577811
0.499716
0.459654
0.492781
0.402512
0.558169
0.460834
0.480135
0.388237
0.436283
0.458912
0.581753
0.524089
0.503918
0.500615
0.543457
0.488329
0.431698
0.583703
0.53603
0.504399
0.659136
0.456154
0.515512
0.340057
0.409499
0.38287
0.449462
0.531046
0.427168
0.523414
0.431428
0.678672
0.599975
0.519793
0.480084
0.613666
0.490697
0.523745
0.468713
0.53665
0.438642
0.49847
0.45493
0.538501
0.503938
0.210211
0.479773
0.671882
0.413885
0.38056
0.579477
0.388172
0.632444
0.500825
0.502507
0.471991
0.610642
0.515278
0.548605
0.498507
0.4874
0.560561
0.645852
0.506643
0.49702
0.403994
0.55595
0.524308
0.401263
0.654016
0.447156
0.49973
0.50069
0.42143
0.598515
0.485922
0.391644
0.590614
0.398253
0.493309
0.621968
0.515328
0.473425
0.668503
0.460294
0.584199
0.43711
0.475155
0.530425
0.506452
0.563688
0.445837
0.474072
0.548917
0.401928
0.441816
0.491929
0.410809
0.509856
0.500594
0.57477
0.353249
0.244573
0.569039
0.57298
0.605966
0.664436
0.512896
0.564672
0.354076
0.600197
0.661451
0.469207
0.663329
0.525954
0.589074
0.514721
0.432644
0.70995
0.553353
0.40492
0.468266
0.449519
0.602477
0.442166
0.45431
0.493631
0.432519
0.450575
0.549946
0.430788
0.418221
0.504566
0.573946
0.469168
0.558864
0.405037
0.642771
0.560184
0.573754
0.457031
0.508866
0.415807
0.649865
0.489514
0.501272
0.544261
0.687093
0.619566
0.401162
0.577866
0.604598
0.600034
0.390351
0.491077
0.564636
0.501399
0.391318
0.405945
0.538283
0.465337
0.472735
0.55646
0.580401
0.329164
0.424976
0.332466
0.399187
0.457076
0.415529
0.348032
0.498578
0.625824
0.414737
0.478407
0.539795
0.499171
0.537725
0.383881
0.311263
0.387191
0.678859
0.488119
0.414084
0.62322
0.420561
0.602734
0.363263
0.402937
0.478739
0.489087
0.472809
0.316828
0.502599
0.522531
0.435824
0.568956
0.47705
0.473524
0.628656
0.411721
0.481384
0.544256
0.461173
0.537964
0.438401
0.398662
0.463145
0.458546
0.443581
0.597904
0.439754
0.4552
0.294414
0.50262
0.447153
0.535203
0.645446
0.327472
0.532014
0.526121
0.695063
0.432725
0.346942
0.535605
0.465519
0.611827
0.596627
0.562936
0.368181
0.583157
0.68755
0.485724
0.451407
0.318348
0.447036
0.656893
0.708992
0.538795
0.445439
0.533818
0.482529
0.486194
0.498167
0.523157
0.621546
0.422141
0.442264
0.561693
0.370716
0.436101
0.575217
0.465177
0.533935
0.540195
0.411632
0.463895
0.520508
0.603556
0.55637
0.505418
0.50916
0.528152
0.410748
0.441684
0.371064
0.39224
0.521325
0.429306
0.573534
0.48681
0.648799
0.45869
0.441522
0.344607
0.577508
0.389302
0.284483
0.510539
0.503961
0.505107
0.501711
0.426479
0.73585
0.415943
0.559628
0.60272
0.50091
0.41731
0.590074
0.322528
0.407996
0.682751
0.589022
0.475489
0.320703
0.599765
0.600687
0.539523
0.496824
0.471861
0.552417
0.430705
0.614906
0.496111
0.461242
0.514214
0.55215
0.587275
0.463433
0.618972
0.395843
0.656284
0.623872
0.422733
0.3635
0.462582
0.462512
0.573629
0.574853
0.546564
0.490694
0.588376
0.461804
0.610043
0.580513
0.416559
0.320404
0.549415
0.595943
0.484662
0.601917
0.457906
0.694856
0.432696
0.407974
0.499994
0.566576
0.530514
0.297811
0.522833
0.600051
0.510117
0.533534
0.406211
0.483208
0.674471
0.482337
0.464303
0.614519
0.342579
0.662552
0.399198
0.563279
0.464771
0.363417
0.667877
0.545563
0.491381
0.486349
0.461084
0.588301
0.502215
0.448553
0.504192
0.734368
0.403432
0.457715
0.576934
0.497077
0.572655
0.509513
0.510565
0.402905
0.682392
0.477648
0.257733
0.566764
0.456007
0.559082
0.54208
0.424615
0.509767
0.605085
0.381291
0.603645
0.608644
0.511752
0.339031
0.44075
0.512824
0.461511
0.397945
0.465499
0.516057
0.500217
0.457594
0.444236
0.676215
0.502313
0.447927
0.637441
0.512655
0.419556
0.510614
0.452951
0.494172
0.426761
0.437278
0.583093
0.56558
0.570975
0.56537
0.494269
0.460155
0.498482
0.419185
0.392981
0.519402
0.576986
0.545194
0.422772
0.490825
0.54831
0.427611
0.55202
0.498592
0.439898
0.481831
0.592981
0.681221
0.531386
0.410089
0.447968
0.464617
0.515489
0.465398
0.608997
0.588009
0.510377
0.406574
0.54272
0.524566
0.473745
0.538832
0.372919
0.537685
0.536692
0.521202
0.528317
0.488151
0.618527
0.483689
0.553915
0.456606
0.401579
0.533852
0.389551
0.469976
0.638054
0.444182
0.599826
0.419714
0.728961
0.498375
0.495035
0.53395
0.558072
0.436323
0.513174
0.51485
0.6819
0.574366
0.438614
0.676705
0.469577
0.589045
0.413443
0.619501
0.454559
0.639359
0.452993
0.446908
0.402983
0.264188
0.607521
0.586893
0.421533
0.52832
0.517459
0.397336
0.42059
0.402208
0.490171
0.538271
0.516436
0.547298
0.481563
0.266588
0.499251
0.540507
0.396403
0.458256
0.4116
0.508137
0.526657
0.487314
0.575083
0.45123
0.527626
0.390163
0.370782
0.531093
0.587131
0.417827
0.422128
0.445431
0.573457
0.528138
0.446741
0.662259
0.553257
0.393985
0.436817
0.490467
0.451055
0.502992
0.395557
0.552647
0.277488
0.498208
0.500122
0.487495
0.483864
0.558621
0.479584
0.445826
0.60611
0.542508
0.489267
0.655964
0.341632
0.515872
0.530892
0.520976
0.558097
0.462413
0.510874
0.57195
0.563585
0.420732
0.547088
0.638231
0.473073
0.518645
0.527426
0.507234
0.486631
0.573729
0.591379
0.533205
0.450228
0.603447
0.548904
0.51598
0.600468
0.537392
0.468762
0.407547
0.600085
0.44842
0.461498
0.315901
0.55147
0.418681
0.450215
0.562432
0.430977
0.630742
0.465238
0.51078
0.51723
0.52323
0.516753
0.521832
0.492119
0.574662
0.592455
0.401224
0.373631
0.378296
0.49524
0.592469
0.395151
0.545126
0.478905
0.430522
0.67632
0.421284
0.657818
0.707307
0.536011
0.530415
0.559476
0.512492
0.478461
0.450723
0.45684
0.399461
0.439039
0.61068
0.560312
0.488183
0.706647
0.436565
0.467168
0.35341
0.44516
0.509228
0.559259
0.558303
0.416836
0.386695
0.607727
0.480371
0.366046
0.623461
0.586491
0.438263
0.352192
0.666504
0.61418
0.564724
0.326106
0.432315
0.237203
0.482703
0.424711
0.56842
0.434595
0.528353
0.514209
0.577102
0.568228
0.526365
0.542492
0.528269
0.519994
0.459784
0.466982
0.412598
0.750477
0.488214
0.504543
0.485328
0.681647
0.55499
0.405589
0.625289
0.449056
0.485653
0.384993
0.682963
0.386983
0.41675
0.547842
0.515614
0.50295
0.60573
0.528579
0.40671
0.466007
0.659411
0.417533
0.54111
0.376133
0.480194
0.67929
0.456691
0.500088
0.465965
0.472861
0.517309
0.452004
0.41129
0.564037
0.351221
0.364993
0.444279
0.475815
0.473283
0.44299
0.495161
0.553231
0.558502
0.500044
0.529383
0.624414
0.358697
0.487224
0.489725
0.420142
0.453262
0.575277
0.478664
0.36965
0.399253
0.504153
0.573921
0.620904
0.595216
0.528468
0.506871
0.63903
0.497399
0.380955
0.445179
0.517057
0.426239
0.543914
0.507777
0.488585
0.775172
0.361646
0.401997
0.462491
0.483107
0.444828
0.509391
0.505215
0.456059
0.410742
0.658508
0.476669
0.322693
0.571246
0.509592
0.58126
0.282745
0.423362
0.437898
0.426004
0.356484
0.515287
0.539051
0.383154
0.467626
0.353638
0.591555
0.535266
0.491307
0.585684
0.398332
0.636053
0.372958
0.433312
0.690833
0.650894
0.573127
0.373418
0.516032
0.546295
0.517524
0.552394
0.438291
0.378083
0.43079
0.390363
0.37484
0.38359
0.506681
0.473753
0.545294
0.513533
0.716609
0.452799
0.352396
0.544791
0.482685
0.55352
0.622844
0.59572
0.44063
0.581672
0.423817
0.421138
0.492138
0.439179
0.432518
0.494574
0.695493
0.491481
0.372764
0.590837
0.367465
0.617217
0.644392
0.362439
0.468729
0.539658
0.35794
0.558867
0.419263
0.582205
0.548818
0.368182
0.639397
0.508328
0.481867
0.565865
0.436429
0.499197
0.568938
0.636335
0.555908
0.690308
0.508851
0.587991
0.49092
0.331308
0.620798
0.413143
0.39194
0.551238
0.578976
0.349625
0.64402
0.50436
0.567956
0.581384
0.57729
0.439704
0.465027
0.470784
0.451009
0.580454
0.517435
0.44585
0.400564
0.417236
0.419206
0.471134
0.661088
0.512363
0.603916
0.611358
0.580557
0.680053
0.656517
0.452465
0.60944
0.650599
0.409037
0.575159
0.503223
0.444437
0.521695
0.281508
0.498313
0.575052
0.462676
0.55563
0.42108
0.367593
0.28656
0.594969
0.463982
0.523058
0.373085
0.579122
0.311956
0.475894
0.524658
0.548658
0.526484
0.385777
0.432762
0.546835
0.593928
0.37237
0.510079
0.532581
0.518988
0.444761
0.446933
0.503597
0.593334
0.595314
0.587314
0.373873
0.593671
0.620576
0.431508
0.630423
0.662748
0.399898
0.459041
0.549454
0.400999
0.605369
0.627402
0.58273
0.54577
0.434649
0.438692
0.530269
0.539255
0.551236
0.478084
0.396077
0.485524
0.484687
0.414704
0.578999
0.571218
0.48628
0.417236
0.581315
0.573725
0.553568
0.573306
0.523115
0.404846
0.430232
0.513391
0.53101
0.337206
0.455647
0.52673
0.625146
0.634858
0.4815
0.618435
0.459026
0.358767
0.490794
0.393714
0.372039
0.542069
0.447537
0.466833
0.595134
0.529221
0.373372
0.579177
0.405488
0.347373
0.59039
0.57247
0.656526
0.427524
0.387328
0.599942
0.515101
0.517229
0.659309
0.569967
0.418109
0.425849
0.33929
0.703368
0.516292
0.617552
0.482295
0.447362
0.503451
0.616495
0.381535
0.525791
0.634749
0.512847
0.488453
0.517021
0.61826
0.357486
0.476699
0.537625
0.51939
0.5075
0.433037
0.471649
0.448266
0.533754
0.476119
0.522013
0.505643
0.526073
0.597054
0.572297
0.643377
0.430771
0.583667
0.533894
0.350948
0.529487
0.433296
0.415214
0.310001
0.617508
0.37696
0.486367
0.464357
0.463976
0.430694
0.52444
0.433383
0.535595
0.457816
0.411229
0.452096
0.539673
0.368852
0.416999
0.451858
0.591553
0.503835
0.540547
0.400962
0.435708
0.434637
0.587584
0.70488
0.448984
0.292976
0.456163
0.721451
0.628706
0.472714
0.459589
0.576697
0.417583
0.47301
0.353984
0.472468
0.441536
0.541886
0.549381
0.457572
0.635852
0.447715
0.469948
0.489505
0.509205
0.449117
0.490673
0.44439
0.544391
0.451706
0.514528
0.538162
0.458764
0.633124
0.465889
0.402559
0.446638
0.485745
0.562668
0.314887
0.500103
0.469396
0.591375
0.611057
0.453937
0.684444
0.345998
0.416802
0.624511
0.568527
0.503352
0.612509
0.611808
0.388201
0.494235
0.502504
0.507875
0.539736
0.69147
0.490174
0.50429
0.591264
0.472615
0.365698
0.615385
0.391446
0.426847
0.493702
0.53324
0.337798
0.662253
0.343557
0.504641
0.440795
0.431465
0.535557
0.469451
0.637814
0.4303
0.581663
0.424012
0.403969
0.6358
0.379955
0.372479
0.374859
0.636758
0.377427
0.50314
0.439203
0.471558
0.54622
0.576043
0.577319
0.324858
0.523841
0.532454
0.514362
0.446391
0.648412
0.335871
0.425223
0.441838
0.675447
0.428577
0.370938
0.547477
0.493109
0.536884
0.464425
0.437031
0.558407
0.482494
0.456375
0.420824
0.65722
0.456568
0.600024
0.484118
0.646531
0.487356
0.49657
0.473187
0.567706
0.481431
0.440918
0.474423
0.525148
0.442803
0.380434
0.54347
0.505073
0.673408
0.467346
0.428133
0.564698
0.332674
0.528393
0.390476
0.552522
0.583095
0.593312
0.570307
0.525911
0.472975
0.616697
0.543898
0.612632
0.406678
0.595751
0.518564
0.518457
0.426999
0.629416
0.365414
0.613444
0.683443
0.482322
0.529304
0.534934
0.484441
0.409994
0.466764
0.525822
0.630738
0.469691
0.549359
0.382074
0.501422
0.584242
0.431688
0.513976
0.713259
0.544202
0.319934
0.631044
0.498257
0.426638
0.48859
0.641004
0.543536
0.576781
0.479719
0.708709
0.61188
0.541815
0.380814
0.351346
0.610496
0.46397
0.514046
0.451738
0.499767
0.43311
0.481406
0.352017
0.432981
0.566958
0.396967
0.445431
0.692258
0.530046
0.399221
0.514488
0.635088
0.42049
0.673124
0.369132
0.490141
0.546624
0.423277
0.519104
0.540209
0.583511
0.426292
0.370112
0.504366
0.742308
0.552207
0.563901
0.480651
0.50345
0.581463
0.587792
0.434788
0.45756
0.655698
0.559705
0.519706
0.465986
0.387357
0.450185
0.384786
0.395816
0.514782
0.533382
0.583047
0.702199
0.626221
0.46443
0.508647
0.423775
0.487868
0.561126
0.396323
0.424965
0.3978
0.523289
0.4886
0.661869
0.349371
0.453636
0.525833
0.566468
0.424353
0.449489
0.438345
0.436794
0.547835
0.41509
0.319151
0.488722
0.323593
0.599781
0.52999
0.56798
0.630401
0.497757
0.542576
0.538958
0.496412
0.550588
0.441237
0.559867
0.38052
0.574153
0.512283
0.621757
0.476287
0.487125
0.319715
0.771872
0.515762
0.448589
0.516051
0.559813
0.387225
0.617854
0.561321
0.337909
0.392616
0.530004
0.522443
0.415193
0.557127
0.436161
0.499458
0.407353
0.465142
0.587956
0.474308
0.642962
0.433451
0.551122
0.502026
0.579308
0.544358
0.513632
0.463491
0.549066
0.348042
0.509239
0.473057
0.602064
0.505235
0.607774
0.583616
0.624333
0.478008
0.629012
0.35587
0.509614
0.488172
0.517375
0.457812
0.426472
0.449515
0.570236
0.534601
0.567105
0.541828
0.543034
0.438284
0.581948
0.531377
0.459882
0.631006
0.397101
0.454194
0.638839
0.674565
0.579602
0.665318
0.396448
0.493405
0.558532
0.61876
0.426656
0.447356
0.527894
0.579778
0.454654
0.474629
0.450201
0.582675
0.446694
0.364818
0.347647
0.334135
0.512351
0.595866
0.610731
0.323757
0.466228
0.418178
0.47216
0.540228
0.421519
0.393266
0.386817
0.503244
0.468347
0.493555
0.526575
0.408048
0.545242
0.644184
0.54167
0.541143
0.642612
0.536843
0.458358
0.462469
0.582511
0.469939
0.475511
0.561064
0.399486
0.46856
0.59079
0.477908
0.502755
0.411963
0.330018
0.551421
0.530427
0.545512
0.571317
0.477769
0.611959
0.578205
0.448563
0.389849
0.4355
0.366168
0.686662
0.74557
0.572248
0.356688
0.464149
0.57774
0.340406
0.516604
0.516547
0.394601
0.396816
0.493065
0.586907
0.531762
0.624778
0.553902
0.497928
0.543015
0.34207
0.529076
0.463015
0.279225
0.383636
0.323872
0.371585
0.341201
0.318863
0.498756
0.476946
0.504191
0.543876
0.509979
0.582978
0.598339
0.6447
0.379298
0.368889
0.591185
0.357656
0.410343
0.509212
0.454991
0.658781
0.293412
0.639236
0.613392
0.694566
0.33969
0.484008
0.548617
0.421761
0.460086
0.312
0.612205
0.45445
0.553135
0.392544
0.518886
0.422105
0.390603
0.429049
0.415014
0.422757
0.388658
0.608046
0.599649
0.510909
0.326701
0.547022
0.338099
0.590299
0.525159
0.642002
0.544473
0.587056
0.617746
0.708807
0.521498
0.559288
0.552968
0.579867
0.432573
0.454601
0.533791
0.461453
0.542749
0.45752
0.453679
0.574154
0.402062
0.374236
0.411398
0.492395
0.356345
0.582601
0.48618
0.366762
0.457355
0.43073
0.529108
0.655863
0.605813
0.398067
0.475765
0.512433
0.59762
0.538208
0.409413
0.66135
0.455266
0.703287
0.603201
0.475203
0.313158
0.505144
0.544119
0.596019
0.587313
0.499021
0.290607
0.569729
0.396567
0.480951
0.439983
0.352918
0.514205
0.470507
0.681051
0.619366
0.515583
0.406033
0.581473
0.436881
0.449089
0.409947
0.50871
0.502858
0.594462
0.487182
0.507553
0.419993
0.484237
0.400286
0.456489
0.461541
0.550784
0.520192
0.399354
0.518481
0.623141
0.482125
0.497964
0.638904
0.434552
0.281562
0.475606
0.462929
0.513337
0.625685
0.520523
0.52441
0.516458
0.611167
0.592711
0.433666
0.426834
0.529659
0.42659
0.473435
0.672202
0.407773
0.546328
0.533225
0.435031
0.46885
0.409791
0.575203
0.509716
0.459263
0.57135
0.467727
0.624985
0.512463
0.502956
0.440599
0.3862
0.629466
0.537142
0.709087
0.503917
0.534927
0.394815
0.481728
0.561817
0.723437
0.334918
0.409896
0.638823
0.541117
0.512274
0.455092
0.536936
0.653094
0.55413
0.442867
0.578063
0.527862
0.665139
0.340276
0.519793
0.525061
0.344749
0.536719
0.301821
0.303601
0.550169
0.525996
0.471452
0.572609
0.46231
0.480369
0.648279
0.488071
0.511329
0.475403
0.57493
0.553563
0.592591
0.667309
0.562413
0.513903
0.453121
0.542503
0.575374
0.536045
0.252808
0.452042
0.514264
0.651986
0.60386
0.511582
0.438145
0.593942
0.566204
0.490463
0.53357
0.482502
0.525787
0.531501
0.471715
0.533962
0.606892
0.436036
0.407629
0.433475
0.56887
0.516737
0.462218
0.576156
0.511842
0.463669
0.589268
0.408731
0.565194
0.48705
0.566555
0.609782
0.456884
0.393142
0.461796
0.427138
0.760793
0.417646
0.510914
0.546388
0.393595
0.583974
0.607816
0.595001
0.681811
0.371716
0.541591
0.691984
0.543952
0.373602
0.728767
0.43348
0.531866
0.487221
0.574972
0.560184
0.349622
0.530738
0.662072
0.38292
0.317488
0.389797
0.393569
0.448186
0.37277
0.595796
0.542774
0.605955
0.598509
0.403664
0.334971
0.497471
0.445247
0.480251
0.556524
0.611269
0.46028
0.432407
0.520588
0.561094
0.463056
0.396804
0.630802
0.519886
0.404585
0.581499
0.471072
0.499442
0.322937
0.49224
0.611251
0.395863
0.456139
0.494453
0.455275
0.526331
0.497988
0.554841
0.569985
0.463263
0.481529
0.374473
0.519633
0.427324
0.549152
0.468238
0.492759
0.531284
0.617485
0.263472
0.344843
0.472138
0.569488
0.38357
0.591876
0.249413
0.605355
0.550341
0.676704
0.543017
0.658068
0.481834
0.391691
0.51449
0.328649
0.380348
0.378017
0.500952
0.62039
0.598289
0.533603
0.551546
0.350541
0.337519
0.548388
0.611609
0.392182
0.5808
0.447408
0.590298
0.448193
0.57191
0.458839
0.552858
0.683472
0.35399
0.635879
0.459175
0.340782
0.543613
0.548084
0.625763
0.439787
0.561083
0.419455
0.518743
0.608103
0.355395
0.427346
0.290915
0.417375
0.455297
0.387912
0.456415
0.596623
0.445827
0.640605
0.251985
0.369316
0.512687
0.405893
0.56431
0.609861
0.414792
0.427125
0.408362
0.439388
0.43828
0.719168
0.522149
0.479968
0.35324
0.533168
0.498763
0.560579
0.437417
0.608507
0.507044
0.417387
0.449062
0.419739
0.657687
0.555111
0.524136
0.638024
0.352077
0.435459
0.440967
0.71326
0.60658
0.532852
0.438505
0.444894
0.37553
0.546859
0.592228
0.446034
0.501591
0.484993
0.444755
0.417287
0.602638
0.528733
0.356181
0.43338
0.359804
0.56986
0.682108
0.207422
0.501757
0.353407
0.505342
0.534315
0.685802
0.387746
0.540156
0.326594
0.456803
0.581556
0.396025
0.342653
0.520454
0.441626
0.330684
0.469065
0.597848
0.714685
0.540333
0.555401
0.433789
0.480636
0.427797
0.411684
0.411748
0.503828
0.457391
0.465325
0.48384
0.423195
0.448237
0.536114
0.554668
0.61131
0.575718
0.624555
0.363331
0.456638
0.443761
0.720544
0.488397
0.622467
0.458573
0.526124
0.356075
0.610236
0.377446
0.547758
0.462307
0.504187
0.3242
0.350284
0.524972
0.498483
0.45582
0.476433
0.562848
0.407161
0.532799
0.422507
0.553467
0.531517
0.588661
0.522549
0.352443
0.508699
0.512134
0.530022
0.56235
0.589563
0.448371
0.597778
0.519665
0.593007
0.293635
0.443773
0.523781
0.558256
0.500777
0.451733
0.462568
0.46578
0.630869
0.39268
0.494396
0.521729
0.479246
0.564948
0.527048
0.50001
0.472266
0.637054
0.389384
0.510345
0.373984
0.439465
0.522103
0.409855
0.359965
0.588077
0.619412
0.499942
0.608399
0.433902
0.533882
0.449471
0.326654
0.520182
0.612253
0.559455
0.374391
0.589886
0.560379
0.533664
0.462291
0.323244
0.541024
0.543821
0.398467
0.496708
0.488659
0.677243
0.522564
0.441431
0.58087
0.429006
0.610524
0.741092
0.436493
0.349953
0.350984
0.345602
0.31601
0.586052
0.387209
0.488944
0.580266
0.643857
0.486469
0.58613
0.318983
0.491019
0.641702
0.345961
0.491045
0.450044
0.628301
0.573013
0.623999
0.567677
0.431816
0.443968
0.500667
0.341538
0.530335
0.430158
0.616247
0.359847
0.458283
0.499869
0.519745
0.659282
0.49633
0.470713
0.559051
0.430254
0.425095
0.494069
0.42944
0.398079
0.548273
0.54031
0.58074
0.482767
0.53379
0.515271
0.368896
0.48935
0.439586
0.575115
0.543109
0.304901
0.483537
0.518486
0.440202
0.477603
0.585069
0.521536
0.41335
0.527462
0.348913
0.343164
0.552754
0.387467
0.679478
0.464485
0.661323
0.298203
0.507245
0.438304
0.528904
0.57819
0.47659
0.511056
0.604043
0.466369
0.487376
0.541419
0.392758
0.482453
0.500651
0.476498
0.619257
0.475006
0.611752
0.558233
0.564003
0.52639
0.562065
0.519357
0.449998
0.457906
0.403691
0.489992
0.678642
0.62768
0.449208
0.572666
0.621963
0.638073
0.731707
0.35525
0.558505
0.568598
0.26824
0.318053
0.495626
0.524569
0.562781
0.353012
0.451416
0.640885
0.402794
0.449642
0.474932
0.604629
0.496433
0.514121
0.46389
0.659318
0.565406
0.474629
0.494458
0.427912
0.35148
0.587736
0.508228
0.640867
0.312574
0.497398
0.706925
0.57977
0.477365
0.409804
0.585903
0.346289
0.395308
0.534058
0.59291
0.540397
0.461905
0.600386
0.429091
0.481057
0.517067
0.504279
0.414672
0.526753
0.507364
0.436714
0.322231
0.552492
0.470923
0.547291
0.535922
0.614116
0.546705
0.64886
0.525498
0.679962
0.52787
0.508934
0.529451
0.534157
0.371901
0.484879
0.522043
0.555038
0.448115
0.646623
0.394471
0.546396
0.446187
0.592317
0.5109
0.548481
0.387249
0.499115
0.305539
0.379924
0.472118
0.362952
0.567413
0.460918
0.569166
0.567935
0.414964
0.44227
0.687314
0.487635
0.49307
0.514106
0.397604
0.457359
0.43054
0.592269
0.459767
0.56812
0.576619
0.479638
0.478182
0.519809
0.390504
0.473832
0.35458
0.432748
0.588332
0.541984
0.722815
0.353543
0.457585
0.40747
0.544019
0.602867
0.429308
0.492725
0.408373
0.699521
0.354022
0.536462
0.432755
0.556854
0.45767
0.352868
0.56146
0.484309
0.459413
0.524532
0.570154
0.438625
0.613548
0.620109
0.541205
0.455906
0.493299
0.401922
0.521515
0.557501
0.564713
0.53793
0.491905
0.459369
0.60432
0.556721
0.470116
0.5263
0.594743
0.283382
0.337436
0.599099
0.387854
0.468337
0.521938
0.484548
0.555592
0.470461
0.589274
0.434685
0.553987
0.279982
0.484958
0.653663
0.406435
0.365924
0.440018
0.457153
0.467706
0.407044
0.494876
0.470999
0.460674
0.414437
0.51429
0.692523
0.583182
0.378224
0.459147
0.449626
0.562969
0.469918
0.448875
0.479527
0.594017
0.406315
0.391207
0.510712
0.518171
0.529964
0.573995
0.568379
0.421338
0.485485
0.506753
0.43539
0.494043
0.370223
0.467565
0.587456
0.561604
0.411961
0.75396
0.582985
0.519623
0.675597
0.654342
0.524784
0.516005
0.524967
0.549511
0.622467
0.401129
0.46514
0.521803
0.571188
0.42333
0.464806
0.59231
0.624017
0.377256
0.307537
0.624661
0.571985
0.418175
0.444953
0.526756
0.557574
0.535764
0.524035
0.449869
0.334105
0.536368
0.435038
0.527455
0.44524
0.513213
0.475695
0.314004
0.335496
0.689488
0.751593
0.577236
0.514412
0.499727
0.531852
0.564892
0.38371
0.430344
0.453435
0.510364
0.498532
0.570668
0.616643
0.559363
0.370526
0.631305
0.438567
0.592798
0.632307
0.467082
0.530493
0.588999
0.369496
0.597344
0.539463
0.611401
0.5883
0.546806
0.443426
0.425759
0.423286
0.435665
0.513623
0.543948
0.301738
0.528099
0.557074
0.55935
0.567686
0.603811
0.526256
0.481826
0.430442
0.547681
0.332264
0.498216
0.439165
0.458105
0.621991
0.57729
0.596729
0.555049
0.479058
0.506039
0.512848
0.524308
0.682462
0.587164
0.658178
0.46495
0.706115
0.445597
0.517785
0.412371
0.46667
0.584838
0.454126
0.589877
0.62626
0.50188
0.37639
0.497155
0.430973
0.612461
0.574767
0.474481
0.415123
0.656327
0.614929
0.586988
0.525594
0.445197
0.499742
0.453747
0.419732
0.484058
0.591922
0.501945
0.46452
0.539403
0.453082
0.556839
0.513935
0.445984
0.591345
0.483714
0.465663
0.736632
0.421381
0.478463
0.597518
0.347659
0.527499
0.458935
0.458156
0.395314
0.48208
0.539641
0.535899
0.436764
0.408424
0.577871
0.453667
0.622
0.488734
0.559762
0.437283
0.511078
0.604737
0.550309
0.4786
0.674037
0.560131
0.46179
0.464128
0.50883
0.770757
0.500541
0.364062
0.405562
0.420152
0.532492
0.575826
0.553297
0.664807
0.363319
0.390465
0.428674
0.535228
0.459585
0.499449
0.523524
0.515559
0.542649
0.383644
0.56167
0.496293
0.56765
0.525457
0.423042
0.481296
0.455299
0.55936
0.536216
0.392076
0.474704
0.42522
0.518461
0.448974
0.280909
0.413077
0.435329
0.420646
0.491307
0.487255
0.419811
0.619951
0.440553
0.551864
0.234042
0.586048
0.584062
0.469025
0.474501
0.429258
0.425657
0.565317
0.414634
0.426929
0.525404
0.461201
0.546784
0.545296
0.499123
0.632375
0.62829
0.52402
0.351542
0.561243
0.654586
0.496825
0.49055
0.560889
0.575079
0.533355
0.350423
0.653184
0.535595
0.474122
0.307425
0.55684
0.374108
0.692086
0.501609
0.490492
0.51446
0.351183
0.384144
0.520059
0.495746
0.54379
0.58993
0.378882
0.542997
0.475853
0.590767
0.563351
0.527777
0.430134
0.514788
0.355951
0.585264
0.574735
0.523346
0.451867
0.547366
0.595766
0.416999
0.464521
0.619385
0.519788
0.697737
0.359624
0.47071
0.553317
0.545026
0.51655
0.527999
0.503455
0.26874
0.64004
0.452254
0.455385
0.382506
0.544503
0.449203
0.569217
0.496467
0.407349
0.605329
0.420377
0.558921
0.637043
0.559874
0.444445
0.381791
0.525785
0.616122
0.459086
0.565303
0.55592
0.663228
0.522413
0.392774
0.303411
0.522809
0.448865
0.396838
0.430949
0.552519
0.340365
0.403922
0.587447
0.531767
0.502297
0.444259
0.429926
0.52272
0.300496
0.670174
0.557999
0.442707
0.577216
0.555883
0.500376
0.402084
0.480731
0.457465
0.517047
0.454629
0.374956
0.592184
0.480002
0.475455
0.682175
0.551772
0.469573
0.624455
0.573717
0.594769
0.47271
0.671199
0.660101
0.468488
0.4937
0.450229
0.443907
0.591627
0.287084
0.483631
0.485366
0.384026
0.396722
0.250743
0.49234
0.460545
0.534189
0.502822
0.483121
0.511499
0.553898
0.613482
0.482174
0.572541
0.581571
0.523646
0.595682
0.342386
0.426883
0.482757
0.575449
0.337208
0.560343
0.505956
0.51646
0.576022
0.558676
0.659883
0.545109
0.371835
0.622207
0.657754
0.541799
0.258813
0.641948
0.387313
0.503387
0.516182
0.543318
0.71324
0.587613
0.255047
0.457648
0.588565
0.493412
0.614789
0.471836
0.577598
0.417696
0.571162
0.480733
0.335849
0.490936
0.48868
0.616066
0.310419
0.530574
0.455362
0.449922
0.317242
0.563031
0.618356
0.470037
0.51961
0.451775
0.594451
0.498334
0.475305
0.430654
0.459936
0.473417
0.537685
0.578398
0.529752
0.441888
0.389013
0.481934
0.516329
0.602626
0.352297
0.522848
0.514
0.72235
0.570865
0.483079
0.485313
0.690023
0.762897
0.502622
0.531074
0.40188
0.451056
0.533754
0.506387
0.368046
0.435391
0.523006
0.600445
0.605983
0.420588
0.413822
0.428287
0.535177
0.52667
0.499575
0.588215
0.711712
0.505184
0.468315
0.519018
0.540613
0.450884
0.667358
0.446628
0.378016
0.641901
0.577519
0.440305
0.484505
0.459347
0.423551
0.503914
0.515098
0.530284
0.459028
0.508312
0.530657
0.60593
0.550649
0.426361
0.589663
0.629977
0.448671
0.46252
0.728541
0.769839
0.366869
0.474467
0.362932
0.676628
0.507161
0.464636
0.441525
0.507627
0.550751
0.475068
0.458291
0.387985
0.499355
0.549398
0.478166
0.606343
0.486797
0.531302
0.555456
0.432059
0.592993
0.449174
0.523462
0.40967
0.47903
0.492295
0.508026
0.329209
0.423802
0.4142
0.566929
0.288938
0.579355
0.604433
0.581297
0.560054
0.473827
0.550355
0.724371
0.530885
0.577583
0.466106
0.607224
0.551052
0.509867
0.596342
0.450242
0.614046
0.5
0.507787
0.453381
0.509658
0.428897
0.562142
0.437441
0.545631
0.56336
0.419341
0.502825
0.380905
0.457353
0.55063
0.501449
0.430783
0.531172
0.446405
0.341717
0.5973
0.551135
0.384209
0.445657
0.646081
0.519151
0.47776
0.551577
0.393903
0.543231
0.458365
0.504772
0.68917
0.496727
0.64552
0.603065
0.360473
0.585817
0.543982
0.463179
0.47638
0.531455
0.660058
0.548137
0.502542
0.533718
0.560329
0.545125
0.460229
0.42324
0.501508
0.707473
0.383303
0.416093
0.540563
0.573603
0.438669
0.475218
0.58975
0.450045
0.318182
0.74324
0.411643
0.494815
0.427952
0.548185
0.654718
0.461688
0.593977
0.495374
0.510524
0.565088
0.470999
0.345453
0.528942
0.399576
0.284421
0.340267
0.458499
0.497107
0.553139
0.474987
0.58417
0.429445
0.434064
0.526615
0.215578
0.362365
0.497102
0.535728
0.433965
0.542468
0.482341
0.500021
0.436768
0.54667
0.409123
0.574948
0.424136
0.548632
0.499693
0.288454
0.552129
0.55562
0.448055
0.663534
0.532893
0.443516
0.507635
0.204064
0.592488
0.366895
0.489353
0.536058
0.502589
0.545324
0.554621
0.408239
0.482685
0.426251
0.555802
0.442526
0.624931
0.399057
0.519607
0.486755
0.524217
0.484092
0.486872
0.358667
0.401533
0.444702
0.215165
0.381925
0.389162
0.469495
0.518568
0.501639
0.601683
0.446309
0.46204
0.528587
0.547267
0.498556
0.445654
0.498041
0.439204
0.578834
0.307015
0.540845
0.54805
0.413941
0.63813
0.45108
0.490285
0.469609
0.555955
0.296396
0.579818
0.452514
0.383822
0.353793
0.574146
0.491344
0.593922
0.565359
0.427459
0.437909
0.42898
0.49519
0.518427
0.403503
0.564223
0.330445
0.350893
0.294942
0.488741
0.406183
0.631164
0.438948
0.478259
0.545375
0.606044
0.582708
0.69935
0.492193
0.501237
0.632727
0.528074
0.378388
0.430224
0.543263
0.583989
0.399298
0.349152
0.489866
0.573455
0.587747
0.613794
0.462763
0.304122
0.660804
0.35005
0.489058
0.675467
0.476098
0.579979
0.541912
0.468196
0.471107
0.450795
0.419111
0.448308
0.47055
0.494711
0.37263
0.469603
0.533727
0.603043
0.545037
0.601338
0.575384
0.428377
0.417783
0.425761
0.530389
0.534142
0.500653
0.543175
0.444223
0.391349
0.490873
0.490186
0.458017
0.477755
0.704572
0.519726
0.518573
0.465165
0.532548
0.609449
0.580534
0.386067
0.596456
0.658028
0.479593
0.551239
0.580819
0.496874
0.542322
0.545472
0.390411
0.487771
0.459968
0.45898
0.531848
0.494857
0.590228
0.517587
0.54239
0.512392
0.562774
0.355184
0.488194
0.497691
0.551
0.527494
0.528493
0.501589
0.434188
0.496583
0.591371
0.606755
0.611001
0.621069
0.431022
0.47716
0.43694
0.467427
0.435628
0.589959
0.44511
0.613275
0.429178
0.46402
0.471371
0.543964
0.659786
0.417305
0.441656
0.449306
0.391276
0.478276
0.590968
0.507703
0.414037
0.544454
0.570278
0.500436
0.365341
0.624251
0.559265
0.529329
0.498567
0.416155
0.439576
0.41647
0.564974
0.472298
0.494967
0.445153
0.47088
0.561436
0.491438
0.456656
0.447352
0.589319
0.452187
0.447957
0.418692
0.752404
0.478902
0.320939
0.580246
0.693832
0.382668
0.514125
0.595289
0.398555
0.374449
0.503435
0.594925
0.50748
0.526854
0.588931
0.514201
0.648448
0.555584
0.489996
0.521822
0.474847
0.680703
0.651844
0.40008
0.570632
0.514586
0.421736
0.505844
0.423463
0.485099
0.383751
0.492653
0.585695
0.539311
0.546411
0.49819
0.335862
0.58475
0.357954
0.50063
0.521311
0.511905
0.479499
0.521563
0.405588
0.603448
0.576815
0.402435
0.562159
0.472318
0.59689
0.50564
0.449002
0.382554
0.575944
0.590638
0.466593
0.393486
0.481028
0.389683
0.444773
0.32959
0.517777
0.556963
0.42193
0.415058
0.542403
0.58917
0.67294
0.423825
0.496442
0.514753
0.51024
0.482546
0.638259
0.523301
0.625399
0.325703
0.475779
0.555749
0.556511
0.638763
0.610387
0.500282
0.459707
0.337014
0.282385
0.538084
0.531054
0.514436
0.563898
0.557237
0.368067
0.458669
0.475565
0.502344
0.478041
0.464867
0.408822
0.451639
0.633377
0.592956
0.516065
0.512581
0.442033
0.399503
0.486437
0.501132
0.544216
0.437156
0.455457
0.419159
0.564387
0.351313
0.402183
0.468606
0.540632
0.415393
0.668052
0.540291
0.621404
0.432829
0.687042
0.389426
0.462626
0.495582
0.54722
0.55916
0.576109
0.42573
0.409266
0.437662
0.373192
0.538374
0.487987
0.53349
0.515522
0.450853
0.658317
0.428211
0.427791
0.624946
0.37779
0.614436
0.645305
0.665489
0.522897
0.551687
0.462136
0.510528
0.517255
0.47169
0.513657
0.434859
0.684948
0.538948
0.670167
0.550539
0.492886
0.321644
0.536329
0.524628
0.451498
0.25213
0.544079
0.446204
0.42353
0.355521
0.694645
0.461343
0.446212
0.399078
0.348296
0.55653
0.602493
0.464325
0.678384
0.30766
0.582548
0.56804
0.599241
0.423506
0.657195
0.357489
0.545422
0.399251
0.44037
0.579491
0.722806
0.357425
0.548219
0.672106
0.469987
0.390247
0.467907
0.451984
0.461376
0.529177
0.529642
0.669606
0.751423
0.554103
0.530931
0.478878
0.602287
0.416402
0.492528
0.416762
0.555314
0.486759
0.431019
0.612835
0.499594
0.450381
0.513437
0.447896
0.558869
0.558974
0.514791
0.454957
0.461033
0.510524
0.52985
0.505163
0.472418
0.164697
0.495986
0.445432
0.472035
0.513349
0.564369
0.453781
0.408919
0.512368
0.312251
0.352573
0.528676
0.442817
0.519566
0.569094
0.673322
0.606003
0.538526
0.45712
0.751442
0.568896
0.465372
0.692333
0.5437
0.362958
0.478899
0.428676
0.351676
0.601236
0.540861
0.45195
0.315985
0.515233
0.358795
0.691165
0.422589
0.524825
0.592318
0.447409
0.584214
0.441198
0.539384
0.474168
0.526701
0.4645
0.569462
0.3923
0.528145
0.474613
0.47609
0.747037
0.351598
0.425196
0.501692
0.513656
0.380117
0.437819
0.443049
0.532631
0.405873
0.454797
0.576246
0.30434
0.543039
0.44597
0.545429
0.497579
0.627123
0.576473
0.340133
0.625394
0.431374
0.229192
0.541448
0.415926
0.373891
0.437373
0.547722
0.555205
0.406994
0.519531
0.596
0.503041
0.57341
0.62055
0.575858
0.482374
0.38179
0.649572
0.487736
0.416669
0.697036
0.466994
0.428388
0.439166
0.458895
0.609606
0.491491
0.721994
0.635239
0.554645
0.351957
0.472406
0.484415
0.510212
0.457932
0.517585
0.544037
0.581272
0.584968
0.348701
0.481528
0.597139
0.612289
0.719119
0.434729
0.498073
0.461564
0.39087
0.638826
0.465354
0.394061
0.497728
0.578826
0.540887
0.492519
0.442437
0.424796
0.419138
0.259558
0.669869
0.50003
0.505894
0.444904
0.457094
0.400279
0.425097
0.669166
0.335583
0.52516
0.516663
0.742412
0.609969
0.400816
0.604978
0.581195
0.462009
0.36588
0.629438
0.508211
0.427615
0.56074
0.515138
0.474201
0.509046
0.303118
0.52353
0.572195
0.433557
0.350884
0.55958
0.61965
0.594026
0.446044
0.423696
0.464527
0.606307
0.501794
0.483387
0.626793
0.69227
0.53748
0.401362
0.517323
0.646693
0.484315
0.593466
0.381636
0.670419
0.477627
0.601599
0.496372
0.451392
0.51942
0.453458
0.401881
0.349392
0.537971
0.442684
0.484765
0.489545
0.589166
0.399686
0.329699
0.593863
0.537256
0.535162
0.340289
0.579315
0.52065
0.325036
0.484233
0.425132
0.551386
0.567256
0.648493
0.661279
0.414828
0.577621
0.595676
0.554246
0.529145
0.503509
0.493266
0.56551
0.592098
0.62112
0.542834
0.532272
0.585594
0.543538
0.466834
0.569251
0.626489
0.503664
0.416018
0.614579
0.445033
0.287767
0.441029
0.442024
0.540364
0.482136
0.427154
0.336005
0.505404
0.457019
0.421709
0.375077
0.531482
0.448772
0.588994
0.593791
0.39599
0.41284
0.508218
0.592027
0.404318
0.406929
0.585281
0.435158
0.500319
0.52543
0.479738
0.537578
0.377501
0.242896
0.353768
0.346386
0.516109
0.636058
0.330429
0.441195
0.439251
0.340631
0.403942
0.440297
0.624162
0.560831
0.575223
0.452599
0.622692
0.386284
0.491352
0.638985
0.538063
0.482698
0.448137
0.645965
0.372907
0.509401
0.57039
0.4487
0.606568
0.578565
0.415008
0.489701
0.677624
0.70766
0.54743
0.523735
0.440547
0.628382
0.62249
0.478667
0.43339
0.50204
0.556168
0.516207
0.536366
0.453099
0.505214
0.425734
0.619129
0.569276
0.477065
0.608601
0.367582
0.428347
0.37298
0.509531
0.648941
0.498486
0.622751
0.625948
0.51682
0.62073
0.599844
0.57528
0.376023
0.418844
0.411272
0.524527
0.51971
0.393597
0.636992
0.485571
0.519595
0.345174
0.549057
0.453942
0.492762
0.429173
0.571266
0.517972
0.486693
0.488337
0.445471
0.489475
0.61705
0.513922
0.45122
0.606336
0.360713
0.377285
0.580841
0.331572
0.549582
0.534018
0.502577
0.522687
0.528573
0.439668
0.449817
0.369338
0.434234
0.427796
0.454968
0.29655
0.518383
0.487854
0.401956
0.404936
0.58411
0.542066
0.501829
0.368618
0.519478
0.457245
0.201397
0.535728
0.507223
0.539152
0.515318
0.575612
0.656705
0.543768
0.627496
0.491075
0.447357
0.501542
0.338144
0.563218
0.490829
0.4874
0.438312
0.520637
0.511989
0.581025
0.474174
0.42398
0.516942
0.448629
0.418806
0.431069
0.559148
0.439175
0.599691
0.557016
0.532741
0.424691
0.535627
0.567979
0.515081
0.226077
0.517187
0.546431
0.648555
0.452495
0.420376
0.340018
0.494613
0.544159
0.473553
0.355315
0.510994
0.54508
0.403199
0.581999
0.496056
0.443998
0.464551
0.432187
0.512102
0.508498
0.418605
0.353888
0.542565
0.498993
0.447449
0.626761
0.655873
0.28599
0.605376
0.572567
0.541795
0.505769
0.383669
0.611926
0.354025
0.376333
0.422438
0.473237
0.33575
0.457184
0.533353
0.508786
0.422889
0.473231
0.602579
0.597332
0.512688
0.334821
0.523702
0.411664
0.553301
0.472626
0.465883
0.70382
0.452967
0.667837
0.612971
0.509926
0.425367
0.594805
0.414752
0.60077
0.680695
0.605047
0.471992
0.503508
0.539972
0.468175
0.632401
0.394059
0.493071
0.547111
0.705103
0.509019
0.338919
0.521585
0.506688
0.35009
0.339284
0.485707
0.432355
0.653293
0.485555
0.332065
0.501168
0.469398
0.620846
0.496558
0.554874
0.551272
0.577783
0.474866
0.395232
0.668024
0.385241
0.633197
0.525251
0.665084
0.565315
0.52266
0.415217
0.463525
0.384752
0.368331
0.544841
0.541205
0.443045
0.440797
0.578358
0.462493
0.472357
0.529696
0.409833
0.622562
0.592427
0.525469
0.571452
0.546474
0.506551
0.577267
0.627983
0.432473
0.442725
0.431683
0.486122
0.65314
0.436989
0.468693
0.427867
0.327278
0.524003
0.537889
0.332538
0.349603
0.542806
0.459851
0.382551
0.414556
0.383751
0.594166
0.453489
0.694747
0.5955
0.487376
0.569525
0.533785
0.338997
0.600818
0.560666
0.487441
0.518254
0.580048
0.588807
0.696332
0.535799
0.564273
0.515035
0.597522
0.613564
0.645913
0.561061
0.481646
0.287986
0.577147
0.573188
0.376414
0.531055
0.582014
0.427632
0.586522
0.467013
0.469353
0.521522
0.544262
0.447358
0.553596
0.474352
0.524318
0.414826
0.57713
0.420141
0.550449
0.629919
0.58968
0.501006
0.471003
0.351593
0.476872
0.578353
0.40439
0.556623
0.441861
0.458323
0.554901
0.450182
0.63062
0.583628
0.673446
0.4631
0.453215
0.574371
0.587011
0.349267
0.5901
0.505899
0.34487
0.589596
0.48419
0.492238
0.62878
0.576931
0.506188
0.499086
0.548629
0.499274
0.542356
0.540858
0.494204
0.556635
0.690658
0.321699
0.337994
0.539828
0.362881
0.560876
0.583125
0.467447
0.377113
0.498425
0.424772
0.620285
0.386623
0.507404
0.542609
0.530381
0.62795
0.44454
0.566045
0.474865
0.382695
0.351574
0.353273
0.49275
0.53425
0.375046
0.599303
0.585774
0.462399
0.402728
0.63744
0.582372
0.455466
0.420405
0.522837
0.636814
0.53138
0.37315
0.48599
0.503542
0.345771
0.570725
0.518273
0.569672
0.526896
0.607193
0.400795
0.546619
0.613962
0.470305
0.612123
0.414775
0.587068
0.596695
0.449598
0.38311
0.663777
0.584382
0.573213
0.368577
0.598984
0.404539
0.530222
0.518129
0.46151
0.559979
0.542889
0.289157
0.572545
0.518249
0.540982
0.472105
0.477795
0.602717
0.594854
0.482003
0.386905
0.35549
0.554165
0.463613
0.650433
0.49147
0.321515
0.64786
0.556404
0.443342
0.489474
0.565199
0.515142
0.55273
0.343731
0.464505
0.662854
0.593238
0.484283
0.604085
0.551102
0.416577
0.340811
0.674342
0.501061
0.493419
0.557609
0.579616
0.588165
0.576104
0.69766
0.449676
0.384446
0.340804
0.664646
0.46933
0.422618
0.472187
0.565933
0.50755
0.357658
0.534133
0.338758
0.595533
0.488358
0.425476
0.436084
0.546021
0.563041
0.350267
0.3178
0.42424
0.530366
0.337471
0.417169
0.573735
0.607832
0.425517
0.651632
0.568366
0.527353
0.482571
0.421301
0.504707
0.478964
0.563875
0.387716
0.467042
0.410443
0.412962
0.449604
0.490138
0.652362
0.39403
0.531665
0.612923
0.524788
0.398221
0.576568
0.559188
0.443583
0.49703
0.479608
0.399381
0.480963
0.421513
0.429657
0.340548
0.546696
0.326479
0.519272
0.559431
0.243046
0.554254
0.361068
0.336702
0.408271
0.64314
0.496626
0.468294
0.500232
0.431117
0.508492
0.422746
0.483344
0.585812
0.344982
0.481447
0.468871
0.347255
0.64177
0.541647
0.620243
0.500362
0.573425
0.580053
0.471805
0.399612
0.59231
0.467809
0.52115
0.448792
0.61144
0.695634
0.541863
0.494209
0.662148
0.610828
0.625263
0.420202
0.706613
0.485876
0.596416
0.44126
0.709512
0.531301
0.661444
0.56554
0.472293
0.333418
0.429839
0.360017
0.407786
0.540581
0.517229
0.578001
0.382066
0.539528
0.570777
0.515197
0.674731
0.556332
0.371061
0.440959
0.507945
0.484517
0.451076
0.406881
0.568849
0.385776
0.634638
0.565297
0.299125
0.326783
0.533261
0.535758
0.449754
0.508497
0.452239
0.638026
0.498192
0.612349
0.54343
0.465573
0.499438
0.330685
0.603913
0.404052
0.591663
0.366773
0.456453
0.604684
0.401302
0.482684
0.459392
0.402969
0.491723
0.54131
0.680325
0.528572
0.373814
0.531735
0.329619
0.582765
0.446034
0.585196
0.58658
0.565198
0.455698
0.481766
0.462756
0.612304
0.472506
0.615928
0.433617
0.46508
0.539497
0.532132
0.731546
0.614456
0.415885
0.359419
0.329816
0.577953
0.450406
0.667156
0.458914
0.541766
0.723046
0.531898
0.483339
0.45791
0.467243
0.448358
0.328669
0.51652
0.433858
0.435439
0.385457
0.618865
0.382437
0.581248
0.428192
0.557096
0.584511
0.338982
0.374316
0.562253
0.497896
0.528547
0.369982
0.512464
0.320155
0.31673
0.425979
0.598809
0.353646
0.441727
0.538932
0.526719
0.513748
0.415792
0.619655
0.486316
0.486109
0.382732
0.512211
0.255515
0.487981
0.424956
0.623962
0.505202
0.61289
0.407757
0.498636
0.656283
0.637154
0.316447
0.451113
0.393839
0.540952
0.484971
0.444393
0.474101
0.445869
0.53257
0.225899
0.565452
0.695065
0.71804
0.651995
0.545088
0.401441
0.489098
0.516337
0.528479
0.66338
0.447345
0.359345
0.439212
0.496868
0.467277
0.47287
0.432285
0.457024
0.600754
0.525783
0.464373
0.421265
0.466338
0.42298
0.660082
0.580586
0.665833
0.67199
0.653634
0.434617
0.488376
0.568099
0.690949
0.510361
0.655364
0.420626
0.557495
0.523734
0.42748
0.529692
0.652816
0.677232
0.538058
0.584571
0.563054
0.436286
0.434984
