1.09184
1.00848
0.884315
0.973659
1.01547
1.00874
0.907616
1.08447
0.977061
1.07816
0.96584
1.08372
1.00368
1.02557
0.918642
0.995495
1.12601
1.29097
0.931896
0.991846
0.892437
0.956427
1.08116
0.90983
1.19528
0.924786
1.03319
0.993628
0.862987
0.994151
1.1607
1.05018
0.919777
1.19585
1.28023
1.09616
0.921333
0.960575
0.972424
1.01227
0.947786
1.06118
0.896626
0.887523
1.0549
0.877547
1.07253
1.09892
1.02357
0.929663
0.840052
0.913148
0.862812
1.03795
1.06966
1.05858
1.10311
0.934364
0.908002
0.90825
0.939054
1.11387
1.08598
0.865127
1.02954
0.96224
1.02759
0.827269
0.88699
0.984901
0.861583
0.946241
0.97803
0.833905
1.01972
1.18819
1.02725
0.997512
1.0406
1.13476
0.950817
0.929537
1.0442
0.996928
1.03206
1.25376
1.09027
0.978578
1.21656
0.971709
0.848294
1.14543
1.00366
0.960117
0.889762
1.09222
1.02723
0.982945
1.07852
0.749527
1.20609
0.935334
1.02918
1.05317
1.19793
1.03949
1.25153
0.849032
1.06441
0.9169
0.95641
1.01866
1.25247
1.02598
0.959885
0.994801
0.906198
0.806049
0.971106
0.953607
0.98698
1.12829
1.04285
0.905602
0.896465
1.0459
1.11476
1.11575
1.00189
0.979959
1.04681
1.00851
1.0671
0.934221
0.941478
1.16605
1.0459
1.11649
0.759028
0.999731
0.805089
1.07311
0.943627
1.15511
0.997531
1.07358
1.02718
1.10828
0.943611
1.03941
0.874264
0.947772
1.0806
1.24769
1.00002
1.04046
0.913774
1.01418
1.00827
0.992731
0.995158
0.975956
1.18538
0.892384
1.03461
0.971342
1.0031
1.05401
0.850913
0.963662
1.03375
0.928955
1.00627
1.14764
1.03092
1.04545
1.25645
1.08344
1.08697
0.864755
1.01855
1.08598
0.876194
1.19805
1.00445
1.11779
0.8644
0.966748
0.792569
1.11689
0.949788
0.817142
0.981331
0.923651
0.916827
0.899678
0.907637
0.974951
1.02463
0.997559
0.998804
0.932001
0.983076
0.898131
0.947
1.00772
0.8584
0.984874
0.978896
1.05102
1.09144
1.21651
1.06538
0.987637
0.933005
0.906814
1.08467
1.04104
1.00397
0.980628
1.12522
1.00968
1.10592
1.15718
0.983303
1.08445
1.18772
0.980149
1.06618
0.982141
0.918778
0.944696
0.909691
0.947837
1.02377
1.02174
1.12324
1.4109
1.08259
1.12465
0.91799
0.940586
1.06558
1.07101
1.06475
0.972406
1.00338
0.875226
0.995797
1.09652
0.950333
0.99175
0.868411
0.988918
1.1336
0.918241
0.901492
0.953032
0.97304
1.05425
1.0623
1.11496
0.826883
1.07292
1.19293
1.01115
0.963305
0.927992
1.02684
1.00241
1.0802
1.04106
1.01999
1.07246
0.850204
1.1104
1.01033
1.08039
0.931924
0.903455
1.1445
1.244
0.918738
0.98484
1.02086
0.957224
0.993022
1.11394
0.947134
0.947892
0.930546
1.05401
0.98042
0.999955
1.02225
1.16707
1.09941
0.860821
1.13038
0.856247
1.0997
0.994472
0.998182
0.960757
0.969329
0.853249
1.11451
0.881511
1.06268
0.958143
0.92912
1.07992
1.00839
0.925129
1.07891
0.939512
1.01015
0.941922
0.990145
0.968313
0.935332
0.914346
1.07642
1.01183
1.10609
1.09315
1.07668
1.02485
0.943193
0.806341
0.921198
1.2943
0.931969
1.12146
0.838818
0.973706
1.12182
0.935793
0.980126
1.07151
1.0881
1.01075
0.927092
1.07415
1.14882
0.91801
0.900789
0.993624
0.904572
1.19811
1.1859
1.11341
0.986613
1.16414
1.00154
0.921417
0.913485
1.07981
1.02207
0.910381
1.06186
1.11321
1.12571
0.925196
0.96006
0.94001
1.0255
1.10805
0.989005
0.8306
1.01911
0.981561
0.8185
1.10515
1.00417
1.01275
1.07436
1.14887
0.870952
1.0673
1.00337
0.993571
0.871114
1.02842
1.22924
1.14345
1.10502
0.932771
0.961134
1.01941
0.919551
1.14114
0.864281
0.944686
1.0249
0.948938
1.02525
1.03959
1.05822
1.07498
1.06341
1.05118
1.0657
0.842304
1.02285
1.01591
1.03118
0.85044
0.940303
1.33181
1.02573
1.00012
1.08471
1.257
1.10696
1.05075
0.965814
0.926029
1.0118
1.13962
0.805832
1.0701
1.00963
0.852198
0.905109
0.989033
0.878186
1.02945
0.898097
0.988779
1.01471
1.05026
0.988925
0.896745
1.01899
0.986226
1.01214
0.860605
0.874666
0.979192
0.970437
1.13324
1.10865
0.917497
1.00687
0.832277
0.930255
1.01543
0.927812
0.905046
0.962421
1.03967
1.07157
1.11207
1.17378
0.905116
1.10833
0.924604
0.966692
1.15676
1.03937
1.10768
0.991243
1.25467
1.00917
0.953888
1.042
0.843808
1.05122
1.07389
0.976752
0.794123
0.980399
1.04235
1.01778
0.958501
1.01758
1.1292
1.02342
0.930418
0.992844
0.867394
1.0253
0.849691
1.14174
1.01012
0.818748
0.919301
1.10707
1.23134
1.08459
1.00925
1.19629
1.03678
0.945734
0.743459
1.09167
1.06987
1.07473
0.989809
1.09328
0.848514
1.17794
1.09046
1.00648
1.00265
0.961482
1.159
0.83254
1.02103
1.12706
1.05654
0.99502
0.928203
1.08272
1.0767
1.07504
0.952051
0.969044
1.04129
1.17166
1.08676
1.02669
0.862546
0.873108
0.868966
1.0919
0.835878
1.01773
1.00373
1.02883
0.991928
1.07627
0.894937
1.00223
1.00797
0.995005
0.95994
0.933812
1.15335
1.1615
0.890603
1.28128
1.08669
0.883786
1.07209
0.986838
0.959699
0.894591
0.819152
1.01906
1.15975
1.02483
1.0761
1.06823
0.97754
0.822382
1.03157
0.812365
0.996171
0.975821
0.863788
0.920827
1.12772
1.0727
0.820098
0.96375
1.08236
1.12169
0.941881
1.07782
1.16716
0.950729
0.927569
0.977744
1.0536
0.878993
1.01177
1.03917
1.02996
0.92705
1.0326
1.13359
0.916976
1.07118
1.14034
1.0807
0.90717
0.951372
1.09748
0.940358
0.944205
1.02397
0.93996
0.935823
1.02003
0.883094
0.94139
0.928305
1.20726
0.796069
0.695404
0.991645
0.879233
1.05203
0.915837
0.925782
0.885662
1.04152
0.943539
1.097
0.94672
0.84257
0.962679
1.1898
1.16375
1.09373
1.07713
1.01123
1.03267
0.97476
0.995493
0.947342
0.929174
1.05971
0.929044
0.934091
0.950302
0.950108
0.884961
0.939549
1.0273
1.00429
1.08612
1.08251
0.884575
0.902858
0.973576
1.05205
1.18351
0.991628
0.933433
1.20947
0.984246
0.90524
1.0276
1.07196
1.09963
1.00978
0.948244
0.901389
1.02309
1.12847
0.976968
0.839481
0.956436
0.838633
1.31014
0.89035
1.0246
1.07444
1.10743
0.920712
1.02858
1.02747
1.17917
1.0828
1.06418
1.00735
1.07003
1.02249
1.20217
0.916512
0.944597
1.0096
0.917265
0.925619
0.850112
0.982111
1.003
1.07053
1.19112
0.981711
0.993124
0.891811
1.08346
1.04814
0.80248
0.878421
0.815754
0.730226
1.06059
1.10719
1.11917
0.873341
1.16201
1.04532
0.96293
0.915403
1.10098
1.11036
0.970411
0.871475
1.25131
1.18419
0.902078
0.920674
0.837645
1.11229
0.938682
0.954389
1.03045
0.922657
1.06863
0.852387
1.10671
1.1167
1.01284
0.850429
0.930366
0.919961
1.06931
0.920824
1.00977
1.00175
1.02333
1.01713
1.06624
1.06274
1.19729
0.979723
0.945546
0.839566
1.05469
1.12239
1.02014
0.941106
1.01357
1.02958
0.975119
0.921943
0.901091
1.01116
1.04027
0.91293
0.84075
0.89033
0.948022
0.868839
0.927886
0.97046
1.03701
1.01474
1.10925
1.10135
0.693822
0.882436
1.03649
0.944944
0.980231
1.11163
1.12406
1.01545
1.02186
1.17995
1.03571
1.03507
1.10039
0.917917
0.957301
1.09875
1.10926
0.887147
0.912163
0.994783
0.987259
1.08159
0.838601
0.938934
1.09513
0.965067
1.06848
0.90121
0.87076
1.02165
1.01547
0.822124
0.956835
1.11613
1.01085
0.98887
0.933171
0.9161
0.809511
1.04097
0.996135
1.18668
1.10737
0.977393
1.07743
1.13359
0.855863
0.892767
0.975264
1.03013
0.88074
1.02561
1.03997
1.07059
0.940639
0.882292
0.955988
1.00934
1.03024
0.870833
0.947124
0.769927
1.05308
0.924319
0.956525
1.04179
1.09187
0.958944
0.76434
1.04093
0.988969
1.00485
0.992057
1.23702
0.89442
0.835223
1.09991
1.05982
0.750148
1.00911
0.900053
0.974427
0.9519
0.943344
0.977339
1.03724
0.937589
0.998155
0.92173
0.950469
1.11511
0.782338
1.0405
0.959251
0.992241
0.89215
0.902093
1.00935
0.958562
0.953198
0.881282
0.980267
0.827382
1.01506
0.995621
0.934174
0.971797
0.97305
1.09507
0.799658
0.955981
1.21657
0.924782
0.896505
1.04482
1.03742
1.08775
1.03909
0.988492
0.962819
1.04277
0.957563
0.931137
0.970653
1.04317
0.981334
0.936492
0.784918
0.870987
1.20359
0.932216
0.808594
0.953904
0.979449
0.973588
0.972803
0.875947
0.819183
0.797057
1.01189
1.22572
1.16785
0.830146
1.14532
1.16419
1.02118
1.04978
1.089
1.14791
0.893365
1.01261
0.996777
1.01566
0.782502
0.907753
1.15314
0.978539
0.917478
0.920385
1.00118
1.00756
0.893305
0.92658
0.919835
0.846476
0.858875
0.855931
0.967132
0.955762
0.981782
0.964383
1.06722
0.945962
1.07022
0.980379
0.960936
0.858429
0.933555
1.00893
1.03831
1.09664
1.00763
0.835043
1.01984
1.04489
1.0533
1.10469
0.995108
1.05539
0.824124
0.977476
1.14024
0.998906
0.937278
1.09464
0.943069
1.02475
0.766361
0.989137
1.0438
0.955653
1.0395
0.978662
1.14139
1.0052
1.21176
1.08297
1.01679
0.953514
1.02334
0.955074
1.05913
0.976257
0.919442
1.13668
0.848672
0.908913
0.97804
1.00853
1.00562
1.17714
1.0993
1.07396
1.03946
1.12748
0.987337
0.98887
1.09901
0.922133
1.1533
0.984264
0.957793
0.934113
1.05094
0.884892
1.02049
0.91268
1.27053
1.04353
1.1476
0.949316
1.10663
1.03404
1.18793
1.07116
0.947696
0.95215
0.979202
0.949298
1.08414
0.966875
1.12339
1.11353
0.963283
1.00108
0.93092
1.00112
0.942407
0.892928
0.88859
1.15751
0.943492
0.81785
1.11328
1.16229
0.917731
0.946705
0.993326
0.958634
0.957128
0.853596
1.21476
0.957402
1.09653
1.14434
0.93182
1.03245
1.15712
0.944746
1.03485
0.938765
0.983821
0.951413
1.15519
0.927631
0.956361
0.97676
0.970124
0.829938
0.989149
0.853617
1.07467
0.939077
0.98222
1.1286
1.12349
0.87085
1.02234
1.02451
1.08386
1.06043
0.965434
1.03589
1.02669
0.933456
0.953989
0.855725
1.07013
0.970122
0.949546
1.11116
0.900734
0.974292
1.00892
0.847972
0.944947
1.1847
0.985172
0.987328
0.933832
1.08124
1.06946
0.948965
1.10785
1.07648
0.91248
1.02056
1.29665
0.983006
0.834394
1.14379
1.05429
0.941209
1.08108
0.981757
1.02886
0.964823
0.987223
0.936536
0.941566
1.19696
0.88958
0.928604
1.08475
0.903934
0.910242
0.937463
1.09028
1.21557
1.23073
1.15398
1.05489
0.859255
1.00879
1.16357
1.15707
0.893139
0.897765
0.988766
0.9566
0.985565
0.870422
0.775586
0.959468
1.16745
0.884328
0.98076
0.984423
0.888073
0.885436
0.898401
1.18287
0.870942
1.01809
1.32027
1.11826
0.814397
0.888299
0.929083
0.869375
0.971105
1.14002
0.940233
0.998949
0.893375
1.01953
1.03328
1.18071
1.05269
1.06148
1.07749
1.20788
1.13187
0.941323
1.08373
0.96281
0.974753
1.05671
1.24263
0.950922
0.972944
0.860557
1.01747
0.925074
1.01222
0.89896
1.0236
1.11
1.11956
1.21139
1.02061
0.908918
0.920043
0.995601
0.950485
0.972055
1.0901
0.919665
1.09559
1.18647
0.941155
0.937421
0.945679
0.917405
0.931916
0.998884
0.960212
1.01916
1.01345
1.02284
1.1193
1.00935
0.858533
1.11698
0.935592
1.09887
0.958666
1.09241
0.947288
0.986164
0.986799
1.10286
0.884212
1.04353
0.882585
0.940204
0.931912
1.01138
0.959899
0.99367
0.889336
1.24937
0.950366
0.911588
0.919191
0.99584
1.03206
1.1019
1.10639
1.03524
0.8421
0.772076
0.928178
1.05418
0.967946
1.06417
0.938392
1.09872
1.01834
0.91016
0.868712
0.936603
0.772044
1.05175
0.933585
1.01057
0.759154
0.934702
0.908446
0.917088
0.934938
1.0506
1.12543
1.28442
0.922001
0.973901
0.970847
0.857325
0.908954
0.92869
1.04385
1.01631
0.970688
0.900291
0.965964
1.02363
0.997315
1.06495
0.82843
0.932182
0.824772
0.980565
1
0.854423
0.805147
1.19959
1.05461
1.05305
0.899473
0.873942
0.966238
0.971961
1.0695
1.0551
0.929168
0.800258
0.932763
1.18192
1.02414
0.970751
0.968239
0.923326
1.03287
0.806294
1.12316
1.00734
0.946632
0.824121
1.07722
0.939208
0.843425
1.21466
1.15535
1.04026
1.05031
1.12762
0.898362
1.0323
0.90554
0.867081
0.967023
1.01439
0.994769
0.955063
0.830489
0.904654
1.01337
0.945459
0.905607
1.01813
0.960044
0.973301
0.961537
0.850839
1.0102
0.830925
1.02789
0.980695
0.901266
0.841036
1.19995
0.953717
0.834847
0.876772
1.0062
1.04739
1.05109
1.12938
0.956713
1.00655
0.960219
1.20811
1.16158
1.01377
0.967018
1.20648
0.981483
0.942088
0.836302
0.952837
0.898733
0.995587
0.958488
0.932005
0.972495
1.03982
1.04581
1.08568
0.963417
1.17034
0.923122
0.840912
1.14702
1.11768
1.05031
1.0004
0.906178
1.19831
0.868778
0.869597
1.01125
0.838547
1.02378
1.29242
1.04793
1.09226
0.959996
0.968501
0.907613
1.19201
0.871883
0.997581
0.858279
0.887571
0.991036
0.966691
0.930442
0.966312
1.08153
1.10519
1.02789
0.968987
0.97638
1.18097
1.03232
0.853169
1.05552
1.19163
1.04814
1.01764
0.941177
0.986889
0.983562
1.00101
0.793488
0.967335
1.04341
1.04895
0.975744
0.910103
0.870636
1.20485
0.795141
0.791037
1.20068
0.814084
0.94649
0.936354
0.928909
1.01934
0.956121
0.98302
1.14054
1.01295
0.917933
0.993995
0.963862
0.913064
0.937784
1.06233
0.95814
1.08017
1.30024
0.98534
1.04459
1.03
1.08414
1.02465
1.01793
0.793333
0.974319
0.985803
0.887202
1.02909
0.961381
1.10032
1.08803
0.940908
0.993591
0.899017
1.04769
1.14924
0.928046
1.17351
1.01816
0.903837
1.1708
0.835776
0.924914
1.16038
0.942509
1.1135
1.1157
1.2714
0.856498
0.998275
1.09809
1.05767
0.861384
0.98017
1.0745
0.964995
1.05103
0.940448
0.864139
1.03388
0.84279
1.08156
0.971829
0.936772
1.04783
0.986742
0.893262
0.941121
0.97742
0.951197
1.00936
0.960855
1.07287
0.778163
1.00702
1.00894
0.960012
0.868082
0.971114
0.922004
0.879574
1.02858
0.877715
0.941128
1.08895
1.17137
0.942392
0.967207
1.0282
1.2194
1.05161
0.762309
1.10457
1.00414
0.939652
0.92917
0.972155
0.878652
1.05802
1.07288
1.00478
1.02046
1.07958
1.08172
0.956411
1.12831
0.891134
0.975259
1.10311
1.13806
0.873664
1.14572
0.871817
1.21608
0.84154
0.942477
1.10572
1.05872
0.872651
1.0689
0.97631
1.13473
0.984836
0.938018
0.854536
1.08024
1.03601
0.949686
1.05919
0.885817
0.993316
1.03533
1.04117
1.00709
1.00862
1.00932
1.08252
1.07088
1.00943
1.03255
1.05374
1.15682
0.917298
1.04479
0.98162
0.926246
0.985904
1.113
1.04965
1.13424
0.919798
1.1062
0.886428
0.988005
0.94821
0.948793
1.1439
1.03095
1.03656
1.08989
1.05042
1.16476
0.800849
1.07779
0.778173
0.958769
0.978021
1.02405
1.06951
1.08158
1.0149
0.93944
1.01133
1.06219
1.07063
1.07099
1.03775
1.15909
1.05737
0.903365
0.908728
1.11752
1.01492
1.0115
1.02232
0.934341
0.838797
0.913033
0.956239
1.04914
1.10004
0.979712
1.09029
1.13454
1.02871
0.834229
0.982365
1.06704
1.05154
1.07817
0.986648
1.23475
1.12173
0.924969
1.07506
0.970643
0.792684
1.21373
1.2172
1.12124
1.06278
1.04377
0.949493
0.790723
0.967916
1.03599
0.950731
0.930879
1.11054
1.08844
0.974921
0.914786
1.05556
0.906148
1.10929
0.909272
0.970388
1.10467
0.803567
0.98095
1.04562
1.25839
0.940602
1.10772
0.894766
0.966041
0.978609
0.983112
0.991231
0.913964
1.03365
0.875977
1.06868
0.821709
0.993933
0.943977
0.895605
1.19035
0.907768
0.860595
1.03042
0.865881
1.05712
1.08009
0.870061
1.11177
1.02918
0.961367
0.805439
1.10821
0.876995
1.24802
1.06938
0.991105
1.13932
1.04458
1.03229
1.22786
1.03584
0.884291
0.889624
0.981975
1.14913
1.03186
1.0442
1.32266
1.12637
1.02492
1.07502
1.01113
0.898662
1.05052
0.994062
1.00553
1.13098
0.994511
1.05144
1.06479
0.925215
0.952816
0.922484
1.11706
0.880119
0.940755
1.03882
0.886599
1.1122
1.0784
0.960129
1.20818
1.19401
1.00113
0.8995
1.04369
1.05947
1.09102
0.864169
0.969754
0.988482
0.966984
0.987683
1.10433
0.825215
1.02423
0.852498
0.89992
1.02319
1.03137
0.98599
1.04582
0.956468
0.802325
1.01851
1.15064
1.19925
0.965925
1.19003
0.964322
1.03006
1.04248
1.16024
0.880185
1.12743
0.963107
0.876886
0.744534
0.932416
1.08625
1.14891
1.16271
0.966942
1.01226
1.11358
1.10203
1.02782
1.02872
1.07754
0.931643
1.01214
0.942752
0.905434
0.996036
1.25817
1.04491
0.988219
0.954199
0.958117
1.03163
0.922144
1.08529
1.1016
1.24329
1.02119
1.18832
1.00442
1.07646
0.900769
1.08345
0.840754
0.970983
1.05914
0.96474
1.11724
1.12281
0.978259
0.979037
1.07457
0.928823
1.03526
0.843422
0.894028
0.898533
1.0875
1.03662
0.889964
0.986532
1.02926
0.962099
1.15216
1.04236
0.805146
0.894716
1.02122
1.11362
0.833111
0.974224
0.986628
1.07435
0.991837
1.12645
1.06052
1.15371
0.852216
1.00018
0.900144
1.07403
1.04874
0.95895
0.996565
1.16908
0.888657
0.933148
1.10128
1.05157
1.0224
0.984725
0.905119
1.10218
0.84562
0.967424
0.918143
1.13364
1.06694
0.909139
1.07374
0.963085
0.958485
0.951847
1.20354
1.03826
1.02624
1.03187
0.947908
0.99003
0.920083
1.00054
0.886927
0.895595
0.906909
1.20621
1.01398
0.826473
1.0881
0.997246
0.926086
1.10941
1.11248
1.02508
1.23184
1.00109
1.06071
1.00171
0.892247
1.11674
1.01064
0.827933
0.964339
1.02408
1.05048
1.0544
0.959772
1.06277
0.959784
1.02225
0.942396
0.901913
0.941098
1.11683
0.940748
0.979853
1.03015
1.15431
1.00396
1.15092
1.0115
0.890115
1.03959
0.968285
0.865456
0.962612
0.90018
0.863982
0.957307
1.16867
0.842312
1.21833
0.932205
0.93613
0.989565
1.171
0.964025
0.911832
0.952855
0.822602
1.14544
0.900115
0.979727
1.07846
0.829988
0.962159
0.89698
0.932599
0.919513
1.00024
1.1443
1.04226
0.868154
1.02847
0.993524
0.926095
1.06061
0.935836
0.869845
0.966017
1.05693
1.11298
0.953133
0.968452
1.03491
0.753598
1.00928
0.890715
0.991857
0.918993
1.2257
1.08048
0.907877
0.820555
1.09746
1.09118
1.03345
0.952868
0.945036
0.912397
1.14219
1.17313
1.01586
1.14182
0.917606
1.0081
0.90566
1.06477
0.832929
1.29932
0.808192
0.971249
0.974113
0.886128
0.886048
0.92813
0.973721
1.00824
1.10273
0.967398
0.999487
1.01978
1.01651
0.981113
1.02772
1.03628
1.06871
0.94713
0.929521
1.0249
0.893828
1.09104
1.2183
0.923456
0.967176
0.928694
0.91602
1.17273
0.902218
0.896458
0.990351
1.03817
1.09062
1.02736
0.883314
1.03142
1.06793
0.957378
1.00462
1.03835
1.00089
1.06202
0.996607
1.00388
1.00689
1.07304
1.05455
1.01323
0.950165
0.894877
0.888626
0.841119
0.945521
0.858911
0.879993
0.923614
1.05032
1.03427
1.08833
0.918138
0.975841
1.07758
1.11176
1.32053
0.925267
0.999773
0.978065
1.13791
0.967619
0.977233
1.01701
0.956168
0.974362
1.00465
1.03151
1.15193
0.798894
1.08262
0.885397
1.09272
1.08059
1.01934
1.01581
1.16732
1.02965
1.06523
0.823271
0.882465
1.02739
1.04013
1.09725
1.05268
1.00102
1.0265
0.88548
0.896954
1.19503
0.927028
1.1633
0.948305
1.20463
0.97326
1.01973
1.0547
1.09329
1.29459
0.917055
1.05638
1.00524
1.02955
1.03605
1.10708
0.897475
0.989858
1.06314
1.05842
1.01763
1.22778
1.1241
0.963889
0.850669
1.08855
1.01218
1.02113
1.00357
0.951382
0.953698
1.07461
1.16643
1.10962
1.03156
1.0613
1.08217
0.963907
1.07475
0.950955
0.967431
1.08723
1.06112
0.980489
0.963236
1.08709
1.07095
1.01976
0.882944
1.04165
0.907454
1.06366
1.02342
1.10225
1.00606
0.952584
1.04238
1.00212
1.00043
0.962374
1.00582
1.18245
1.06702
1.12985
1.23675
1.17323
0.828126
1.02478
0.860675
0.965405
1.20885
0.912867
0.978578
0.961027
1.10757
0.982682
1.04643
1.01146
1.0436
1.0502
0.93456
0.993329
1.2373
0.811444
0.877982
1.13833
1.08631
1.01185
1.07275
0.974166
0.854121
1.03662
0.947814
0.943652
1.01003
0.996171
0.93165
1.16637
0.872424
0.981261
1.26144
0.928831
1.00312
0.971484
0.91363
0.992781
1.0699
1.0295
1.01477
1.12887
0.966601
1.15068
1.08572
0.999181
1.05403
1.12329
0.974144
0.974978
1.14925
0.991116
0.976569
1.19821
0.966696
0.964437
1.10791
1.08043
0.931462
1.063
1.1233
0.950614
0.910648
1.0414
1.04755
1.01059
0.875729
0.977681
1.00372
1.0063
1.08359
0.836229
1.07578
0.877052
0.898783
0.979381
1.18552
1.01325
0.910181
0.864544
0.919779
1.04063
1.07815
0.92624
1.09882
0.950662
1.00083
0.918674
0.946599
0.97045
1.02922
0.945911
1.01361
1.04839
1.17784
0.870319
0.991105
0.994991
1.08748
0.918791
1.15321
0.884268
1.0591
0.895358
0.985429
1.02146
1.0161
1.03847
1.03531
1.07799
0.856838
1.0764
0.922017
0.962967
0.997121
0.784796
0.958319
1.12576
0.978114
1.06894
1.17166
1.09839
0.871287
0.842065
1.03386
1.09602
1.11779
0.968979
0.926384
1.03805
1.08886
0.958607
0.987036
0.908924
0.923701
0.919597
0.95124
0.784745
1.12501
0.946848
1.04811
0.98687
0.747857
0.881677
0.973626
1.14025
0.938412
0.831057
0.887481
0.906306
1.04156
0.882411
0.976938
1.11841
0.883556
1.12761
0.957212
1.06307
1.10602
0.926215
1.18767
0.966155
1.0983
0.962295
1.02127
1.15315
0.921926
1.17604
1.05733
1.17467
1.01406
1.05097
0.950691
0.949436
1.00889
1.00825
0.919105
0.796944
1.0249
0.955875
0.884028
1.14745
1.00277
0.92829
0.867267
1.11304
1.02595
0.924597
1.05981
1.06682
1.00805
1.07885
1.04203
0.974441
0.902131
1.00746
0.927506
0.943876
0.870058
1.01321
0.990738
1.1318
0.818126
0.920254
0.920026
1.112
0.8676
0.898619
1.00017
1.01553
0.973113
0.933512
1.14438
1.13089
1.10074
0.945241
1.0142
1.03699
1.0381
0.823018
0.952798
1.02406
0.973543
0.966326
1.10862
0.877724
1.0604
0.958541
0.927404
0.852777
0.924319
0.995441
0.873628
1.13826
0.908276
1.14769
0.897083
1.0656
1.10929
0.772882
0.892303
1.04924
1.04652
0.925613
1.02137
0.881637
1.0899
1.06114
1.10534
0.921425
0.861446
0.876443
0.996445
0.902293
1.0892
0.989304
0.875668
1.07068
1.13267
1.12441
0.966219
1.06822
1.09308
0.881332
1.11361
0.947734
1.05674
1.0181
1.03789
0.909356
0.906889
0.981364
1.03047
1.0766
0.798083
1.03818
0.971484
1.19497
1.00492
0.96149
0.906935
0.926565
1.03513
0.951176
1.00515
1.03107
0.999159
0.995584
0.941004
0.871829
0.978095
0.85865
0.88848
1.13812
0.849145
0.925856
1.14883
0.902541
1.00104
0.941035
0.821006
0.954158
0.90874
1.03807
0.969732
1.01237
0.848833
1.07901
1.01483
1.0427
1.06238
0.943004
1.0449
0.798237
1.22583
0.856891
0.905281
1.152
0.967026
0.994298
1.05127
0.930047
1.00929
0.987566
0.905458
0.984048
0.98618
0.97421
0.86416
0.996793
1.09193
1.12676
1.00381
1.05475
1.00924
1.045
1.0162
0.874344
0.85829
1.05412
1.08267
0.986783
0.832426
1.03157
0.932424
1.10954
1.1213
0.941359
0.984296
1.04211
0.969704
1.00987
0.871229
0.896872
0.900111
0.941288
1.0307
1.00397
1.01906
1.01303
0.984098
1.03135
0.977853
0.908546
0.915495
0.90703
1.17835
1.0685
1.20967
0.986025
1.10777
0.973838
0.792301
0.912113
0.903896
0.925756
1.01825
1.07132
0.890217
0.887107
0.933054
1.067
0.962699
0.904302
1.05755
1.04012
0.966858
0.967393
0.916309
0.846504
1.02724
1.08916
0.998651
0.959242
1.22353
1.0932
0.816552
0.953341
0.949132
0.978151
1.08302
1.24347
0.889895
1.07031
0.860621
1.00853
0.979622
0.923418
0.849276
0.988962
1.17324
0.950443
1.08233
1.1358
0.904554
0.957597
1.00092
0.935113
1.13594
1.03281
0.944654
1.05576
1.14377
0.95818
1.02603
0.984182
1.28853
1.09977
1.0107
1.01747
0.963187
1.06315
1.0404
1.08612
0.995824
0.851618
1.06429
1.11377
1.19034
0.892868
0.976902
0.942009
0.844128
0.84155
1.01899
1.01849
0.847786
1.04477
1.0351
0.94253
0.910242
1.04668
0.982114
1.02568
1.07135
0.906807
0.998661
1.20861
1.07968
0.913964
0.947693
0.822204
0.90816
0.949163
0.948899
0.978757
0.976843
1.05903
0.89259
0.745215
1.02863
0.956316
1.0598
1.14651
0.931064
1.39744
0.91687
0.946781
0.973195
0.908048
1.09947
0.915669
0.889714
1.14358
1.19733
0.999662
0.893237
0.844872
1.07438
1.0195
0.972537
1.0591
0.834742
0.8251
1.02219
0.958114
1.07903
1.06544
1.05427
1.10311
1.02523
0.876993
1.12533
0.92264
1.04607
0.933448
1.02303
1.0615
0.95694
1.05093
0.913919
0.943868
1.0923
1.14792
1.10875
1.03354
1.08117
1.16849
0.816817
0.919416
1.07599
1.05595
0.834372
1.00766
1.15659
0.943357
1.0534
1.11845
1.07283
0.995333
0.903642
0.956448
1.03363
1.00969
1.07148
0.864109
0.886119
0.953285
1.05701
0.789203
0.991959
0.924185
1.0166
0.873964
1.04371
1.29112
0.778237
0.900433
1.12136
0.981685
0.906759
1.00641
0.915729
1.01334
0.901857
0.894299
0.93689
0.954823
0.913684
0.810048
0.865048
0.847322
0.943039
0.867585
1.19523
1.04016
1.0439
0.989113
1.18594
1.05364
0.965051
1.01141
0.960402
1.23771
1.00496
0.896051
1.0865
0.997197
0.873448
1.1671
1.02565
1.00025
1.18267
0.966252
1.10299
0.894504
1.00404
0.9075
0.966488
0.883135
1.05098
1.02317
1.05723
0.929321
1.09647
1.00857
0.984151
1.08881
1.04966
1.15682
0.932866
0.984047
0.96713
0.922106
0.924333
0.799377
1.07579
0.874114
1.19468
0.875582
1.08995
0.904437
0.995194
0.897133
0.976399
0.958751
0.998093
0.960692
1.00707
0.95047
0.910241
1.07455
0.919939
0.927573
0.971598
0.987559
1.09631
1.00855
0.995919
0.854556
1.06863
1.05054
1.05219
1.16141
0.992538
1.07556
1.09371
1.0402
1.05805
0.863168
1.03972
0.872134
1.21959
1.06627
1.01541
1.18335
0.877394
1.00657
1.02424
1.0437
1.01403
0.969614
1.23085
0.935104
0.929639
0.981356
1.08667
1.10842
0.98784
1.06356
1.0464
1.09347
1.03667
0.959719
1.08314
0.945888
1.15584
0.95575
0.96266
1.00102
1.0025
0.939739
0.883711
0.984303
1.08728
1.17793
1.02653
0.926035
0.931406
0.928886
0.922065
1.10815
0.946455
1.07057
0.962208
1.012
1.06671
1.10063
0.896108
0.975353
0.880306
1.11251
1.01112
1.0427
1.16648
0.992451
1.10439
0.801205
0.925404
0.937026
1.02546
0.942392
1.04488
0.823032
1.03431
1.11867
0.9885
0.997916
1.00786
1.02919
1.03972
1.03745
1.09162
0.998693
0.910245
1.04577
1.1227
1.06817
1.10179
1.04014
1.07309
1.04027
1.18687
1.03923
1.19912
0.997898
1.12873
1.113
1.12517
0.81566
0.996084
1.02047
1.10585
1.00779
1.00695
1.09919
0.965421
1.1078
0.988078
1.12638
1.06719
1.23948
1.0262
1.12221
1.08969
1.05617
1.09393
1.02902
0.915466
1.05961
0.959985
1.10187
1.21402
0.973451
1.07059
0.972202
0.966092
0.966882
0.969894
0.986687
0.982601
1.04021
1.13554
1.13697
1.23506
0.997295
0.841461
0.880477
0.91758
1.0424
0.836461
0.946923
1.02785
1.04712
1.10554
0.798304
0.8695
0.927337
1.02608
0.928402
1.11769
0.913216
1.11923
0.914263
0.817236
0.890513
0.819183
1.09643
1.14578
1.10058
0.957146
1.00089
1.07702
1.00765
1.16201
1.07001
0.929513
1.07656
1.01978
1.02819
0.999995
0.989974
0.844505
1.0433
0.981927
1.19527
0.856717
0.966609
1.05223
1.07132
0.92073
0.970226
1.01771
1.0107
0.925928
0.963445
0.953816
0.969325
1.00226
1.05625
0.931739
0.952663
1.04817
0.956458
0.915762
0.968872
1.00002
0.97781
0.910967
0.874919
0.985894
1.03693
1.00682
0.905154
0.87056
0.97241
1.05892
0.945061
1.06972
1.00844
0.837478
1.12879
0.913742
1.09848
1.16848
1.0126
1.02708
1.00748
0.965341
0.903913
0.964568
1.09115
1.05979
1.12081
1.25473
1.01318
1.10042
0.86469
1.03106
0.997109
0.9246
1.0986
0.888709
0.95893
0.854283
0.924115
1.24894
0.989418
1.07974
1.08702
1.09092
1.04981
1.00158
0.841032
0.908525
1.03693
1.10232
1.03665
1.04962
1.02477
1.03293
0.879218
0.898632
0.944817
1.08315
0.851375
0.952464
0.984567
1.15121
0.822209
1.02152
0.938797
1.24908
1.08861
1.01074
0.976035
1.06865
1.05809
0.761653
1.01765
0.951122
1.00173
0.907295
0.791894
0.866898
0.946432
0.921539
0.965967
0.881728
0.785199
0.957504
1.09799
0.816009
0.849988
0.930956
0.98765
0.956673
1.08645
0.943432
0.879406
0.911839
0.923207
1.02905
1.06468
1.05786
1.08417
0.976926
1.12527
0.974191
1.03407
0.963184
0.845943
0.963748
1.02559
0.774721
0.856426
1.1192
1.0453
0.718957
1.07025
1.00786
0.894322
0.994561
1.00099
1.08394
1.18926
1.16064
0.992898
0.910258
0.922065
0.967693
1.01255
1.00099
0.913584
1.17521
0.96924
0.94164
0.94357
0.932721
1.03943
1.06335
1.0133
0.871726
0.931404
1.04233
1.11785
0.964303
1.1581
0.80919
1.06844
0.93343
0.944419
1.1164
1.1567
0.977828
1.04118
1.06145
0.816748
0.922403
0.88866
1.00311
1.11937
1.06343
0.968166
0.935551
1.02156
0.916304
1.07842
0.954775
0.972573
1.26675
0.947008
0.957734
1.00071
1.04205
1.06453
1.02543
1.13145
0.96956
0.935333
0.927627
0.967568
0.935699
1.07277
1.20166
0.910714
0.927052
0.959017
0.863296
0.792502
1.12518
0.922911
0.995999
1.14083
0.994808
0.983681
1.20459
1.07602
1.11616
0.789606
0.817417
1.17585
0.788117
1.17442
0.937703
1.12008
0.881116
1.04723
0.911305
0.879586
0.99875
0.929141
1.03769
0.830094
0.923127
1.15147
0.929407
1.06567
1.00129
0.951276
1.11245
0.980981
1.01597
1.0755
0.863894
0.804649
1.09188
0.964148
1.06372
0.832503
1.05622
0.951128
1.06853
0.780484
1.13542
0.974081
0.981212
1.09253
0.88029
0.889141
0.887943
1.03304
0.971407
0.938503
1.12345
1.0344
1.17798
1.01688
0.850843
0.898029
0.924559
0.872417
0.947226
0.926715
0.997323
0.92685
1.03976
0.988932
0.94551
0.852245
0.967354
0.956814
0.90473
1.10405
1.15219
0.964369
1.11655
1.08461
1.0091
0.889362
1.0087
0.962335
0.964049
1.06449
0.96054
1.12765
0.916426
1.06198
1.03371
1.01017
0.926909
1.13123
1.00523
0.983028
1.05704
1.01858
0.957474
0.88731
0.989227
0.808818
0.930661
0.918968
1.27363
1.13894
1.10627
1.13368
0.901434
1.04423
1.1027
1.17047
0.872388
0.946818
0.932428
1.08554
1.03637
0.828685
0.916085
1.05604
1.0727
0.961762
0.90512
0.793185
1.00968
1.04059
1.07686
0.97702
1.04571
1.08351
1.20805
1.07008
1.0623
0.885468
0.95393
1.08772
1.0161
0.996208
1.01549
1.06122
0.926366
1.01431
1.09973
0.971547
1.16919
1.27203
0.926496
0.839672
0.94904
1.06707
1.04717
1.01704
0.981743
0.911122
1.05891
1.07058
1.18637
1.00212
1.0175
1.02156
1.1384
0.91052
1.06919
0.947947
1.11468
1.00286
1.01787
1.01816
0.937307
1.11836
1.10438
0.997478
0.874412
1.21222
1.00297
0.913446
0.987319
1.21159
0.942012
1.02386
1.05277
1.05859
0.976006
0.968111
0.893173
1.05652
1.05237
0.950388
0.903494
1.0487
0.934118
0.824475
1.07002
0.973272
0.958179
0.985991
1.03996
1.03315
1.02046
1.05479
0.977449
0.877457
1.08608
1.01049
1.00796
0.880549
1.00885
0.935296
0.81934
1.06701
0.997376
1.07427
0.872379
0.883087
0.790301
1.05402
1.02167
1.18446
1.24021
1.01146
0.996032
0.946108
0.982166
0.922826
0.869134
0.948859
1.07117
0.90482
1.03458
1.18677
0.784242
1.09934
1.00763
0.907382
1.04997
1.00946
0.951313
0.861568
1.01299
0.882823
0.980353
1.29628
1.09853
0.975196
0.942615
1.1124
0.803894
0.976086
1.07462
1.11424
0.876157
0.905116
1.03627
1.11312
1.06677
1.00654
1.00372
0.990341
0.974693
1.07873
1.33542
0.92651
0.985702
1.03729
0.918161
1.12207
1.09121
0.93596
0.819045
1.05575
0.829988
1.11564
0.859635
1.08618
1.05061
1.07298
1.11134
0.879754
1.01059
1.02443
0.981574
0.986228
1.07336
1.06957
1.0149
0.870908
0.981469
1.06732
0.98154
0.963322
0.834881
0.71294
1.05287
0.820162
1.01413
1.09378
1.13545
1.03944
0.994317
1.0003
1.24241
1.10966
1.00901
1.07108
0.943161
0.89308
0.899036
1.18456
1.05495
0.928722
0.749447
0.932213
1.09584
1.22407
1.02783
0.952684
0.887451
1.06318
1.1428
0.922569
0.948499
1.01819
0.891213
0.897468
0.926799
0.943455
1.09627
1.07246
1.16095
1.03307
0.90703
0.987796
0.968371
0.943247
1.09274
0.973232
0.988289
1.20326
1.14275
0.946105
1.06071
0.917711
1.03725
0.870595
1.00104
1.14109
0.973649
0.954233
1.02239
1.01545
1.00514
0.93962
1.03463
0.965308
1.32765
0.975852
0.823121
0.944485
1.12634
0.971583
1.09296
1.05344
0.940294
1.01706
1.03183
0.868788
1.05305
0.981876
1.10597
0.935766
1.14475
1.05919
0.929955
0.935285
1.10686
1.16029
1.13292
0.983637
1.23007
0.957187
1.02937
0.943118
1.01953
0.810566
0.988224
1.02642
1.01682
0.966726
0.905911
1.1343
1.13747
1.16304
1.00212
0.873992
0.997449
1.21694
0.980307
0.977421
0.914302
0.980857
0.960593
0.984699
1.06405
1.05315
1.09051
0.882796
1.03292
1.09878
0.994428
0.933278
0.971717
0.986654
1.00645
1.02474
1.21616
1.19249
0.95945
0.901934
0.965861
1.12946
1.06118
1.10569
0.958812
1.00241
1.26922
0.894247
0.971778
1.08344
1.08867
0.96102
1.14528
1.09115
0.854903
0.941723
0.98417
0.976745
0.896347
1.0257
0.854323
0.864652
1.13542
0.898713
1.04374
1.0438
1.08983
0.909913
0.937887
0.994892
1.04728
0.890847
0.99388
1.11244
1.19383
0.895341
1.04274
0.951671
1.02686
1.15741
0.864115
1.05524
0.945636
0.955961
1.14206
1.0374
0.991086
0.914789
0.940293
1.1778
0.955892
0.896403
0.946285
1.0354
0.972024
1.06309
1.19501
1.04414
1.00519
0.967197
1.05799
1.04367
1.12606
0.86071
0.934021
0.972146
0.819704
0.892174
0.91696
0.865409
1.13669
1.02039
1.06033
1.08101
0.943352
0.849237
0.995136
1.00587
0.924403
0.918038
0.954613
1.11319
0.973377
1.06768
1.01374
0.952871
0.92541
1.03505
1.07296
1.09989
1.08282
1.18459
1.0549
1.09345
0.882887
0.97484
0.934232
0.914409
1.04128
0.901484
1.0623
1.13581
1.13166
1.00342
1.04208
1.15596
0.978313
0.976026
1.05797
0.978145
0.961176
1.3372
1.04178
1.06502
1.04213
1.04447
1.09323
0.932447
1.00351
0.926968
1.03027
1.0095
1.05148
0.85881
1.04619
1.03255
0.982693
0.833049
0.987488
0.825837
0.981187
0.950115
1.06864
0.928331
1.11305
1.17092
1.11618
1.00985
1.02869
0.830605
1.06524
0.902096
0.816374
0.948644
1.02021
1.02942
0.845843
0.933171
1.22623
0.996388
1.00837
0.851395
1.10145
0.904638
0.927193
0.874131
1.17034
1.04341
0.955328
1.14713
1.13354
0.869047
0.850865
0.9337
0.978098
0.814507
0.974037
1.03779
1.11695
0.858619
0.829232
1.16186
1.15666
1.05131
1.00732
0.939913
0.932988
1.01402
0.890641
1.03655
1.1304
1.00789
0.904796
1.33962
1.01643
0.959426
0.928379
0.935976
1.03756
1.23722
0.980704
0.942535
0.929163
1.05167
0.956566
1.06647
0.994277
1.08217
0.936193
0.883608
0.954462
0.771699
0.963527
0.984191
1.00263
0.990412
0.9065
0.806926
0.922321
0.9453
1.01377
0.754539
0.990525
0.94281
0.968346
0.943587
0.922573
1.0311
0.958561
0.908473
1.0572
1.01544
0.965851
0.947716
1.00455
0.980267
1.03104
0.928314
0.902508
0.853728
0.959473
1.04555
1.01538
1.00204
1.02376
1.05792
1.00462
1.09826
1.04379
0.965393
0.933163
1.03829
0.881378
1.00084
1.106
0.88609
1.10302
0.806392
1.01807
1.08018
0.900615
0.939495
1.08082
0.957904
0.947436
1.04782
0.78271
0.91344
1.1421
0.902219
1.0487
0.818164
0.916257
0.980546
0.862537
0.772934
0.988062
0.957984
1.06845
1.10878
0.837848
1.07808
1.16548
0.823764
1.06614
1.12088
0.9663
0.810042
0.887719
1.04613
1.12773
1.08914
1.02507
0.837924
1.15014
0.909233
0.934815
0.956314
0.837643
0.901338
1.16251
0.97954
0.795538
1.00884
1.16799
0.921345
1.14925
0.979596
1.10747
0.951347
0.922729
0.926475
1.11633
1.05972
0.84
1.00096
1.14495
1.05392
1.05274
1.02414
1.28414
1.06635
1.10776
0.881222
0.869507
0.973634
0.838942
1.01147
0.85948
1.09448
1.05425
0.94703
1.0254
0.816845
0.909926
0.990779
0.962846
0.972631
0.902669
1.24193
1.12106
1.00117
1.12525
1.11532
1.01072
1.0085
0.890761
1.06567
0.934553
1.0224
0.976201
1.03053
1.1604
0.882189
1.25857
1.10907
1.1599
1.06672
1.05153
0.867509
1.19543
0.818679
0.895601
1.10774
0.85933
0.846959
1.07374
0.9546
1.0676
0.886962
0.992413
1.00852
0.943776
1.01217
1.09581
1.05587
1.00528
0.85394
1.00586
1.02439
0.89235
0.955405
0.909101
0.943612
0.890173
0.875999
1.08036
0.94207
0.95571
0.857107
0.864458
0.826784
0.999485
0.985331
0.94338
1.01395
1.07239
0.807305
1.0561
0.858948
1.04103
1.01054
0.961419
1.14164
0.997638
1.09668
1.07969
0.888232
0.773923
1.03302
0.741941
1.102
0.94642
1.23026
1.17049
1.07741
1.13422
1.02892
1.03103
1.07182
1.01537
1.00387
0.929423
0.821969
1.0107
0.992005
0.950815
0.973099
1.0512
0.985776
0.95434
0.959703
1.00571
1.04623
0.861255
0.885242
0.892274
0.818063
0.898263
0.874553
0.905027
0.950684
0.77298
0.912402
0.886092
0.902976
1.10942
0.910057
1.06097
1.09356
0.966113
0.976327
0.974903
1.06425
0.92768
1.00347
0.923126
0.882259
1.08178
0.932033
0.999982
0.969612
0.877831
1.04218
0.905664
1.02667
0.998915
0.980416
1.0523
1.131
0.962988
0.880486
0.942724
1.0343
1.00731
1.08499
0.972397
0.84419
1.07996
0.955876
0.731392
0.75218
0.95895
1.01201
0.873848
1.03237
0.779397
0.930054
1.06741
0.966857
0.88628
1.06993
1.04717
1.01673
0.845031
0.998827
1.00411
1.07767
0.943987
0.965385
1.01557
0.920507
0.778772
1.13558
0.989396
0.981903
0.966119
0.892114
1.00039
1.10343
0.839588
1.05829
0.955954
1.28326
0.930306
1.09689
1.09776
0.972589
1.05405
1.11528
1.06794
1.01379
0.963426
1.09349
1.14066
1.05979
0.917353
0.76314
1.09628
1.17577
1.13683
1.03184
0.948203
0.963083
0.993563
1.02435
1.07886
0.934436
1.05677
0.939592
0.89128
1.0291
1.09237
0.920779
1.07042
0.926357
1.03526
1.01207
0.946041
0.901849
1.00185
0.93569
1.05866
0.991123
0.966546
0.943592
0.934484
1.17147
1.20037
0.87382
1.1655
1.05169
0.894281
0.9083
1.03508
1.04649
1.00117
1.00643
1.0037
1.00815
1.00535
1.20606
0.826174
0.881294
0.979445
1.02694
0.814868
0.905523
0.944442
0.90936
0.913794
0.982596
1.10543
1.03142
1.01512
0.975019
0.820755
0.94751
0.847813
1.19778
1.08483
0.974737
1.00252
0.923738
1.01004
0.8752
0.964735
1.15187
0.989234
1.13318
1.09826
0.822349
0.956705
1.13719
1.15607
1.10486
1.18019
1.03593
1.10995
0.997901
1.01118
0.999626
1.00434
1.0247
1.12216
1.02286
0.883302
0.958743
0.880106
1.07173
1.10208
1.13394
0.864024
1.01099
0.966823
1.02697
0.983606
1.03394
1.08451
0.919683
0.923654
1.09128
1.05544
0.926611
1.08655
0.907899
1.0572
0.88879
1.03438
1.07973
1.10224
0.86221
1.03061
1.26421
0.996066
0.869094
1.11206
0.957439
1.04096
1.09742
1.01118
1.06172
1.14857
1.01306
1.11471
1.03533
1.02915
0.971875
0.913356
0.9141
0.941937
1.06869
1.08
1.01265
1.03583
0.937255
1.10508
1.05078
1.19067
0.945139
1.07907
0.885702
0.889403
1.03088
1.0746
1.07281
1.05615
0.965889
1.02896
0.830665
0.999778
0.858873
0.922807
0.895156
1.08259
0.891134
1.01606
1.03892
1.16583
1.2204
0.992777
1.06258
1.01887
1.09362
0.961746
0.968607
1.10761
1.00918
1.0138
0.992407
0.988656
1.00965
1.1186
0.947225
0.907092
1.19134
0.999662
1.07647
1.02523
1.07367
1.14905
1.13335
0.878584
0.86128
0.936026
0.9962
0.94503
1.0255
1.20513
0.953701
1.04331
0.886921
0.958934
0.821754
0.833773
1.09049
1.08483
1.07839
1.038
0.931282
0.88964
1.15584
1.09193
0.89147
1.03792
1.14844
1.08702
1.02429
1.11658
0.94022
1.26711
1.03563
0.927872
1.1231
0.701972
0.953092
0.976299
0.996337
1.0638
1.11376
1.05665
1.13259
1.09551
0.913512
1.14572
1.1738
0.843791
1.03643
1.01316
0.890552
0.929386
0.975594
1.04435
1.19807
0.984593
0.962446
1.02881
1.15924
1.13605
1.09816
0.96534
1.01588
0.800965
0.867255
0.929922
1.00547
0.991659
0.998412
0.920996
0.899752
0.883909
0.928459
0.950298
1.0033
1.06592
0.96861
0.953866
0.885966
1.09913
0.927472
1.08529
1.05637
0.88101
0.930392
0.937731
1.05746
0.936528
0.826028
0.885537
0.89553
1.06742
1.00789
0.912594
1.09995
0.917708
0.991815
0.809988
0.992114
0.94656
1.00925
1.15012
0.955582
0.903347
0.923296
0.900873
1.09033
0.988289
0.955277
1.01139
0.966841
0.971317
0.880579
1.05243
1.03837
1.20087
0.946813
0.892355
0.957892
0.880199
0.970051
0.874528
1.02115
1.03865
0.940756
1.07983
1.12601
0.997284
0.931473
0.922478
0.95855
1.035
1.1116
0.856897
1.08698
1.0496
0.909507
1.04284
0.946311
1.13341
0.874831
1.13427
1.03348
0.927834
0.923972
0.92836
0.972509
1.01319
1.02435
1.02165
1.06103
0.929298
0.865224
1.08414
1.09442
1.05511
0.957477
0.864923
0.961389
0.813037
1.02359
1.01138
1.21685
1.02317
0.969479
1.0769
0.913468
0.774521
0.935407
1.06853
0.921178
0.931412
1.09238
0.990243
0.997753
0.999178
0.791123
0.907976
0.871381
1.03784
0.840078
1.11946
0.810918
0.918442
0.944779
1.10264
1.09368
1.10417
0.903203
1.02868
0.987358
0.920196
0.81179
1.05985
0.966469
0.941442
1.03332
0.762376
1.03443
0.820114
0.971109
1.09386
1.18283
1.08621
1.08918
1.13598
1.11484
0.68032
0.926311
0.989561
0.987805
1.04309
1.03447
0.941125
1.04609
0.959888
1.05956
0.981491
1.00924
1.04408
1.02483
0.866541
1.10836
0.934285
1.03531
0.965966
0.909505
0.902854
0.963738
1.04445
1.17675
1.10613
1.11596
0.867173
1.03453
0.821647
1.0386
0.924421
1.10094
0.922719
0.955759
1.01369
1.14124
0.892659
0.911675
1.02545
1.06157
1.03474
0.995433
0.891341
1.22018
0.965875
1.14239
0.84798
0.884836
0.952018
1.02199
0.981827
0.919347
1.04129
1.18145
1.25042
0.980793
1.04572
0.91387
0.92846
1.07003
1.11109
1.08585
1.03529
0.888516
1.06225
0.957292
1.07199
0.984433
1.00752
0.977962
0.931186
1.05177
1.02011
0.816024
0.97374
0.964438
0.971639
0.94477
1.07215
0.95181
0.939038
1.12201
1.04114
0.919596
0.962218
0.945431
0.960302
1.00522
0.71592
0.85555
1.03857
1.04769
0.790946
0.848779
1.00706
0.889485
1.02375
1.17823
0.838839
1.04372
1.00485
0.967708
0.89735
0.921281
1.06924
1.2436
0.946173
1.08227
0.901484
1.00221
1.01302
1.15446
1.04577
0.910961
0.895092
0.980955
1.1723
1.06649
0.988204
1.13425
0.992827
0.97321
1.08216
1.0366
1.24927
0.947971
0.911742
0.745658
1.01535
1.05214
0.990976
0.960318
1.11885
1.1374
0.973706
1.0364
1.07366
0.981865
0.85026
1.05298
0.97607
1.02453
1.10764
0.841469
1.09402
0.868267
1.04338
0.990323
0.962532
1.03295
1.02276
0.970881
0.875444
0.986632
0.972833
0.831667
1.04452
0.917311
0.892547
1.04846
0.80425
1.09534
1.01692
0.813177
0.926793
1.02227
1.06442
1.01803
1.04013
0.883744
1.02952
1.12994
0.843543
1.15759
1.02118
1.00281
1.11322
1.05823
1.17022
0.970469
1.11362
1.20641
1.11277
1.05821
1.01908
0.871208
0.936713
1.11057
1.04137
0.910758
0.808635
0.846012
0.937904
0.950582
1.03385
0.968878
0.910252
0.891319
0.999991
1.06443
1.11439
1.02723
0.89753
1.00054
0.908749
0.882133
1.07899
1.03325
1.07769
1.02489
1.02564
1.04974
0.949777
1.18237
1.05137
0.999346
1.21268
1.01484
1.15826
1.0501
0.956539
1.00467
0.897094
1.11987
0.9976
0.906695
1.03287
0.934658
0.979885
0.969652
1.02973
0.9422
1.01924
1.01819
1.0113
0.973072
1.17068
1.18015
0.853131
1.024
1.02315
1.00219
0.939986
1.20656
0.99593
0.908205
0.999336
1.09559
1.02448
1.04288
0.981987
0.938617
0.923719
0.859642
1.05762
0.938866
0.989238
1.22288
1.11414
1.27241
1.04341
1.03945
1.01026
0.922979
1.03204
0.963848
1.18527
0.921057
0.947305
0.868734
1.13224
1.00428
0.998365
0.946741
1.07903
0.997748
1.24923
0.95054
0.897887
1.00435
0.927022
1.00564
0.924382
0.731911
1.13363
0.962194
1.05718
1.14688
0.973333
1.10873
0.900204
0.763165
0.99371
1.02956
0.950021
0.982189
0.922577
0.968219
0.943332
1.076
0.95735
1.10208
1.08087
0.987012
1.05911
1.27325
0.969435
1.15646
0.784514
1.18641
0.970761
1.02955
0.915897
1.03326
0.956468
1.1312
1.17362
0.98646
0.999619
1.18113
1.04038
0.972632
1.13012
0.949567
1.04136
0.968683
0.950461
1.03249
1.09957
1.03927
0.934726
1.05466
1.20943
1.08496
0.8102
1.19137
1.06821
1.02264
0.878486
1.02348
0.947632
1.04385
0.768318
1.0562
0.896215
0.847277
1.03678
0.940278
1.04383
1.15847
0.998751
0.823301
1.01228
0.791453
0.951967
0.963078
0.948393
0.863251
1.14591
0.954021
1.03937
0.971971
1.03197
0.94409
1.01817
0.820563
1.12597
0.993315
0.925697
1.07217
0.895264
0.841962
1.20271
1.02352
1.12336
1.03094
1.06687
0.881909
1.00856
1.1581
0.882601
1.12769
1.03003
0.99973
0.854929
0.998477
1.09193
1.14204
1.10751
1.24991
1.17438
1.04675
0.891537
1.30077
0.913564
1.01954
0.909287
1.05074
0.82386
0.988821
0.957613
0.954722
1.09818
1.17082
0.92396
0.974917
1.09941
1.03985
1.13155
0.872315
1.09474
1.07086
0.922771
0.956573
0.923451
1.03768
1.03209
0.874638
1.07027
0.923099
0.853518
1.1015
0.824934
1.03444
0.991052
1.07197
0.930455
1.08847
0.990167
0.927069
0.918795
0.835859
1.00495
0.950066
1.00342
1.00731
0.949366
1.07858
1.08017
1.0496
0.990866
1.11329
0.91598
0.984788
0.917005
1.02167
1.09394
0.86905
1.26173
1.01869
1.05845
1.03432
1.0908
1.09511
0.99245
0.84113
0.939745
1.09858
0.88242
0.904356
1.04378
0.915403
0.874744
0.982273
0.883976
1.1406
0.868436
0.999506
0.981832
0.853697
0.950097
0.985619
0.83285
0.958344
0.865032
0.94375
1.15472
0.966906
0.911309
1.05982
1.115
1.16769
1.0886
1.02609
0.948887
0.892278
1.06576
0.771482
0.921792
1.09242
0.839131
1.03564
0.837624
1.00817
0.881212
0.845079
0.853379
0.966637
0.861879
0.967868
0.96819
1.13616
0.995591
1.26073
1.15889
0.982599
0.930225
1.00281
1.01696
1.13482
1.10034
1.00928
1.05811
1.02103
0.894275
0.989037
0.959574
0.907714
0.993704
0.9359
0.884294
0.985988
0.910525
1.02026
1.01614
0.91331
1.01282
1.02142
1.09526
0.897036
0.968855
1.14171
0.963028
0.904803
0.953232
0.972569
0.88074
0.93372
1.16644
0.890544
0.908507
1.04892
0.99417
1.02961
0.938956
1.11901
1.07496
1.05631
0.960207
1.16913
1.0243
0.903578
0.956568
1.03163
1.02122
1.05846
1.08025
0.980544
1.01437
1.15312
1.04157
1.00881
0.912731
1.14513
0.977416
1.17023
1.07176
0.843116
0.786717
1.06502
1.11915
0.833696
1.01589
1.29063
1.12086
0.936788
0.965864
1.03442
0.911116
0.949413
0.822463
1.05906
1.00796
1.02045
0.971255
0.933133
0.990533
0.95889
0.89723
1.05392
1.21757
1.00796
0.902501
0.891971
1.06532
1.07929
0.977684
0.905869
0.96555
0.888304
0.904869
1.04191
0.953852
0.851605
0.988902
0.967153
0.865219
0.852252
0.892246
0.873099
1.11694
1.03054
1.0409
0.956032
1.06339
0.912423
1.06159
0.912544
0.930081
0.909092
0.891903
1.16598
1.04109
1.03939
1.00022
0.843851
1.25988
0.973825
1.02295
1.10652
1.13438
1.04981
1.11912
1.03895
0.951121
0.913362
1.12093
0.869627
1.06281
1.05259
1.00233
0.951999
1.12351
0.984659
1.02117
0.993393
0.700375
1.05548
0.949263
0.969149
1.06106
1.07416
1.04729
0.969161
0.987091
1.02257
0.976965
1.06861
1.11938
1.11471
1.12644
0.930537
1.05054
1.10583
0.847138
1.05343
0.920285
0.864227
1.003
1.03221
0.985752
0.882085
0.817212
1.0253
1.20472
1.03213
0.905796
1.0915
1.19289
0.95181
0.848579
1.10907
1.02857
0.85309
1.00025
0.948907
0.874982
1.02525
0.849475
1.09619
0.994958
1.12799
0.937493
0.899027
0.96485
1.06372
1.0557
0.947858
0.964992
0.918632
0.864477
1.00026
0.957566
1.34866
0.937926
1.01852
1.02693
1.13012
0.908117
1.02674
0.837634
1.13339
1.07033
1.08139
0.98464
1.06885
0.965315
1.15573
0.903525
1.20661
1.0397
0.916716
1.08962
0.926725
0.92313
1.26681
1.0749
0.918889
1.05755
1.0201
0.920933
1.04218
1.03449
0.768211
1.04307
0.983599
1.00165
0.873406
0.901272
1.03835
0.88013
1.17698
1.03521
1.09404
0.849485
0.916676
0.934283
0.951689
0.939742
0.955234
0.883794
0.944057
1.13552
1.07633
0.950109
0.811742
0.945406
1.11048
1.22462
0.954039
1.03235
1.03465
0.978581
1.13581
0.908113
1.02512
0.978957
1.03435
0.926971
0.940985
0.99323
1.09536
1.03915
1.101
1.05225
1.07905
0.963413
1.14665
0.974062
0.961394
0.877212
1.04362
0.928341
0.883566
0.909447
1.08602
0.895867
0.935719
1.02285
1.13991
1.04412
0.881032
1.22109
0.97374
0.892508
0.886114
0.874675
1.03188
0.840222
0.96539
0.912682
1.04592
1.02323
0.985805
0.934943
1.02179
0.991093
0.987525
0.999571
0.968388
1.098
0.915318
0.973394
0.948143
0.944794
0.847019
1.00864
0.933914
1.03585
0.899692
0.809988
0.948874
0.898975
1.096
0.868427
1.01578
0.999197
1.0445
0.998899
1.11444
1.05871
0.968605
0.944992
0.895618
1.07886
0.874311
1.01307
0.946425
0.992746
1.05378
0.921643
1.05543
1.00413
1.06721
1.08427
1.06681
1.01349
0.896802
1.11762
0.897422
1.04797
1.04206
1.06436
1.02973
0.92351
0.948332
1.09742
0.977789
0.966924
1.08501
0.907723
1.15003
1.02831
0.904455
1.08847
1.02056
0.952906
0.993421
1.2249
1.00786
0.86608
1.10652
1.05836
0.877928
1.00663
0.884345
1.12285
1.00016
0.830641
1.11326
0.978994
0.780614
0.987976
1.03748
0.973992
1.20182
0.954548
1.18595
0.987029
0.983451
0.993693
0.978084
0.904648
1.01759
1.19119
1.06031
1.10432
1.03529
1.06834
0.952113
1.08307
0.98235
0.979218
1.05903
0.984174
1.12923
0.974298
1.1331
1.03793
1.0944
0.952206
1.11276
0.981029
0.819042
0.874882
0.959942
0.929762
0.94475
0.81322
1.0619
0.868747
1.00149
1.09958
0.976356
0.929105
0.993893
0.927461
0.933778
1.15187
1.06315
0.939951
0.837859
0.856748
1.01077
0.859703
1.11857
0.93447
1.01435
1.18805
1.19098
1.0226
1.11419
0.978897
0.972237
0.901651
0.915591
0.932058
1.06922
0.989263
0.913853
1.01751
1.0195
1.04336
0.996471
1.12586
0.877998
0.900177
0.769544
1.04763
0.976739
0.921844
1.01053
1.0248
0.912383
1.08498
0.879972
0.986516
1.03296
1.04022
1.0732
1.15088
1.02196
1.00339
0.982614
0.859357
1.04812
0.79058
0.886697
0.897772
0.983734
0.838099
1.12236
1.168
1.04532
1.01159
0.956635
1.06606
1.0232
0.994542
1.11381
0.948362
1.05101
0.957511
1.10905
1.15987
0.824889
1.07586
0.973398
0.827071
1.15008
0.868454
0.912689
1.0474
0.978888
0.958227
1.09064
1.04464
1.08573
1.14651
1.0156
0.978989
1.18315
0.93139
1.04327
0.878364
1.04439
0.899023
1.15027
1.1717
0.900836
1.15574
1.02555
0.9826
1.15144
0.957889
1.06648
1.00873
0.801044
0.905132
1.00273
1.15325
1.07632
0.972183
0.88184
0.898761
1.02815
1.12968
0.971589
0.963066
0.858387
0.931934
0.957742
0.900243
1.08165
0.920105
0.95769
0.971835
1.11945
1.01655
1.16771
0.927068
0.940366
1.03529
0.945514
0.825348
0.920655
1.01061
1.01591
1.16211
1.11861
1.15663
0.866556
0.91073
1.02397
1.22749
0.973987
0.992187
0.871702
1.05844
0.884647
1.01759
0.907106
0.886383
1.28934
1.02707
1.20457
0.951974
0.874799
0.987933
1.05151
1.05164
1.13137
1.15691
0.988634
1.0637
1.01698
0.997826
1.156
0.936617
0.894131
1.09794
0.770062
1.00475
1.01929
1.09857
0.93668
0.909563
1.05634
0.899738
0.991896
0.914519
0.966867
1.06817
1.02597
1.05622
0.923987
0.889116
0.845845
0.911333
1.16969
1.18179
0.821534
1.1665
1.05182
0.854446
1.05342
0.970352
0.978808
0.941339
0.953877
0.908828
0.998766
0.960635
0.962349
1.06596
0.986488
1.04127
1.08103
1.16879
0.941619
1.03144
1.08889
0.879034
1.15337
0.995241
1.04673
1.22337
1.09897
0.982704
0.989343
0.947648
0.876503
0.893972
1.02332
1.12806
1.0605
1.09924
1.05143
0.849558
1.04378
0.90926
0.888
1.22599
0.979995
0.890938
1.00183
0.925473
0.974457
1.07663
0.908168
0.985154
0.927828
1.05237
1.01925
0.930109
0.976612
0.920843
1.0248
0.870246
0.856868
0.91095
1.07209
0.92588
1.02501
0.916399
1.15344
1.00072
1.03173
1.02596
0.981044
1.11579
0.899981
0.973455
1.13934
0.928388
0.84929
1.14636
0.915771
1.03321
0.999256
1.00351
0.934216
0.874139
1.14892
1.03724
1.12131
1.04907
0.852548
0.952251
0.929415
0.884839
0.838212
1.00729
1.04126
1.19596
1.03284
1.12021
1.27573
0.940441
1.13959
0.854271
1.03957
0.942795
0.930476
1.05289
0.898734
0.916884
1.05054
0.892578
1.05914
0.890438
0.951459
1.01733
0.824944
0.987916
1.1564
1.03927
1.03082
1.0334
0.940068
1.0657
1.19941
1.0823
1.1438
0.863536
1.0561
0.941297
0.79406
0.947585
1.25141
0.960043
1.05227
1.03894
0.906172
0.869575
1.01725
1.00102
1.00259
0.854188
1.08882
0.894388
1.02359
0.902861
1.00079
0.913192
1.23408
0.998402
0.86124
0.92917
1.02405
0.999058
1.09525
0.809992
0.925183
1.03415
1.01503
0.897383
0.903765
1.045
0.844949
1.0218
0.865376
1.05155
1.03518
1.1004
1.066
0.841446
0.853168
0.911171
1.05923
0.955489
0.875928
1.07748
1.01208
0.957529
1.06927
1.11197
1.08957
1.06951
0.836139
0.951741
1.0405
1.03877
0.927391
1.05452
0.835977
0.982723
0.824053
1.16132
1.08592
1.15664
0.758967
0.969098
0.921305
1.07609
0.919235
0.937817
0.956608
1.03669
0.947265
1.06824
1.04876
0.851358
1.01133
0.957295
0.880735
0.854805
1.13064
1.06408
1.08492
1.00686
0.923686
0.921185
1.1332
1.09722
0.946468
1.11155
0.919371
1.0032
1.08971
0.94123
1.07087
1.08987
0.99078
0.923711
0.992655
0.876143
1.09301
1.11393
1.0455
0.974786
1.01076
1.18312
0.934678
1.11615
1.07662
0.917285
0.969124
1.01562
0.937168
0.76569
0.960699
1.06305
0.900582
0.92035
0.802766
0.99449
0.877294
0.895918
1.0964
1.03817
0.953116
0.905076
0.904
0.981907
1.06654
0.940394
1.04166
0.879749
0.973398
0.848041
0.994457
1.06075
0.921066
0.955721
1.01525
1.06336
1.16486
0.971208
1.0593
1.02167
1.03732
0.923592
0.937257
0.905883
1.11817
1.13998
1.07309
1.03298
1.04954
0.914425
0.916929
0.979896
0.985477
1.02819
0.962011
0.993654
0.941976
0.954
0.968843
0.884347
1.1463
1.04118
1.14144
0.959787
0.860122
1.03198
1.15992
1.08484
1.10581
1.07984
1.00738
0.969236
0.988912
1.05223
1.17724
0.81627
1.03876
0.920517
1.01721
0.970981
0.90468
0.849948
0.919892
1.05384
1.13321
0.981122
0.976684
0.973492
1.09707
0.899773
0.836273
1.09983
0.926492
0.892068
0.882052
0.964641
0.95576
1.00286
0.811274
0.918578
0.782434
1.13005
0.986192
0.946989
1.02341
0.989856
1.01873
0.989882
0.941371
1.01702
1.15203
0.9017
0.876952
0.95516
0.994706
0.923064
1.08472
0.942571
0.904434
0.804067
1.07805
0.882032
1.05766
1.02183
0.898508
1.08093
0.973709
1.06973
0.971717
0.812067
1.1696
0.980462
1.0459
1.12089
1.0638
1.00995
0.930147
0.977236
1.01362
1.04636
1.00537
1.09503
0.904634
0.936276
1.42482
1.14009
1.04177
0.998044
1.13651
0.919967
1.10468
0.965464
1.0214
1.09984
1.02469
0.923113
1.03796
1.05982
1.05009
1.11114
1.2242
0.878621
0.936173
1.01972
1.09652
0.94837
0.952764
0.990997
0.876456
0.839105
0.95872
1.19396
1.18744
0.993448
1.00908
0.842684
0.93399
0.884262
0.948112
1.15944
0.930008
1.03931
1.04049
1.08693
1.08816
1.08736
0.894995
1.02275
1.20076
1.12408
0.985276
0.953084
0.92241
0.949556
1.02098
0.829413
0.908854
1.1098
0.993525
1.1223
0.858787
0.830823
0.954825
0.971353
1.02382
1.26241
1.00912
1.0547
1.12199
1.13855
0.945954
1.00852
0.905546
0.941014
0.96924
1.00099
1.12389
0.876018
0.904705
1.10709
1.0487
0.924588
1.19532
0.893206
0.992491
1.13316
0.944076
1.24281
0.794431
1.04111
1.01011
1.0553
1.05109
0.966405
1.12715
0.920529
1.01202
0.961976
0.993626
0.928197
1.24714
1.04283
0.933094
0.810215
0.995483
1.05122
1.16628
0.911424
0.948629
0.900985
0.993545
0.993328
1.05271
1.01243
1.01884
1.12084
1.03775
1.04924
1.12276
1.00079
1.02067
1.04657
0.906466
1.23216
0.976901
1.00636
1.00276
0.934645
0.94601
1.12825
0.813464
1.07586
0.918661
1.00522
1.19174
0.948468
0.889387
1.02687
1.05012
0.873077
0.863543
0.888767
0.881017
0.846502
1.03814
0.893999
1.03733
0.999053
0.918717
0.97712
1.2444
1.18521
1.11323
0.956034
1.0288
1.10958
0.936434
0.879791
1.00934
0.963906
0.854247
1.0075
1.09573
0.841953
0.950508
0.815076
1.10198
1.1283
0.868491
0.904216
1.0896
1.09695
1.35995
0.873399
1.02993
0.917269
1.02145
1.03082
0.839379
1.02462
0.865243
1.14302
0.84695
1.02064
0.879522
0.972905
1.05795
0.976073
1.06275
0.95662
0.964794
0.915164
1.14119
0.974397
0.925244
1.18192
0.889953
1.05738
0.917153
1.01884
0.983055
1.0244
1.01635
1.14647
0.968719
0.96471
0.905348
0.866196
1.1503
0.930264
0.949159
0.840873
0.947172
0.923691
1.11567
1.03216
1.10189
0.996369
0.729023
0.952708
1.09069
1.05589
0.747024
0.850019
0.924839
1.12397
1.10963
1.08977
0.870776
0.930637
1.04061
0.9634
1.13569
0.94214
0.951663
1.09579
0.940274
1.0799
0.935136
0.880411
0.877261
0.918847
0.949893
0.957375
0.899221
1.13701
1.12368
1.09597
1.03672
0.974035
0.950482
1.13805
0.906695
1.13412
0.844684
1.05721
1.07814
1.04919
1.0445
1.00405
1.02319
0.982955
1.01702
0.865877
0.982232
1.16419
0.974163
0.965372
1.05653
1.19552
0.88223
0.977887
1.04824
0.93201
0.97239
1.08851
0.895529
0.945383
1.10894
0.972856
1.00807
1.14454
0.954858
1.13224
1.05822
1.04313
1.10786
1.09371
0.983906
1.08901
0.859368
1.19167
0.974557
0.964701
1.08142
1.02893
0.990103
0.995697
0.879916
0.92046
1.00487
1.12555
0.89027
1.05251
1.20073
0.930457
1.03847
1.0566
0.98081
0.901761
1.01799
1.00625
0.9515
0.927273
0.894429
1.01697
0.789342
0.954867
0.921589
1.196
0.993981
0.750362
0.991722
1.08921
0.996349
0.884471
0.992437
1.16253
0.908703
0.986831
0.981657
1.05812
1.06639
0.923668
0.969926
0.946933
1.07491
1.01041
1.05307
0.850668
1.11132
0.795924
1.02197
1.14085
0.864293
1.18378
0.752162
0.748825
1.09185
0.935418
1.12707
0.828856
0.913013
0.87286
0.945429
0.934862
0.993585
1.07127
1.03907
0.880656
1.09897
0.897738
0.783533
0.97771
0.829106
0.960396
0.858393
1.06026
1.14613
0.876255
0.886507
1.13826
0.967939
0.824117
0.988411
1.19528
0.965472
0.886903
1.05622
1.09848
1.00767
1.05937
1.04979
0.897523
1.07955
0.992222
0.994643
0.699806
0.999399
0.96177
1.05551
1.24396
0.897943
1.11525
1.06589
1.03481
0.974395
0.806094
0.931115
0.931649
1.11999
0.937601
1.09907
0.918047
1.06502
1.1135
0.887763
1.05552
1.00864
0.929643
0.992926
1.03098
1.15567
1.00008
0.946921
0.898671
1.16238
0.887388
0.901365
1.04185
1.12325
0.973951
0.940978
0.96548
1.23394
0.960686
0.954973
0.994393
1.02661
1.0527
0.924469
0.939224
1.1391
0.867154
0.917611
1.06408
1.00056
1.11675
1.02473
1.09873
1.01712
1.0114
0.961077
1.06821
1.10802
0.97727
0.953828
0.975999
1.01131
1.11575
1.04307
0.902695
1.14417
0.871691
0.930613
0.926494
1.09402
0.929206
0.872651
0.925222
0.978514
0.864102
0.884598
0.911594
0.968607
1.14212
0.917665
0.864849
1.12286
0.875309
1.19981
0.993827
0.928513
0.935084
0.838388
1.14779
1.0025
1.04177
1.16333
0.836556
0.998207
0.982441
1.18646
0.887424
1.05458
1.00474
0.981734
0.86532
1.14174
1.05364
0.794124
1.06166
1.02226
0.956819
1.11811
1.01189
1.06038
1.01638
1.00659
1.03398
0.991736
1.00311
0.890103
1.04629
1.04651
0.792471
0.917606
0.90426
0.888383
1.19774
0.947921
1.1803
0.949952
1.08184
0.880251
1.00816
1.07773
0.930523
1.03123
1.05964
1.08108
0.861251
0.961976
1.02253
0.953972
1.0997
1.07787
0.903955
1.1165
1.21053
1.15406
0.867964
1.00469
0.994348
0.965632
0.945694
1.05499
1.03467
0.821046
1.04353
1.03065
1.10406
0.9169
1.06258
1.07185
1.15597
1.06885
1.02111
0.899524
1.03033
1.01521
1.07968
0.846819
1.0277
1.06525
0.976839
1.14858
1.09584
0.882196
1.26695
0.936473
1.10543
0.887318
1.06354
1.10937
0.969162
1.09706
0.980723
0.970449
1.02353
1.01435
0.987939
0.865715
1.09205
1.05181
1.17133
1.08355
0.986121
1.01156
0.847406
0.931829
1.08489
1.06427
1.08673
0.971568
1.10532
0.934238
0.956859
0.794492
1.09329
0.816622
0.969805
0.986851
1.03526
0.94368
1.15581
1.08297
1.08413
0.955037
0.974746
1.00684
0.923893
0.982608
1.06435
0.918136
0.901196
1.04889
1.00909
1.12244
0.944922
0.994602
1.03111
1.09975
0.92136
0.978182
1.2036
0.960238
0.965442
1.19669
0.991385
0.873887
0.984295
1.04241
0.857098
1.06434
0.923249
0.878646
0.937212
1.03655
1.2529
0.992616
1.08239
1.08769
1.24738
0.881502
1.04229
0.95904
1.03076
1.05927
0.879103
0.951016
0.962299
0.887925
0.955969
1.1176
0.729947
1.00201
0.923796
0.94104
0.987224
0.910855
1.08928
1.11812
0.967511
0.92453
0.897394
1.10408
1.00405
0.977162
0.87165
1.11815
0.835293
0.873168
1.17204
0.995593
1.11366
1.0219
0.96208
1.0469
0.984236
0.984324
0.854879
0.815824
0.937914
0.941842
0.855149
1.23767
0.887063
0.916791
0.937142
0.876504
1.0052
1.12042
1.10526
1.00637
1.01852
0.886098
0.951635
0.898425
0.842622
1.00104
0.938349
0.981892
0.958124
1.02173
0.987222
1.16248
1.10024
1.17906
0.986089
1.02991
0.998373
0.918539
0.94426
0.900072
0.896384
1.05522
1.05626
0.921125
1.04399
0.813979
1.07234
1.05923
0.973038
1.07591
1.14966
0.905697
0.890528
1.00133
0.995274
1.09135
0.891259
1.08921
1.08061
1.04202
1.13473
0.973025
0.901037
0.958521
0.890015
1.0078
1.09687
0.89431
0.870089
0.939762
0.995684
1.02914
0.879691
1.03224
1.00848
1.10412
0.977787
0.983993
0.83546
1.05281
1.18077
1.09215
0.929502
1.00501
0.96338
1.08942
1.00018
1.03333
0.883656
1.15031
0.774774
0.894144
1.07475
1.00925
0.948683
0.814194
1.0404
1.03196
0.92347
0.939093
0.957543
1.21129
0.922168
0.919735
1.01059
1.01604
0.830941
1.12073
0.884464
0.816275
0.895376
1.02481
1.07805
1.07203
1.03139
0.981294
1.0001
0.982246
0.933162
1.17424
0.90836
1.1282
0.986453
0.918016
0.948008
1.0781
1.06225
0.959755
0.99529
0.978229
0.837936
0.904071
1.10542
1.06916
1.06986
0.963156
1.0022
0.944248
0.989544
0.883651
0.928617
0.837675
0.969649
0.973852
1.0907
1.01648
0.94506
0.981656
1.09347
0.894062
1.07072
0.973527
0.931535
1.05225
0.902192
1.03189
0.83025
1.12463
1.07398
1.02399
0.960721
1.25547
0.952491
1.05815
1.07807
1.02977
1.15784
0.978593
1.00998
0.894523
0.950523
0.931699
1.00075
0.842559
0.834343
0.960578
0.837205
0.953051
1.08765
1.06016
1.05446
1.05793
0.778679
1.00618
0.924822
0.980033
1.02503
0.820467
1.00151
0.96063
0.786902
1.10935
0.940338
0.894835
1.11108
1.02076
1.02348
1.00342
1.05443
0.972448
0.919716
1.02412
1.00952
0.819621
1.1011
1.1103
1.06114
0.960414
1.10251
1.12342
1.20748
1.01662
0.995339
1.04381
1.04523
1.22094
1.03407
0.76687
0.924948
0.908698
0.929785
0.940176
0.95227
0.87923
0.942957
1.07003
0.980915
1.02692
1.13748
1.01167
0.886958
0.980827
0.99245
0.903135
1.04104
0.845022
0.985383
1.1144
1.1471
1.0912
1.06264
1.02655
1.09938
1.03436
1.07658
1.06124
1.19587
1.0037
1.2156
1.0381
1.16938
0.992614
0.932215
1.04073
1.18256
0.964231
0.929755
0.889225
1.02195
0.971526
1.02416
0.918503
0.999159
0.992174
0.983615
1.1144
0.802639
0.890273
0.903763
1.01425
1.02192
1.02966
1.00081
1.04156
0.947818
1.10206
0.892767
0.850811
1.03381
0.949996
1.03362
0.867014
1.00424
1.05963
0.973443
1.11604
1.00275
1.02676
0.898623
1.02652
0.925258
1.0658
0.93034
0.962701
0.908318
1.04101
1.0113
0.971275
0.862089
0.879191
1.01201
1.06896
0.981794
0.852397
1.1855
0.972716
1.03176
0.928713
1.28228
1.0215
1.04982
0.976221
1.11291
0.873356
0.990497
0.792989
0.978525
1.02788
0.992146
0.900308
1.03825
1.04374
1.21082
0.837699
0.957626
0.887417
1.13023
0.987649
0.956544
1.12365
0.931486
0.939533
0.974239
1.08881
0.818122
0.95725
0.913023
0.985781
1.08736
1.04488
0.89397
1.01485
0.915114
0.882699
0.942795
0.898428
1.04049
1.12593
1.24276
1.08542
0.94685
1.15116
1.0143
1.07067
1.13099
0.987393
1.20269
1.02227
0.910174
0.928815
0.845471
1.02484
1.00516
1.15846
0.78999
0.947535
0.926031
1.01685
0.962753
0.994241
1.00423
1.07891
0.839618
0.946007
1.17791
0.965796
0.902026
0.827053
1.0545
0.877191
0.941358
0.99503
1.07603
0.984835
0.987831
1.16618
0.952044
0.940151
1.02301
0.983577
0.906407
0.875633
1.06035
1.08735
0.74331
1.05068
1.01877
0.974433
1.19143
1.04456
1.04001
0.993817
0.995114
0.891133
0.904611
0.949807
1.01713
0.876878
0.968016
1.00304
0.904477
1.00567
0.920405
0.944787
0.923066
0.921325
0.928273
0.947836
0.999597
0.76275
1.07967
1.10718
0.962119
0.948004
0.978451
0.993037
1.00447
0.895738
0.867555
0.921832
1.26249
0.783807
1.02874
0.964612
0.913128
1.13675
1.0132
1.1084
1.05667
0.925175
0.967725
1.00262
0.882256
0.901301
1.06748
0.999679
1.034
0.976778
0.987663
0.95565
0.978692
0.988812
0.900175
0.89532
0.853927
0.995392
1.03793
0.852959
0.903682
1.0793
0.971802
0.842433
0.993571
0.944612
0.834731
0.837537
1.17574
1.00712
1.02847
1.03421
0.952747
1.22924
0.758465
0.978055
1.02913
0.968732
1.12933
0.971073
0.847242
1.00203
0.920059
1.07369
0.917258
0.961708
0.971652
0.942584
1.1208
0.960145
0.867483
0.985857
1.09423
1.00919
0.879186
1.03168
1.27886
1.12449
1.16464
0.900011
0.95768
1.01627
0.981633
0.994272
0.929561
1.09583
0.93806
1.05072
0.863407
1.02901
0.997463
1.12143
0.841148
0.834934
0.93003
1.01276
1.02544
0.908381
1.02297
1.17643
1.14807
1.12472
1.08219
1.01068
0.88614
0.93653
1.02572
1.04605
1.06495
0.901185
0.831867
0.938595
0.927727
0.959061
0.99433
0.887181
1.14961
0.983533
1.00925
1.04327
1.02263
1.04641
0.929828
0.814133
0.985328
1.2259
0.88747
1.01425
0.853461
0.851257
0.948486
0.866487
0.896608
1.10985
1.24288
0.98392
1.09424
0.970544
1.04913
1.07328
0.998585
0.936485
1.12307
0.808711
1.15899
0.954489
1.07721
1.04548
1.04079
0.898147
1.01026
1.05344
1.25249
0.859141
1.04741
1.04162
1.10884
1.04513
1.09983
0.970537
0.963678
0.891867
1.15253
0.993736
1.06417
0.841399
0.909585
0.907932
1.00286
1.00553
0.921639
1.22517
1.2004
1.11559
1.00861
0.9061
0.809416
1.06542
1.00572
0.995295
1.08501
1.00296
0.955117
0.957679
1.07451
0.941687
0.754349
1.05213
0.941822
0.950551
1.15834
1.0029
1.01607
1.00102
1.03536
1.09668
1.05428
0.979517
0.908932
0.894332
1.18478
1.10447
0.985156
0.974429
0.914848
0.916971
1.00578
1.04638
0.898229
0.941014
1.02985
0.905049
0.988306
1.06898
0.993544
1.00693
0.974139
0.937525
0.7933
0.939763
1.09434
1.0633
1.13397
0.883792
0.910805
1.01052
1.19619
0.939643
0.930603
1.02807
1.06384
0.91889
0.839562
0.973177
0.852407
1.05946
1.02714
1.11347
1.1322
1.05971
0.988815
0.924597
1.09329
0.944594
0.943313
1.04584
0.964123
1.02542
0.917207
1.11585
1.05398
1.20732
0.979598
1.12208
1.03736
1.00475
0.950986
0.896145
0.907254
0.941947
1.03572
0.970352
1.04145
1.10444
1.08451
0.941784
1.02315
1.25732
1.01766
0.902343
0.900917
1.09655
1.14702
0.935333
1.01567
1.06337
1.09333
0.821633
0.917145
0.877595
1.07782
1.03233
1.17676
1.15261
0.988033
1.02216
1.08113
0.879619
0.972788
0.97596
0.910882
1.02701
1.06941
0.903608
0.841615
1.01835
1.04876
0.895855
0.988593
1.18795
1.0318
0.988174
0.967784
1.08103
1.00967
1.00112
0.974892
1.0758
0.968844
1.15403
0.992953
1.0597
1.21929
0.963334
0.889513
1.15907
1.15116
1.06316
1.00896
1.09896
1.04198
0.828426
0.994127
0.861602
0.865429
1.02583
1.03431
1.13089
1.08139
0.919751
1.06315
0.829097
0.970524
0.98758
1.16904
1.1362
0.978029
0.880334
1.05453
1.14469
0.91127
1.24257
1.1301
1.02048
1.08625
1.00843
1.03572
1.17266
0.974718
0.988658
0.976709
1.0447
1.03551
1.13139
1.01763
1.05861
1.17564
1.06099
0.996565
1.06809
1.26192
0.895657
0.961662
0.885807
1.00944
0.873731
0.996282
1.06704
1.0594
0.959134
1.26562
0.797857
1.07579
0.957495
1.0509
1.0465
1.05482
0.829393
0.740322
0.855034
0.786641
1.00412
1.1641
1.11306
1.00377
0.929221
0.941188
0.798141
0.962904
0.82725
0.960196
1.05247
1.17381
1.08498
0.915238
1.04311
1.04335
0.993325
0.946351
1.01358
1.03846
1.02188
1.11347
1.03062
1.04151
0.948675
0.98977
1.00155
1.0579
1.01332
0.988489
0.939349
1.21279
1.12039
0.87287
1.13766
0.959702
0.951199
0.913926
1.02994
1.13851
0.989226
0.969651
0.981444
0.825407
0.869372
1.12633
0.878331
1.01844
0.87865
1.04899
0.953513
1.08867
0.931764
1.19066
1.01839
1.01604
1.07194
1.06218
0.842514
0.986727
1.0842
1.02527
1.06555
1.02065
1.18082
0.923712
1.21592
0.993118
1.01281
0.994209
1.00239
0.924736
0.977958
0.823418
0.908651
0.976233
1.0837
0.952995
1.08288
1.07718
1.0287
0.920657
1.12927
0.840731
0.909692
1.12939
1.05912
1.04923
0.858558
0.965507
0.95805
0.893231
0.798761
1.00184
0.791818
1.04051
1.14322
1.01109
0.854907
0.972864
0.908456
0.950796
1.04623
0.953998
0.939141
0.940324
1.01722
1.12622
0.990598
0.89342
0.925487
0.955625
1.03908
0.864383
0.892597
1.05701
0.966905
0.902025
1.09997
0.958368
1.01262
1.00258
1.08098
0.963518
1.11541
0.890352
0.978647
0.916372
1.05825
0.987183
0.931745
1.08446
1.21952
0.915818
1.07113
1.1536
1.17426
0.961352
0.950177
0.973609
0.987414
1.11482
1.03877
1.17084
0.899295
0.968454
1.12921
0.94071
0.976811
1.0028
0.925105
1.04102
1.11471
1.10023
1.01915
1.08067
0.90259
0.972226
0.923032
1.09434
0.860938
1.03144
1.09102
1.02802
0.97474
0.930178
1.03288
1.0491
0.809541
0.993187
1.13978
0.968493
1.12001
0.950492
0.942435
0.851908
1.20666
1.11302
0.928159
1.04263
1.11799
0.867867
1.04678
0.930838
1.07131
1.05037
0.935964
0.862801
0.82089
0.885586
0.849435
0.848833
1.12953
0.812842
0.988383
0.934248
1.1111
0.947183
0.979041
0.899756
1.04541
0.93499
0.966113
0.857311
0.905495
1.08476
0.887194
1.0085
0.947852
0.885884
1.03188
0.901232
1.13925
1.03127
0.967309
0.87786
0.953233
0.944961
0.935205
0.977252
1.22618
1.04118
0.937151
0.867532
0.969695
0.966854
0.884019
0.97763
0.84698
1.02917
1.021
1.03075
1.09373
1.05171
1.0579
0.959117
0.959773
1.19234
1.01927
1.03187
1.10538
0.952486
0.97314
0.975948
0.90193
0.988693
1.03524
1.03296
0.965166
1.02214
0.959746
1.12758
1.1173
1.05027
0.9279
1.02321
1.07541
0.916545
1.0047
0.990458
0.855576
0.994576
0.922439
0.937811
1.09412
1.05795
0.927501
0.811009
1.00337
1.19099
0.945879
1.0044
1.16454
0.977257
1.13953
0.945643
1.20056
1.11635
0.877505
0.797702
1.02914
0.887619
1.11427
1.10866
1.06536
0.773545
0.968419
0.887697
0.953463
0.839611
0.973915
1.06833
1.05168
1.09044
1.11596
0.899042
1.07013
1.17232
1.1451
1.07818
1.10168
0.958522
0.818965
1.07102
0.907336
0.881786
0.884062
1.06045
0.81229
1.0133
1.00455
1.07617
1.13569
0.909649
0.983618
0.930495
1.05462
1.01742
0.996216
1.18504
0.917627
0.872722
1.03841
1.10544
1.08701
1.13864
0.881454
1.0222
1.04967
0.964293
0.839682
1.03194
0.982922
0.973427
0.97724
1.12115
1.11484
1.03835
1.07393
1.03612
1.01022
1.01035
1.00086
0.89902
0.970842
1.05674
1.14114
1.12601
1.05564
1.14578
1.00269
0.957814
1.03824
0.990745
0.915213
1.08713
1.10636
0.901172
0.768425
1.05679
1.03066
0.885359
0.926108
1.11527
0.916724
1.20659
1.10976
0.829941
0.836521
1.2198
1.01784
1.03556
0.899073
0.817217
1.13283
0.793554
0.905225
1.0145
1.00041
1.16907
0.993298
0.931194
0.924053
1.15315
0.95885
0.971718
0.989255
1.06759
1.01227
1.15541
1.03474
0.915616
0.941571
0.995885
1.10888
0.954836
0.867545
0.9537
0.922066
0.900049
1.28941
0.877539
0.903249
1.02299
0.884017
1.09496
1.28261
0.974443
1.01658
1.00513
1.12093
0.943507
1.10864
1.08017
1.00668
1.25808
0.94505
1.06551
1.0215
1.19619
1.08902
0.945599
0.926571
1.07015
0.864925
1.00318
1.02141
1.01858
0.923444
1.0892
0.940056
1.06739
1.10391
1.00257
0.94496
0.939295
1.0098
1.04919
1.04537
0.871755
1.0475
1.00035
0.866302
0.961408
1.02177
0.969178
1.02257
0.981278
1.16359
0.935544
0.944911
1.07444
0.83507
0.955702
0.942874
0.921094
1.10705
0.903751
0.995914
0.913337
1.03576
0.825306
0.930985
0.957179
0.864789
1.03537
1.01488
0.881863
1.08431
1.06988
1.21298
1.03589
1.10753
0.866801
0.99601
0.927142
1.07833
0.980508
0.999232
0.755183
0.894282
1.02776
0.952589
1.02063
0.891217
1.22541
0.769254
1.00882
0.926823
0.875069
0.981626
1.13658
1.0912
0.988732
1.0229
0.776524
0.880578
0.821869
0.824828
0.924301
1.15491
1.063
0.935249
1.00998
1.00132
1.16655
0.790186
1.13291
0.845039
0.955287
1.09039
1.17958
0.92281
1.09533
1.05961
1.05974
1.03398
1.03583
1.14063
1.03993
0.91417
0.927533
0.742004
0.847461
0.952206
0.936715
0.945488
0.961026
0.992581
1.07844
0.973926
0.839575
1.06035
0.859338
0.969786
1.02882
1.13724
0.927957
1.02827
1.04598
1.03533
0.856672
0.937966
1.01678
1.00215
1.21811
1.03324
1.14231
1.10221
0.785617
0.83212
0.974918
0.958307
0.886401
0.92811
0.849361
1.13642
1.00784
0.925501
0.985514
1.09223
1.08437
1.20221
0.950406
0.959391
0.912278
1.05171
1.18531
0.874732
0.989917
0.914749
0.880057
1.08571
1.05211
0.918426
0.903339
1.2381
0.967286
0.946063
0.954095
0.967726
0.876007
1.09323
0.875885
1.14539
1.12544
1.06475
1.03169
0.977285
1.04255
0.923312
0.996374
0.981877
0.950461
1.08888
0.955183
1.09713
0.997549
1.08217
1.1705
0.887203
0.998553
0.900635
1.00662
0.910693
0.995384
0.990391
0.881179
0.803491
1.01571
1.14881
1.073
1.06534
1.06826
0.975397
0.887489
0.880354
1.16394
0.95343
0.964932
0.899163
1.0091
0.849575
0.986686
0.997828
0.978039
0.843989
0.966628
1.03601
0.87593
1.05793
0.999125
1.07917
0.81149
1.00208
1.13267
0.968268
1.14234
1.04585
1.04398
0.971738
0.943078
1.09949
0.968494
1.0015
0.869485
0.966817
0.948671
0.962227
0.91722
1.09616
0.991447
0.995335
0.953123
0.98118
0.852562
0.952361
1.08999
0.945846
1.02001
1.09093
1.04115
1.06561
0.928434
0.896701
0.990741
0.981732
0.84705
0.913623
1.14839
0.860284
0.837387
0.884696
1.04907
0.976969
1.04187
0.878646
0.934335
1.13357
0.945163
0.943985
0.89398
1.06887
0.891647
0.876753
0.949315
1.0659
1.04029
1.17227
1.05488
1.11323
1.05506
0.917335
1.00528
0.957522
1.02994
1.06185
0.900921
1.01636
0.821867
0.891927
1.0506
1.04768
0.996699
0.964447
1.00199
0.82983
0.921521
1.14109
1.22971
1.12886
1.11156
1.11864
1.22538
0.899428
1.05293
1.0728
1.01954
0.853893
0.841539
1.09866
0.962528
0.898973
0.970352
0.902706
1.05261
0.910923
1.10268
0.874074
0.9654
1.25868
0.994732
1.06319
0.82118
1.14239
0.815559
0.971473
0.847082
0.782345
0.993329
1.07768
1.00919
0.9058
0.993524
1.10513
0.909678
1.03184
1.08695
1.22183
0.859688
0.993031
0.848718
0.891391
1.08857
1.186
1.20397
1.00707
0.92568
1.01796
1.03073
0.957334
1.01654
1.01657
0.884072
0.868129
0.954906
0.91995
1.04026
1.05482
1.04425
1.0163
1.02586
0.870151
1.00573
1.01812
0.92283
0.916774
1.15721
1.20092
1.06719
1.01983
0.854488
1.29328
1.20049
0.910769
0.899018
0.851902
1.01545
0.924884
0.985944
0.990152
0.959799
0.99219
1.08294
1.01955
0.991552
0.97704
1.06706
0.915255
1.09493
0.923685
0.914412
0.96229
1.04722
1.07992
1.05229
0.980063
1.17777
0.913078
0.837969
0.989187
1.12194
0.987844
1.03141
1.07757
0.834106
0.947247
1.26344
1.1013
0.823392
1.02162
0.910241
1.00256
1.11133
0.853903
1.1601
0.976719
1.12115
1.12856
1.0091
1.06499
0.959956
0.851947
0.792373
0.914367
1.07288
0.858254
1.05295
0.941562
0.857154
0.842854
1.03836
1.04156
1.07325
1.14518
1.13347
0.892866
0.987687
1.05614
1.11327
1.0055
1.11208
0.839655
0.951012
1.236
0.947847
1.04055
1.04663
0.925433
0.968854
1.11282
1.15035
0.995239
1.15429
0.978234
0.972455
0.967138
1.00298
1.05456
1.18869
0.984037
1.03492
1.04907
0.959921
1.05405
0.913206
0.980042
1.14422
0.972991
0.898187
1.14026
1.08814
1.03047
0.877529
0.893791
1.06773
1.16689
0.746341
1.10845
1.01371
1.01573
0.910678
1.07161
1.03265
0.987269
1.09827
0.843986
0.982771
1.0373
0.960936
0.96336
1.09647
0.883217
0.956134
1.05307
1.02688
0.888373
0.893047
0.994541
1.06769
1.04746
0.974956
1.07151
1.00426
1.04609
0.909445
0.900503
0.975006
1.04902
1.11858
1.12249
0.94962
0.916606
0.927683
1.00145
1.00011
0.962899
0.848293
1.15557
1.11207
1.03754
1.196
1.01552
0.952612
1.03537
1.029
0.883544
0.899648
0.993703
0.993967
1.11127
1.24341
1.09288
0.986735
0.905278
1.07795
0.928238
0.876753
1.12298
1.18116
0.943197
1.03457
0.824617
0.85695
0.899981
0.969434
1.02867
1.20078
0.820617
1.11398
0.82684
1.00966
0.85139
1.1455
0.980754
0.9295
1.08085
0.978297
0.955834
1.07641
0.912247
1.08101
0.933
0.910781
0.998961
0.906208
1.05355
0.975931
0.942833
0.951019
1.0146
1.01334
0.948717
1.0168
1.0193
0.971505
0.971137
1.03798
1.11097
1.0906
1.13168
1.08965
1.17522
1.20017
0.959142
0.95331
1.00937
1.04033
1.17003
0.897086
1.01249
0.982137
0.979623
1.05871
0.95192
0.99925
0.979327
1.02224
1.12451
0.861811
1.0352
0.942625
0.967442
0.961479
0.872308
0.94401
1.03379
1.0313
0.987116
0.945806
1.14974
1.17325
0.935576
0.908148
0.839744
0.747108
0.951921
1.02555
0.873317
0.866037
1.01796
1.07881
1.04907
1.09071
0.906846
1.10425
1.00545
1.07377
0.961604
0.947346
0.935348
0.944819
1.03684
0.946919
0.997567
1.08683
1.16299
1.02718
1.11973
1.1166
0.958552
0.931109
0.77149
1.19643
0.962769
1.018
1.11543
1.0437
0.900998
1.02234
0.970583
1.02469
1.05932
0.989381
1.12752
0.934982
1.07317
0.81477
0.802743
1.12729
1.09154
1.0225
1.05707
1.05446
0.987099
1.0918
0.979961
1.11614
0.969727
1.06738
1.0259
0.983869
0.950605
0.933345
1.04009
0.982173
0.80425
0.778913
0.989481
0.926412
0.852563
1.14443
1.04494
1.03524
1.09078
0.870452
0.867895
1.10144
0.95303
0.848417
0.981971
1.16736
1.04237
1.10042
1.01418
1.13332
1.07619
0.960439
0.924983
1.01982
0.959417
0.927608
0.938642
1.09696
0.901952
0.969872
0.92646
1.01649
0.849491
0.800708
0.937384
1.02194
1.15952
0.964532
1.05164
0.84099
1.00199
0.860509
1.06245
1.00995
0.938089
1.04473
0.702913
0.796795
0.859068
0.870891
0.972593
0.951257
0.932113
0.970157
0.931728
0.836207
0.930097
1.15482
0.953652
0.900307
0.989634
1.16323
0.931022
1.00503
0.873295
0.868585
0.990916
1.0768
0.991335
0.971663
0.893085
1.00036
1.02436
0.9041
0.94212
0.985488
1.02357
1.03438
0.91483
0.996132
1.06714
1.0567
0.962869
0.881114
0.88702
0.819809
1.11427
0.942349
0.999107
0.870676
0.822042
0.922051
0.963559
0.843907
1.08535
1.10116
1.02117
1.05271
0.887183
0.91963
1.07063
1.00946
1.09629
0.86468
0.975001
0.844858
0.991564
1.18321
1.0929
0.90619
0.905838
1.14082
1.02207
0.945824
0.890269
0.966697
1.20024
1.0401
1.0934
1.05607
0.914189
0.966971
0.951931
0.96046
0.856382
1.0673
0.953773
0.908276
0.89447
1.04908
0.999438
0.942726
0.943251
0.962011
1.064
1.03015
0.959202
0.864858
1.13665
1.19383
1.10488
0.903144
0.931119
1.06743
1.03861
0.852587
0.908865
0.835707
0.917974
0.889916
0.902455
0.995828
0.98169
0.978174
1.04089
0.994298
0.842788
0.923024
1.13728
1.10559
1.03187
1.05307
0.980649
1.20052
0.957993
1.02598
1.00055
1.08304
1.04486
1.16134
1.1172
1.0083
0.981886
0.951511
1.04493
0.970442
0.906569
1.1078
1.13559
1.03385
0.986132
1.1575
0.80942
0.965483
1.2035
0.968559
0.899455
0.951713
0.927898
0.941456
0.913426
1.15325
0.931402
1.00972
1.22428
1.09172
1.03921
0.851883
0.967614
1.16034
1.01719
0.933089
0.864185
0.898877
1.09974
1.07525
0.919982
0.996925
0.953467
0.978128
0.921202
1.0429
0.941545
1.0095
1.07582
1.05026
1.06537
0.906536
1.05481
1.03315
0.945512
0.972369
0.88747
1.13753
0.819741
0.95669
1.00985
0.996354
0.939013
1.08705
1.02912
1.05652
0.980731
0.928499
0.989856
0.849903
1.05467
1.0215
0.94624
0.954021
1.02289
1.00524
0.960345
0.937887
0.91323
0.936475
0.964613
1.0806
0.963586
0.92493
0.939658
0.86878
0.994492
1.01314
0.829789
1.17803
1.13
0.948309
1.13001
0.837137
0.837148
0.985839
1.00341
1.05155
0.935704
0.970778
0.969405
1.01049
0.952676
1.11992
1.03868
1.10229
1.08387
0.944964
1.04802
1.14986
1.28762
1.13169
0.876717
0.916897
1.0148
1.07472
1.1201
1.14119
0.903931
0.937408
1.00792
0.881206
0.909518
1.1018
1.00337
1.07031
0.943733
1.19136
1.11564
1.10849
0.890478
1.03704
0.895922
0.926487
0.992136
0.895801
1.1014
1.04902
1.1255
0.995876
0.965725
1.05
1.07097
1.01361
1.02912
0.990754
1.07678
0.893023
0.890355
1.11191
0.908491
0.983826
0.983762
1.12423
1.01555
1.01496
1.01059
1.00736
0.932769
1.05307
0.953018
1.3338
1.02937
1.02899
1.0746
1.13599
0.817628
1.17424
1.03704
1.04019
0.916743
1.02507
1.02768
1.12863
1.18767
0.946986
1.07132
0.946286
0.919785
0.852668
1.11712
0.991595
0.835238
1.0393
0.980167
1.07332
0.967479
1.02609
0.95369
0.967718
0.924053
1.06265
0.995139
0.902756
1.09997
1.02537
1.09833
0.924252
0.999727
0.886011
1.03219
1.12744
0.927736
1.11844
1.05309
0.734053
0.979043
0.92993
0.920483
0.977095
1.12433
1.15476
0.897378
0.965204
1.14885
1.22293
1.02416
0.995579
1.06802
1.07736
0.947222
0.892324
0.907096
0.90626
0.891595
0.971961
1.07954
0.865111
0.988473
0.907312
1.00528
0.935053
0.956688
1.02316
1.13176
1.04026
0.879146
0.879933
0.872903
1.03434
0.998262
0.89177
0.955701
1.01557
0.908317
1.02393
0.996507
1.19803
0.894633
1.16083
0.827902
0.928202
0.837679
0.865194
0.979861
1.20459
0.946207
1.0154
1.05627
0.815909
0.936163
0.801624
0.973957
0.868929
1.08914
1.02438
1.0563
0.92902
1.16562
0.958705
0.964725
0.931284
0.892636
0.849335
1.22834
0.894995
0.988249
0.945638
1.0302
1.09837
1.07005
1.05717
1.24064
0.96545
0.833957
0.747741
0.846814
0.963119
1.03268
0.911492
1.06292
1.08222
0.938724
1.05896
0.975168
1.01808
0.825842
0.903255
0.995761
0.917631
1.01003
1.14987
1.06631
0.902113
1.02894
1.08837
1.09699
0.7934
0.972598
0.934635
0.955166
0.907305
0.882148
1.13657
0.944149
1.00629
1.11465
0.965283
0.951817
1.05587
0.927806
1.04755
1.08824
0.831314
0.847135
0.932423
1.13792
0.982427
0.79973
1.02575
0.974224
1.03764
1.0239
1.05836
1.16283
1.1014
0.991892
0.991569
1.065
1.0942
1.09204
0.861473
0.963226
1.04641
1.0947
1.02031
0.914697
1.00826
1.14368
0.829067
0.974907
1.10708
0.835186
1.18424
0.972084
0.902893
1.12434
0.900123
0.891064
0.889824
0.935579
1.21495
0.889591
1.05159
1.15224
0.890084
0.967084
0.904908
0.940602
0.947662
0.711115
0.942338
0.989435
0.942322
0.998912
0.988505
1.06583
1.10139
1.16754
1.09289
1.0101
1.03749
0.968441
1.08094
1.0786
0.775591
0.970021
1.09181
0.938297
1.10916
1.06758
0.971893
0.940021
1.145
1.02175
1.04948
0.976014
1.01442
0.915114
1.12921
0.933649
0.941119
1.22811
1.20954
0.96443
0.96783
0.903478
0.975524
0.934717
1.00586
0.8744
0.982351
1.12112
0.893847
0.934282
1.04664
1.09268
0.846036
0.926348
1.13953
0.876191
0.952112
0.984744
0.970259
1.08383
1.00515
0.845553
0.955918
0.961812
0.921323
1.22203
1.14718
0.837066
0.9526
1.02453
1.02143
1.04905
1.06813
1.08171
1.11763
0.939221
0.996484
0.931881
1.00232
0.994025
1.05212
1.09314
0.962801
0.825558
1.07137
1.03622
1.11011
1.15262
1.26874
1.19069
0.876993
1.21151
0.911156
0.925063
1.14685
1.12241
0.995909
0.893357
0.938359
0.996677
0.9814
0.987735
0.974231
1.20266
0.940147
1.03251
1.10229
0.955665
0.961365
1.13159
0.779655
0.908289
1.03012
0.982436
1.13428
0.924863
1.06229
0.959169
0.983108
0.9462
0.922124
1.10165
0.992247
0.90592
1.0838
1.04969
0.90324
0.930963
1.13691
0.913493
0.966487
0.96194
1.0599
1.02234
1.09739
0.976662
1.06392
1.11572
0.942728
0.961661
1.22425
0.898033
1.23454
0.962701
0.917972
1.2303
0.90545
0.904981
0.883459
1.05159
1.08026
0.914495
1.21977
1.09022
0.84597
0.950978
1.10969
1.16217
1.08024
1.12148
1.00041
0.974121
1.04128
1.14052
0.93584
1.01561
1.29483
0.898604
1.03857
0.790204
0.858487
1.08704
1.21373
1.01829
0.918917
0.949172
0.90081
1.0687
1.00772
1.07459
1.04969
1.24134
0.952052
0.947872
0.862392
1.00196
1.01724
0.981025
0.965024
0.933525
1.06159
0.981772
1.07504
1.07027
0.895448
0.960183
0.993732
1.11594
0.953195
1.12008
0.92607
1.02352
0.88226
0.885967
0.938522
0.868022
1.1089
0.943519
1.15761
1.11729
1.12297
1.04989
0.866272
0.90491
0.939729
1.13112
0.909342
0.94169
0.97066
0.927497
0.990398
0.892474
1.06987
0.965753
0.911641
1.06882
1.02773
0.90323
1.06921
1.02044
0.954461
0.941952
1.05161
1.05817
0.956957
1.10306
1.05688
0.850858
1.18813
0.932103
1.04735
1.07968
0.878063
1.02025
1.13252
0.987684
0.91555
1.03324
0.911805
0.821457
1.15027
0.715294
1.02658
0.984857
1.01463
1.07085
0.986622
0.97551
0.867238
0.870476
0.955127
0.883989
0.952857
0.915576
1.07758
1.10431
0.951897
0.889828
1.02142
1.04158
0.858739
0.95954
0.932567
0.803576
1.04138
1.0459
1.11247
0.94202
1.14099
0.967646
1.08755
0.998486
1.12321
1.02608
0.807532
0.966622
1.05307
1.14044
1.06679
0.952767
0.863536
0.984789
0.928805
1.01245
1.21073
1.1431
1.06754
0.903099
0.945751
1.17207
1.02353
0.995245
0.96706
0.989049
0.969534
1.10388
1.0759
1.18576
0.93942
0.940132
0.923571
1.20687
0.998443
1.04503
0.896559
0.87846
0.993585
0.990128
1.10217
1.12313
1.03765
0.860849
0.994345
1.13638
1.14179
0.905766
0.944558
0.986248
0.91049
0.981324
1.06179
1.00194
0.975714
1.08805
1.03104
0.852437
0.874123
0.973829
0.74748
0.86569
0.957886
0.906796
1.26617
0.85286
1.01716
0.991299
1.23397
1.05516
0.913689
1.04513
0.88824
0.836299
1.18522
1.05739
1.05104
0.989925
0.902457
0.894047
0.822504
0.846288
1.12634
0.834509
1.09537
1.12895
0.914173
0.887816
1.11344
0.889081
0.983877
1.10467
1.05229
0.898471
1.05858
1.11043
0.926973
1.05554
1.01276
0.967427
1.02616
1.10561
1.3167
0.974889
1.13604
1.06014
1.05926
0.895792
0.824094
1.04821
0.851224
0.903908
1.12341
1.14586
0.964607
0.923691
1.01437
1.15389
1.06038
0.981149
1.06235
0.935153
0.860539
1.04559
0.9748
0.875507
0.907452
1.16292
1.04899
0.869834
1.06592
1.09656
0.968865
1.11518
0.971538
0.870963
1.0326
0.948178
0.920775
0.976396
0.838022
0.907344
0.934582
0.919313
1.02669
1.00945
0.870749
1.07447
1.07503
0.909123
0.86274
0.947664
0.892923
0.975905
1.03445
0.979621
0.982367
0.90435
0.996266
0.86294
0.986984
1.07328
0.910023
1.04075
0.81127
1.02082
0.972444
0.918929
1.05788
0.912881
0.954435
1.0269
0.819033
1.08688
0.81388
1.04607
1.08164
0.898923
1.02423
0.952848
1.03044
1.09429
0.920234
1.0351
0.950284
1.09282
1.13667
0.930518
1.05359
0.951617
0.962886
0.984867
0.978208
0.887545
1.04347
0.858539
0.976647
1.03196
0.922546
0.964667
0.876987
1.03472
1.06542
1.1263
0.976125
0.971862
1.15366
1.16591
0.912801
1.03499
1.1155
1.02748
1.18481
1.01967
1.00065
0.901976
1.05795
0.984583
1.01567
1.09646
1.04091
0.893278
0.987066
1.03135
0.980756
1.14846
0.947403
0.990925
1.04771
0.952387
1.00187
1.0062
0.837678
0.909704
1.02226
1.05181
1.0011
1.14529
1.10911
0.985404
0.998882
1.04671
1.01675
0.894125
1.03695
1.04401
0.938294
1.11589
0.830198
0.805976
1.03522
0.870431
1.03492
0.952075
0.943664
0.966485
1.02572
0.891976
1.07711
1.05703
1.10635
1.00208
0.939602
1.20378
0.961096
0.913058
0.939051
1.07043
1.13526
0.941899
1.17383
0.923586
0.926674
1.05005
1.28653
0.994052
0.888271
0.916624
0.993798
0.911462
0.924671
1.00345
0.913788
0.965821
1.08299
0.895237
1.21033
0.881548
0.91046
0.988198
0.961647
0.94384
0.967664
1.0484
1.11172
1.07031
0.896375
0.906524
1.0306
0.825222
0.864024
0.884308
0.982314
1.02029
0.743407
1.10135
0.833916
0.881977
0.917544
1.03233
1.00699
1.01137
1.01037
0.982777
0.806297
0.922475
0.822112
0.815528
1.1124
1.10698
0.975063
1.23203
1.04112
1.00426
1.03348
0.989478
1.08511
1.02254
1.02471
1.08648
0.976583
1.04203
1.08872
1.03721
1.07413
1.09563
0.965999
1.09955
0.916519
0.981088
0.948476
1.02236
1.08985
0.943238
1.06275
0.868385
0.958722
1.11585
0.91495
1.03226
1.20788
1.06726
1.08205
0.969263
0.956623
0.965554
0.893336
1.07021
1.02283
1.03424
1.15832
1.12388
0.910836
1.10774
0.914797
1.12233
1.10979
1.13006
1.0231
1.05153
1.01398
1.02342
0.761584
1.03232
0.921442
1.16006
1.07655
0.988451
1.02495
1.10486
0.919367
0.919455
1.20953
0.857901
0.972656
0.976202
0.790181
1.17197
1.14809
1.17797
0.924919
1.02307
1.05121
1.23892
0.998628
1.09072
0.956412
0.909688
0.940965
1.13694
0.969686
0.952625
1.06217
0.766874
1.02303
0.854232
0.917452
1.08002
0.899479
0.953737
0.966278
1.03161
1.1107
0.889443
0.831002
0.945135
1.09139
0.950788
1.28956
1.01071
0.830339
0.954039
0.862091
0.989931
0.971955
0.95295
1.10385
1.06605
0.980649
0.974995
0.758027
0.938896
0.937267
1.05384
1.01615
1.12294
1.05276
0.955692
1.062
1.07153
1.15459
0.884153
1.11982
0.938686
1.03967
0.99135
1.09819
0.855761
1.04117
1.10043
0.819946
0.935022
1.12695
1.08371
1.03321
1.05275
0.928759
1.00179
1.11154
0.917219
0.94377
1.06138
0.92877
1.04757
1.01408
0.935151
0.933567
1.02884
0.967474
1.0231
0.958088
0.852291
0.867174
1.00023
1.09329
0.808192
1.12223
0.998145
0.862019
1.01688
1.0465
0.860294
0.866178
1.09437
1.10655
1.02613
0.99913
0.971895
1.0808
1.19891
0.74139
0.984436
1.03564
0.943146
1.08821
1.09414
0.990741
0.961917
1.04733
0.879206
0.950362
1.07453
1.14102
1.0456
0.924308
0.984273
1.08824
1.01999
0.971606
0.86842
1.03867
0.790948
1.10103
1.06513
0.989787
0.908487
1.04307
0.873102
0.957484
1.14381
0.957134
1.05417
0.963149
1.16159
0.964649
0.884128
1.07493
0.813505
1.00294
0.780689
0.959096
0.92612
0.963804
0.922945
0.932344
0.876196
0.883414
1.00342
0.935425
0.920445
1.09047
1.01422
1.19009
1.0665
0.917421
1.12039
0.922135
1.14751
0.967857
1.0506
1.12731
1.06304
1.01157
0.908898
0.938365
0.90082
0.934205
0.963392
0.988517
0.982803
0.999505
1.00361
0.915954
0.930179
1.10972
0.915954
1.07488
0.956503
0.834664
1.04667
0.990129
0.992626
1.10321
1.18034
1.04266
1.06929
1.00817
1.07269
1.06123
1.04651
1.05696
1.10208
1.16159
1.04715
1.18308
0.839176
1.02009
1.02117
1.09557
1.00882
1.07393
0.862996
1.12511
1.07182
0.947486
1.00591
0.962275
0.878704
1.15674
1.05625
1.05052
1.08473
1.00055
1.2091
0.898899
1.04033
1.04636
1.04959
0.838891
0.979557
1.10113
1.0518
0.97912
1.05073
0.889086
1.02761
0.995986
0.93335
0.935531
1.10405
1.01687
1.09761
1.2585
1.04752
1.13915
1.13548
0.902714
0.962254
1.06541
0.999218
0.989524
1.09491
0.990092
0.958534
0.961873
1.15382
0.874376
1.04986
1.15955
1.01076
0.886838
1.10837
1.06586
0.947014
0.820504
1.07575
0.921425
1.07078
0.841033
0.927862
1.06682
0.985993
1.01498
1.27775
0.980458
1.05029
1.03168
1.08088
1.12083
1.11423
0.855324
1.02544
1.00971
0.809461
0.932816
0.910729
1.12954
1.08643
1.0695
0.947507
0.843267
1.02115
0.980967
1.02175
0.953656
0.92171
0.781848
1.26324
1.05853
0.877967
0.868873
0.974372
0.952794
1.03351
1.01549
0.863196
0.970907
1.11609
1.17235
0.960282
0.988547
0.878329
1.02894
1.07339
0.876006
1.18525
1.12794
1.02619
1.1953
0.849721
0.93532
0.76668
0.955717
1.21436
0.750473
1.40015
0.854977
0.937281
0.954685
0.887037
1.13231
0.92846
1.01193
0.826726
1.03761
1.12379
0.785396
1.01672
1.01597
