0.487276
0.504435
0.522333
0.49714
0.545208
0.517897
0.414927
0.531828
0.510468
0.546296
0.49662
0.483326
0.540729
0.512173
0.472254
0.487648
0.498177
0.498391
0.483355
0.522884
0.486046
0.519573
0.524903
0.531099
0.554832
0.531179
0.495212
0.48632
0.485058
0.503116
0.435802
0.485475
0.473473
0.444732
0.458133
0.48917
0.499541
0.518095
0.474082
0.509179
0.499124
0.496405
0.497037
0.509509
0.492205
0.484439
0.440476
0.497931
0.521544
0.507885
0.510916
0.534843
0.519137
0.508448
0.552102
0.486342
0.547348
0.491608
0.457305
0.488377
0.441605
0.523895
0.54662
0.498868
0.511508
0.516559
0.466121
0.49465
0.477253
0.542516
0.545761
0.530134
0.498226
0.503439
0.522883
0.484549
0.450656
0.483866
0.50823
0.484641
0.521186
0.529214
0.531305
0.519706
0.473259
0.454552
0.521989
0.495839
0.523172
0.531034
0.485261
0.486254
0.492688
0.496841
0.465912
0.55458
0.485074
0.479529
0.540131
0.467972
0.521439
0.466644
0.480816
0.506947
0.524256
0.541482
0.493518
0.528796
0.554934
0.490875
0.519862
0.491455
0.502311
0.461871
0.52534
0.574713
0.498963
0.504185
0.518341
0.545628
0.492179
0.505295
0.557299
0.545022
0.516494
0.445066
0.472826
0.531949
0.474649
0.486764
0.55172
0.492975
0.443856
0.491341
0.509701
0.503192
0.524234
0.481875
0.499774
0.485792
0.536307
0.515018
0.493071
0.46712
0.534419
0.476356
0.489068
0.494049
0.492964
0.496524
0.492038
0.520566
0.552283
0.454985
0.550614
0.480445
0.531119
0.518314
0.517357
0.502879
0.492501
0.47989
0.50517
0.497941
0.509924
0.497854
0.517469
0.508759
0.470717
0.488215
0.478958
0.467272
0.483453
0.49998
0.523902
0.460451
0.476294
0.509171
0.548759
0.483841
0.453136
0.468631
0.526055
0.489329
0.554434
0.470454
0.506378
0.533981
0.519574
0.477958
0.535352
0.516846
0.507682
0.544039
0.512489
0.460593
0.533725
0.472805
0.448771
0.504857
0.516799
0.501355
0.509852
0.528166
0.547464
0.528573
0.471751
0.535329
0.501008
0.537829
0.515905
0.507161
0.533517
0.530445
0.520471
0.489411
0.51762
0.546807
0.544733
0.557779
0.504782
0.552002
0.543507
0.50589
0.511035
0.492849
0.518409
0.5031
0.483003
0.523203
0.44286
0.509016
0.471111
0.464402
0.537713
0.521596
0.506842
0.487743
0.494364
0.475707
0.53092
0.465844
0.462227
0.499023
0.459308
0.489788
0.507462
0.532124
0.513866
0.448906
0.519799
0.489685
0.504575
0.510083
0.524367
0.459622
0.490185
0.583465
0.525385
0.427073
0.444163
0.511433
0.528588
0.540081
0.572822
0.507722
0.509273
0.453878
0.482502
0.493566
0.472835
0.540605
0.472678
0.527739
0.574669
0.521386
0.48187
0.467363
0.456304
0.467598
0.473233
0.536367
0.454668
0.478236
0.4667
0.528466
0.461327
0.480222
0.524548
0.541537
0.508599
0.498565
0.487273
0.560264
0.479404
0.543218
0.496637
0.493934
0.487736
0.469521
0.512773
0.52625
0.546611
0.51911
0.482214
0.504042
0.460397
0.488149
0.503726
0.501753
0.478374
0.489783
0.498821
0.448564
0.49641
0.527662
0.503816
0.535049
0.463632
0.477437
0.520327
0.47622
0.530955
0.523077
0.461063
0.507844
0.528361
0.544908
0.507798
0.502914
0.497783
0.476227
0.518392
0.465131
0.478484
0.475378
0.519748
0.506286
0.501805
0.540159
0.523564
0.534422
0.502146
0.491445
0.511766
0.549626
0.511067
0.462889
0.528493
0.514361
0.461375
0.533581
0.45551
0.495176
0.468085
0.530548
0.477926
0.482704
0.503109
0.457954
0.477085
0.496795
0.500569
0.479894
0.527512
0.543678
0.499599
0.513635
0.554789
0.472011
0.461511
0.520203
0.501231
0.524714
0.508197
0.47917
0.53624
0.523438
0.528656
0.514533
0.478213
0.452559
0.510502
0.458539
0.524874
0.519572
0.503343
0.490363
0.478916
0.488752
0.490897
0.466475
0.525815
0.474964
0.498724
0.519609
0.510696
0.50449
0.51445
0.493173
0.561131
0.459763
0.497356
0.548012
0.522738
0.484857
0.4542
0.538363
0.504455
0.51864
0.478168
0.533905
0.47037
0.502434
0.477804
0.524764
0.534981
0.499082
0.532807
0.50635
0.428749
0.510281
0.503574
0.48091
0.540841
0.509064
0.521352
0.492655
0.49592
0.534298
0.445881
0.483354
0.481857
0.504092
0.487407
0.535261
0.525257
0.484956
0.519931
0.478245
0.541657
0.513629
0.512572
0.51801
0.487273
0.508406
0.475926
0.502275
0.519182
0.526885
0.480283
0.471781
0.490803
0.446963
0.492592
0.473015
0.549556
0.547995
0.499031
0.489509
0.523571
0.478964
0.510082
0.498609
0.494334
0.470556
0.514955
0.550569
0.532123
0.448
0.552262
0.446856
0.511131
0.521556
0.493807
0.504545
0.491139
0.491528
0.518359
0.453662
0.482615
0.444667
0.512298
0.484371
0.47212
0.528851
0.513997
0.470864
0.514886
0.502912
0.488816
0.518839
0.47145
0.488478
0.501599
0.513434
0.44522
0.500718
0.463516
0.474496
0.487832
0.464856
0.500169
0.506057
0.489199
0.495331
0.497789
0.456902
0.549099
0.524481
0.464447
0.469083
0.507205
0.527617
0.553106
0.461277
0.438402
0.511378
0.513438
0.483851
0.510296
0.512226
0.499235
0.472509
0.529769
0.481963
0.488321
0.497397
0.495457
0.467146
0.491831
0.494547
0.543044
0.519274
0.509723
0.516525
0.530219
0.512618
0.51941
0.489165
0.458197
0.476578
0.52438
0.481263
0.506663
0.519433
0.479685
0.534101
0.469014
0.51036
0.521164
0.457688
0.43479
0.496605
0.505289
0.460574
0.466151
0.532674
0.456491
0.480133
0.505276
0.478416
0.528864
0.480171
0.499578
0.522884
0.499098
0.512755
0.481587
0.510836
0.537533
0.501111
0.500388
0.538765
0.514201
0.450495
0.481487
0.467318
0.466736
0.483889
0.481982
0.506992
0.527022
0.499405
0.487907
0.483972
0.463456
0.526285
0.500633
0.512995
0.505701
0.516344
0.529194
0.504109
0.508806
0.507759
0.505419
0.520197
0.453566
0.508061
0.498737
0.502161
0.519998
0.503212
0.497539
0.538615
0.5308
0.489644
0.483965
0.46698
0.471687
0.486127
0.488997
0.51285
0.52546
0.542349
0.464722
0.534504
0.476688
0.531083
0.490662
0.509442
0.45389
0.530803
0.521015
0.499809
0.51607
0.455646
0.50971
0.453605
0.5305
0.489576
0.500137
0.418525
0.538619
0.471632
0.486429
0.505334
0.506918
0.499139
0.553169
0.487633
0.509689
0.535747
0.510408
0.474891
0.470523
0.511188
0.530851
0.525637
0.489412
0.489605
0.496101
0.487659
0.53235
0.503349
0.518832
0.502111
0.480295
0.47911
0.46776
0.51838
0.474371
0.49325
0.482296
0.526615
0.534186
0.473228
0.50375
0.45476
0.516146
0.471979
0.519959
0.476998
0.498619
0.552126
0.53023
0.500455
0.520859
0.526907
0.457442
0.527061
0.522529
0.52468
0.504221
0.487426
0.460721
0.503891
0.510023
0.503611
0.481345
0.525372
0.536038
0.487677
0.521749
0.538854
0.454758
0.462875
0.531462
0.500553
0.501105
0.50436
0.497923
0.428732
0.501983
0.4663
0.494077
0.45408
0.521137
0.542259
0.464714
0.491808
0.526185
0.475723
0.508414
0.482331
0.494706
0.527649
0.491993
0.507405
0.546254
0.507915
0.464308
0.518599
0.557175
0.50753
0.496307
0.514974
0.515104
0.538504
0.524184
0.466851
0.49001
0.478232
0.502539
0.472535
0.498675
0.485273
0.494389
0.504871
0.479467
0.453404
0.494933
0.484513
0.534304
0.480824
0.465917
0.476775
0.494654
0.451368
0.537504
0.478937
0.478477
0.514631
0.494497
0.504897
0.484965
0.491853
0.493814
0.514016
0.473952
0.524458
0.470066
0.491059
0.506893
0.462106
0.486133
0.50409
0.536256
0.567153
0.445605
0.527205
0.500221
0.492371
0.473961
0.564964
0.499561
0.468823
0.505364
0.49542
0.483573
0.490752
0.501943
0.518601
0.481934
0.484376
0.462449
0.497319
0.499362
0.507444
0.557141
0.497205
0.489959
0.506446
0.495794
0.542808
0.498095
0.518341
0.505693
0.556672
0.502735
0.533684
0.496499
0.508229
0.482058
0.538021
0.498844
0.499417
0.495256
0.448433
0.483554
0.473871
0.538385
0.492102
0.50835
0.496576
0.541151
0.483771
0.488926
0.54086
0.431487
0.498979
0.491257
0.559583
0.474816
0.479936
0.49203
0.557424
0.494866
0.500929
0.484059
0.49112
0.492909
0.560116
0.483571
0.534536
0.502304
0.534596
0.526226
0.495451
0.495224
0.485624
0.558761
0.500923
0.478422
0.490849
0.543112
0.528115
0.504942
0.510445
0.439914
0.457457
0.488617
0.504016
0.468232
0.495011
0.428254
0.475151
0.498411
0.470925
0.448371
0.550491
0.494918
0.500845
0.473359
0.510204
0.496044
0.547161
0.501945
0.50672
0.517352
0.506959
0.488839
0.488623
0.485734
0.513565
0.53043
0.516556
0.480968
0.508535
0.491409
0.488029
0.501625
0.500994
0.479195
0.507994
0.472234
0.531169
0.483039
0.532069
0.538548
0.455021
0.484687
0.529281
0.487807
0.546823
0.507455
0.45121
0.460867
0.586581
0.440627
0.524397
0.493063
0.459157
0.486012
0.492909
0.520697
0.521981
0.523566
0.507915
0.470003
0.508224
0.51294
0.491163
0.525494
0.532294
0.447825
0.489232
0.554532
0.564554
0.459977
0.465424
0.485026
0.422117
0.489801
0.526182
0.563114
0.502601
0.510356
0.5189
0.487713
0.497719
0.481662
0.438013
0.468805
0.523574
0.482189
0.516222
0.466346
0.474548
0.4944
0.457751
0.496656
0.527636
0.551212
0.470493
0.503182
0.544126
0.470273
0.523932
0.498494
0.425482
0.542907
0.569708
0.504406
0.500312
0.514615
0.521707
0.497076
0.539294
0.474005
0.512547
0.453979
0.51494
0.517021
0.523332
0.49962
0.493063
0.523357
0.513553
0.516856
0.492835
0.441912
0.518018
0.470714
0.502295
0.442186
0.457669
0.501573
0.536203
0.558468
0.501173
0.514588
0.463089
0.523708
0.474165
0.492222
0.528397
0.49994
0.523003
0.466778
0.440584
0.492132
0.469931
0.489789
0.527052
0.48234
0.526502
0.565151
0.536791
0.461036
0.492152
0.432872
0.486604
0.452497
0.504803
0.490311
0.527794
0.531113
0.470348
0.507778
0.510179
0.4855
0.517919
0.495381
0.480326
0.497295
0.507798
0.507985
0.480856
0.461502
0.498846
0.435158
0.527721
0.505258
0.502337
0.472988
0.522307
0.481914
0.49905
0.524639
0.535245
0.517286
0.506524
0.506518
0.478813
0.504961
0.493321
0.486935
0.474791
0.507529
0.497192
0.51413
0.484653
0.520621
0.484012
0.460541
0.488964
0.466622
0.474365
0.540178
0.462868
0.484937
0.564643
0.476
0.434527
0.545686
0.489553
0.464149
0.533401
0.513702
0.552885
0.511927
0.495231
0.519702
0.51343
0.446388
0.460611
0.51552
0.492921
0.53042
0.494017
0.540259
0.512871
0.503189
0.470167
0.544247
0.487177
0.491833
0.494594
0.497677
0.467379
0.461259
0.445304
0.520794
0.517431
0.508939
0.532388
0.522511
0.494878
0.511567
0.472471
0.524325
0.495296
0.500456
0.484872
0.506418
0.496886
0.502555
0.526342
0.482806
0.54208
0.473951
0.541268
0.472413
0.503058
0.482737
0.504205
0.562953
0.508018
0.478124
0.511623
0.564487
0.47511
0.502663
0.479729
0.499535
0.500879
0.474462
0.53526
0.496611
0.550113
0.476263
0.526101
0.464065
0.503954
0.548267
0.40861
0.501104
0.463164
0.531564
0.438542
0.51286
0.453408
0.499064
0.522409
0.506391
0.509434
0.480783
0.526198
0.464479
0.515021
0.50038
0.468277
0.504117
0.565584
0.539797
0.493401
0.446532
0.530288
0.478901
0.504669
0.495653
0.480566
0.466983
0.540314
0.551868
0.491909
0.493
0.512207
0.517968
0.405794
0.481435
0.49294
0.494137
0.468645
0.500641
0.508375
0.548877
0.554684
0.51056
0.532515
0.522726
0.469552
0.516666
0.501601
0.521666
0.491581
0.537044
0.444272
0.47707
0.547586
0.509442
0.534707
0.499091
0.480052
0.515196
0.475581
0.53034
0.532593
0.456895
0.50774
0.566753
0.520559
0.456662
0.533461
0.482502
0.513662
0.461919
0.510166
0.465843
0.517501
0.515524
0.491474
0.522757
0.510858
0.507147
0.482457
0.505273
0.485639
0.482761
0.515987
0.481348
0.526336
0.479117
0.447036
0.523167
0.50589
0.520097
0.461812
0.480751
0.52482
0.461794
0.488606
0.517741
0.510499
0.453216
0.49722
0.506235
0.473459
0.489478
0.573855
0.517551
0.607582
0.514357
0.478333
0.515797
0.501068
0.519088
0.520528
0.481113
0.515051
0.474279
0.482884
0.469474
0.49673
0.47181
0.485885
0.485908
0.513907
0.463605
0.533364
0.468032
0.497782
0.534134
0.494522
0.476752
0.510911
0.50354
0.459528
0.501025
0.477171
0.488254
0.535579
0.473546
0.500632
0.435966
0.520293
0.534233
0.540192
0.541853
0.529313
0.518399
0.516866
0.552905
0.524995
0.53647
0.440591
0.527254
0.473052
0.48213
0.513432
0.475364
0.544034
0.505776
0.506054
0.509955
0.526521
0.540141
0.474345
0.431554
0.478888
0.474976
0.49306
0.476528
0.516546
0.517661
0.493359
0.514482
0.5115
0.526614
0.491118
0.501905
0.501129
0.534379
0.472888
0.538919
0.483044
0.537269
0.486373
0.466032
0.482903
0.488436
0.452305
0.517742
0.512066
0.511239
0.494592
0.479895
0.481955
0.5298
0.44561
0.47765
0.501997
0.543602
0.523521
0.490932
0.528031
0.503019
0.498478
0.484261
0.528043
0.492653
0.464617
0.607809
0.502114
0.509341
0.474678
0.496579
0.49345
0.481718
0.52416
0.534574
0.517373
0.498214
0.511868
0.480832
0.495144
0.480338
0.473731
0.484193
0.539494
0.51816
0.51677
0.473696
0.498744
0.544829
0.430078
0.52145
0.556378
0.477027
0.549712
0.544883
0.522954
0.458223
0.504342
0.475227
0.487221
0.501607
0.548552
0.539113
0.553325
0.519575
0.510667
0.470165
0.530966
0.466641
0.50197
0.567452
0.455398
0.472653
0.54419
0.487687
0.484129
0.483188
0.492143
0.468035
0.507214
0.513998
0.478389
0.516411
0.488
0.44638
0.536787
0.486153
0.461209
0.530359
0.461824
0.521922
0.465225
0.512539
0.500583
0.503726
0.495474
0.545509
0.534243
0.545933
0.485753
0.495681
0.545967
0.468144
0.514399
0.526426
0.462065
0.474814
0.512165
0.493389
0.453304
0.510483
0.458682
0.578858
0.493239
0.487497
0.484377
0.52206
0.460437
0.4731
0.484726
0.52226
0.501477
0.502756
0.513716
0.501534
0.521599
0.466599
0.523395
0.484102
0.489863
0.495861
0.516373
0.479085
0.525719
0.506175
0.538163
0.50356
0.513836
0.474612
0.476229
0.502803
0.474086
0.517333
0.47262
0.474573
0.553547
0.54474
0.517058
0.494338
0.517399
0.520978
0.447367
0.488285
0.485596
0.464691
0.504104
0.481027
0.452184
0.517884
0.49628
0.464849
0.504136
0.519779
0.475035
0.52739
0.506593
0.522536
0.512148
0.524622
0.491362
0.515716
0.510264
0.536008
0.505575
0.476351
0.511689
0.508719
0.487361
0.481519
0.49266
0.477768
0.485418
0.510267
0.519939
0.508956
0.489355
0.501789
0.496618
0.49149
0.477677
0.536711
0.474015
0.537156
0.520302
0.518367
0.486515
0.482923
0.552461
0.520944
0.536259
0.503839
0.466883
0.491363
0.444534
0.533122
0.501113
0.511778
0.506748
0.556283
0.486861
0.489564
0.51787
0.516196
0.448246
0.521669
0.545189
0.545958
0.50581
0.50021
0.475304
0.496432
0.493175
0.506182
0.472177
0.515342
0.483229
0.468154
0.443157
0.464794
0.510703
0.552838
0.469838
0.524103
0.478022
0.494389
0.510618
0.524795
0.491299
0.489329
0.491847
0.524664
0.473356
0.533955
0.51444
0.487751
0.510638
0.491112
0.552811
0.477137
0.520898
0.483216
0.493027
0.4774
0.478529
0.488376
0.477038
0.433637
0.544419
0.536521
0.519877
0.453903
0.497202
0.532385
0.526677
0.511965
0.50278
0.46223
0.466415
0.527219
0.508988
0.441195
0.469229
0.468674
0.492289
0.448121
0.484194
0.559852
0.513357
0.42475
0.49444
0.491501
0.518437
0.446167
0.546469
0.438977
0.513346
0.529345
0.510565
0.501183
0.477003
0.516696
0.499154
0.497937
0.491349
0.491473
0.490007
0.452639
0.51454
0.511921
0.511144
0.52712
0.50429
0.52104
0.524331
0.465536
0.458231
0.46884
0.474022
0.574203
0.488171
0.453959
0.508655
0.524221
0.525125
0.501522
0.481134
0.543783
0.52199
0.474117
0.535415
0.477036
0.510744
0.502758
0.486039
0.526369
0.501039
0.514718
0.507503
0.515003
0.437066
0.505096
0.51034
0.536761
0.469572
0.539004
0.500782
0.469887
0.499885
0.471242
0.540884
0.581797
0.472854
0.54034
0.535978
0.501629
0.475542
0.513841
0.48634
0.507476
0.538581
0.521692
0.49994
0.455162
0.517035
0.514635
0.49315
0.48546
0.547674
0.424459
0.496285
0.476595
0.519504
0.52299
0.530857
0.488945
0.524455
0.4667
0.505408
0.498774
0.485085
0.523804
0.476807
0.507912
0.496185
0.540722
0.543875
0.51622
0.507148
0.494784
0.530227
0.51375
0.511992
0.560047
0.493187
0.459441
0.463901
0.463104
0.465674
0.483256
0.481163
0.485759
0.507916
0.528616
0.531379
0.511437
0.525868
0.512008
0.470817
0.482217
0.493225
0.556658
0.545796
0.473353
0.513887
0.507115
0.46295
0.522153
0.471756
0.511652
0.535283
0.528108
0.55475
0.479338
0.470855
0.471133
0.509892
0.478663
0.540996
0.514794
0.496366
0.504594
0.504918
0.521406
0.5134
0.450928
0.487596
0.51587
0.479863
0.534828
0.507793
0.545119
0.522443
0.50041
0.583112
0.560068
0.479287
0.488259
0.508941
0.51691
0.485972
0.507742
0.51817
0.504673
0.510685
0.519008
0.488556
0.465876
0.535489
0.511532
0.444606
0.487181
0.510549
0.506095
0.53086
0.476914
0.508187
0.497057
0.523445
0.476322
0.543651
0.511815
0.496772
0.541443
0.489466
0.504315
0.482261
0.462474
0.480241
0.499484
0.485955
0.497494
0.484819
0.465472
0.531912
0.497437
0.502625
0.510566
0.548239
0.489175
0.491103
0.521663
0.532648
0.453591
0.511115
0.481168
0.464413
0.43552
0.47717
0.479189
0.479592
0.482426
0.469362
0.49792
0.536399
0.508702
0.483891
0.40507
0.477599
0.492448
0.52905
0.553219
0.506796
0.521628
0.473538
0.491984
0.455493
0.526456
0.523982
0.499855
0.537802
0.534905
0.458552
0.482584
0.49967
0.498201
0.483524
0.485009
0.519509
0.473186
0.529685
0.533174
0.507087
0.518416
0.515439
0.523629
0.487576
0.490882
0.523508
0.496782
0.477615
0.550217
0.448083
0.471178
0.470272
0.547263
0.509309
0.485586
0.485776
0.473889
0.501986
0.525755
0.534898
0.480916
0.485349
0.482733
0.491851
0.531038
0.480805
0.499601
0.463585
0.563598
0.52451
0.523524
0.50236
0.488121
0.471648
0.529966
0.47846
0.463446
0.519302
0.505972
0.479928
0.509355
0.474777
0.509362
0.476198
0.507572
0.546259
0.530742
0.522508
0.498991
0.552686
0.475185
0.521939
0.474032
0.479699
0.480463
0.501998
0.512975
0.548554
0.508716
0.472583
0.463169
0.444868
0.518411
0.562222
0.489976
0.494071
0.503492
0.509465
0.448329
0.480449
0.486573
0.486286
0.531789
0.496638
0.513061
0.490396
0.475954
0.460457
0.553084
0.533314
0.52312
0.475948
0.478098
0.53109
0.495051
0.495501
0.449038
0.534554
0.510739
0.449937
0.442909
0.445953
0.446034
0.513425
0.534671
0.498865
0.472009
0.440109
0.491305
0.518258
0.508943
0.54932
0.51493
0.477572
0.492792
0.506241
0.461851
0.509692
0.531032
0.544916
0.464403
0.458701
0.554732
0.530458
0.542485
0.499273
0.513746
0.497348
0.531632
0.460588
0.471904
0.470687
0.524526
0.441649
0.499054
0.517291
0.532803
0.48486
0.526853
0.513482
0.46604
0.494766
0.505172
0.486479
0.5348
0.578796
0.52599
0.506229
0.534594
0.516919
0.511655
0.534592
0.517652
0.497059
0.514381
0.50872
0.479376
0.493166
0.513865
0.445524
0.476336
0.472803
0.519895
0.504106
0.512699
0.481131
0.426813
0.503017
0.471964
0.458162
0.456737
0.519228
0.450869
0.546168
0.508377
0.515682
0.532352
0.494101
0.508357
0.504312
0.534441
0.525914
0.491895
0.501384
0.491948
0.499654
0.509724
0.512054
0.487836
0.554203
0.508131
0.521009
0.501147
0.490532
0.508984
0.446065
0.488346
0.504366
0.576623
0.441601
0.494979
0.477105
0.518492
0.488702
0.474502
0.521902
0.496393
0.518882
0.501167
0.52176
0.475216
0.468271
0.50383
0.476522
0.506048
0.529135
0.467567
0.535638
0.470514
0.465602
0.519969
0.573572
0.53324
0.550474
0.468979
0.534738
0.499296
0.520001
0.449173
0.474826
0.563516
0.503481
0.543329
0.435403
0.468548
0.464579
0.456185
0.518659
0.528529
0.461221
0.587238
0.559177
0.48524
0.530952
0.489484
0.499594
0.503636
0.548631
0.520951
0.48704
0.493608
0.453322
0.525913
0.53722
0.504864
0.511286
0.492656
0.493016
0.511804
0.481922
0.504673
0.504489
0.475252
0.46354
0.502162
0.477153
0.507933
0.525851
0.5007
0.545389
0.490568
0.496036
0.47397
0.557887
0.515453
0.525273
0.527416
0.521985
0.504407
0.4526
0.489701
0.483773
0.497958
0.482991
0.488846
0.520847
0.47265
0.506504
0.519914
0.46459
0.493331
0.535403
0.501126
0.478839
0.517315
0.546104
0.515286
0.491832
0.547277
0.542831
0.503371
0.498294
0.47977
0.46986
0.547182
0.498556
0.536227
0.469217
0.587923
0.401558
0.463329
0.460717
0.537582
0.488628
0.489618
0.491204
0.459983
0.474911
0.485217
0.489879
0.478401
0.525319
0.471548
0.516589
0.5166
0.531866
0.507912
0.469943
0.520171
0.499296
0.531808
0.502147
0.475052
0.495836
0.519868
0.537414
0.520102
0.475981
0.516284
0.510837
0.540593
0.482179
0.455601
0.484597
0.49952
0.542278
0.516742
0.488376
0.543574
0.529625
0.495162
0.520858
0.48068
0.492687
0.489978
0.45919
0.525949
0.511066
0.502978
0.51327
0.472949
0.494786
0.516354
0.531748
0.457141
0.533729
0.526068
0.506618
0.508372
0.484088
0.507696
0.503256
0.459297
0.488723
0.47164
0.522799
0.466603
0.528277
0.504582
0.493738
0.471909
0.489957
0.464054
0.45958
0.489221
0.450814
0.482993
0.499488
0.455814
0.492439
0.461168
0.498739
0.503415
0.51392
0.450342
0.505899
0.486568
0.519946
0.530054
0.543581
0.475046
0.500937
0.510884
0.449661
0.497196
0.482068
0.482093
0.535827
0.481082
0.548061
0.520492
0.49034
0.510312
0.440631
0.497439
0.471877
0.511411
0.495448
0.500813
0.531332
0.519624
0.485494
0.508865
0.478452
0.540026
0.557698
0.542801
0.530186
0.490803
0.539714
0.494983
0.537609
0.515591
0.493717
0.53962
0.498312
0.471736
0.534101
0.482827
0.491126
0.52137
0.475945
0.488922
0.500052
0.482146
0.45113
0.509834
0.524274
0.504545
0.518969
0.504509
0.471137
0.472594
0.508243
0.465177
0.558951
0.4449
0.547502
0.537357
0.486511
0.512852
0.500517
0.530485
0.526197
0.472883
0.523747
0.516023
0.517534
0.499653
0.542711
0.499939
0.508087
0.477041
0.474125
0.456426
0.488561
0.433811
0.420688
0.549736
0.478992
0.490833
0.455387
0.491002
0.542891
0.506728
0.492205
0.486933
0.506222
0.478818
0.520094
0.537236
0.538096
0.516259
0.547094
0.547668
0.470037
0.522213
0.551479
0.455564
0.500723
0.531967
0.486797
0.504745
0.523041
0.513832
0.53768
0.486653
0.500372
0.499744
0.483297
0.50461
0.488942
0.472397
0.475344
0.518062
0.443146
0.515815
0.457406
0.503691
0.510695
0.496224
0.532616
0.480266
0.514479
0.490103
0.586439
0.544111
0.448014
0.446284
0.511495
0.542063
0.521341
0.528986
0.511262
0.478789
0.494266
0.548643
0.529566
0.475356
0.463809
0.507419
0.502707
0.495902
0.46273
0.536269
0.471111
0.499308
0.506025
0.490432
0.477376
0.522729
0.542242
0.530221
0.497592
0.48387
0.446521
0.514002
0.502805
0.508871
0.542205
0.46021
0.497506
0.482688
0.527919
0.475307
0.562013
0.438839
0.506981
0.534535
0.515624
0.545384
0.526014
0.502347
0.467421
0.484028
0.509656
0.479396
0.541593
0.459209
0.498219
0.472943
0.504153
0.554055
0.495181
0.477578
0.537927
0.530075
0.541396
0.443111
0.532698
0.527477
0.50288
0.506517
0.517358
0.542961
0.499059
0.494812
0.530965
0.521888
0.478349
0.51573
0.449573
0.511689
0.487948
0.483076
0.485699
0.463381
0.474713
0.483633
0.517323
0.488085
0.483986
0.512499
0.513277
0.525396
0.50327
0.523724
0.521906
0.440507
0.497599
0.513121
0.48988
0.486934
0.543504
0.490143
0.518023
0.571747
0.438426
0.535671
0.50104
0.460152
0.502475
0.472614
0.518014
0.496318
0.48939
0.476191
0.460556
0.567328
0.483585
0.520752
0.515466
0.507103
0.490154
0.51004
0.498798
0.517208
0.504713
0.547749
0.508196
0.471388
0.489945
0.465262
0.510371
0.530721
0.525735
0.44344
0.540608
0.516267
0.489759
0.49534
0.491162
0.466072
0.475411
0.486735
0.515429
0.493423
0.483937
0.451315
0.514764
0.55321
0.527652
0.537433
0.514818
0.503282
0.491118
0.513289
0.418271
0.48767
0.537156
0.487408
0.490843
0.498544
0.534563
0.541299
0.507444
0.533793
0.484423
0.51117
0.525348
0.477088
0.511862
0.555564
0.491265
0.477316
0.50015
0.485802
0.499181
0.524252
0.494006
0.496107
0.525851
0.537343
0.478988
0.480271
0.450804
0.494489
0.493843
0.511761
0.447754
0.527684
0.482688
0.524116
0.474276
0.472398
0.513905
0.478536
0.46663
0.517576
0.472613
0.505508
0.486611
0.513127
0.563607
0.527373
0.497286
0.501774
0.451626
0.548687
0.464513
0.522153
0.505828
0.511264
0.481099
0.490018
0.525358
0.490772
0.490483
0.514442
0.472861
0.481754
0.506814
0.44588
0.512844
0.437952
0.468303
0.482974
0.471738
0.474813
0.480715
0.514975
0.486543
0.491042
0.537894
0.466651
0.468938
0.476086
0.536169
0.482561
0.501721
0.540423
0.439549
0.497575
0.484459
0.485519
0.532548
0.520501
0.515221
0.500353
0.497543
0.467708
0.475272
0.501354
0.483524
0.513609
0.533599
0.522653
0.423114
0.504895
0.448149
0.463506
0.524742
0.575368
0.510643
0.509769
0.486826
0.498277
0.501863
0.476309
0.520864
0.543018
0.504257
0.517207
0.470294
0.553066
0.518767
0.490645
0.511992
0.502031
0.47273
0.475345
0.467302
0.514702
0.505746
0.445437
0.509459
0.47995
0.470374
0.530624
0.474281
0.492383
0.504542
0.47853
0.491007
0.469605
0.522539
0.466102
0.490166
0.511972
0.471461
0.506933
0.505327
0.461709
0.520001
0.531396
0.535635
0.488273
0.576442
0.506447
0.485982
0.466824
0.512732
0.48199
0.501712
0.456691
0.54152
0.550663
0.514705
0.506704
0.513031
0.537927
0.467753
0.504261
0.508642
0.489337
0.494065
0.515015
0.508047
0.491863
0.498805
0.50005
0.486878
0.466138
0.529519
0.487423
0.491663
0.52651
0.482338
0.494942
0.458992
0.485772
0.460826
0.521067
0.455765
0.521443
0.484352
0.520791
0.5374
0.47048
0.51285
0.513398
0.490877
0.539289
0.494864
0.49895
0.509489
0.535916
0.565726
0.480398
0.526179
0.491289
0.482765
0.538178
0.512329
0.526391
0.484407
0.504175
0.478896
0.462233
0.460051
0.511922
0.446743
0.489501
0.517585
0.439925
0.513063
0.54477
0.515434
0.544967
0.49076
0.450124
0.50599
0.522282
0.517662
0.473099
0.527327
0.489472
0.422445
0.463792
0.530054
0.511031
0.49414
0.496027
0.466196
0.500371
0.532099
0.469446
0.496964
0.546202
0.503297
0.429407
0.526302
0.520157
0.523838
0.501555
0.457079
0.462537
0.511551
0.457949
0.466802
0.513034
0.476542
0.471615
0.509725
0.493334
0.506579
0.556405
0.472235
0.478448
0.534186
0.519028
0.518372
0.453665
0.542327
0.540136
0.482383
0.523994
0.515538
0.551343
0.49517
0.482968
0.453405
0.51504
0.461502
0.447695
0.48324
0.503888
0.50488
0.457015
0.52885
0.506871
0.516927
0.529656
0.442258
0.528765
0.478164
0.529252
0.475264
0.519922
0.487064
0.503098
0.47771
0.443223
0.494255
0.511525
0.499331
0.515088
0.518739
0.48476
0.472067
0.50741
0.493009
0.464161
0.469704
0.5173
0.513939
0.444679
0.501731
0.511496
0.51632
0.495446
0.498272
0.492339
0.485916
0.495348
0.512987
0.48217
0.548917
0.480463
0.540799
0.523024
0.484669
0.480244
0.477332
0.468516
0.528538
0.41931
0.506938
0.514767
0.501809
0.501734
0.466173
0.467263
0.475473
0.544693
0.52962
0.490518
0.514787
0.468356
0.534908
0.507408
0.511484
0.468894
0.493823
0.505069
0.510502
0.471473
0.546376
0.514212
0.478105
0.520116
0.484705
0.478746
0.518287
0.441304
0.493686
0.52258
0.47431
0.478195
0.485124
0.500469
0.502269
0.472329
0.482415
0.479804
0.493557
0.4997
0.522525
0.460186
0.473096
0.51807
0.462191
0.517692
0.470214
0.452395
0.475204
0.510686
0.509051
0.475245
0.527642
0.494063
0.545352
0.499084
0.517951
0.508789
0.466536
0.467299
0.528722
0.523626
0.541914
0.51083
0.497062
0.505902
0.489924
0.507309
0.480416
0.538221
0.489264
0.479545
0.50473
0.467959
0.500799
0.500265
0.511815
0.496453
0.497108
0.47996
0.472806
0.514731
0.506562
0.484726
0.514568
0.482682
0.478788
0.540968
0.495945
0.518513
0.498413
0.543846
0.510712
0.445402
0.463952
0.526338
0.574116
0.502187
0.458712
0.485786
0.519871
0.494992
0.490603
0.494814
0.444492
0.496655
0.447711
0.513486
0.435834
0.480832
0.46652
0.479576
0.482717
0.477654
0.519661
0.48383
0.502508
0.477811
0.510049
0.48709
0.533542
0.481942
0.478298
0.506166
0.489244
0.532196
0.48028
0.495318
0.520844
0.462855
0.501702
0.530222
0.505541
0.52688
0.516588
0.511316
0.497013
0.485252
0.566525
0.483376
0.555121
0.52601
0.517558
0.468203
0.461715
0.519819
0.471606
0.507317
0.489382
0.498985
0.519278
0.471498
0.480038
0.446759
0.530951
0.484077
0.510225
0.493827
0.50301
0.564841
0.509997
0.488852
0.446091
0.46143
0.492257
0.499935
0.502238
0.495089
0.479434
0.523892
0.467818
0.497677
0.534368
0.500202
0.489088
0.446777
0.532275
0.466502
0.497288
0.495801
0.47068
0.512522
0.500122
0.515965
0.434172
0.539313
0.516513
0.526995
0.46088
0.490658
0.541511
0.453457
0.487521
0.503532
0.498211
0.50357
0.459917
0.474495
0.47358
0.467391
0.515844
0.528878
0.535045
0.501233
0.537082
0.489661
0.494731
0.435206
0.467562
0.512889
0.508227
0.460742
0.534459
0.476527
0.504735
0.514989
0.49913
0.479613
0.495506
0.50894
0.514752
0.468584
0.527406
0.536187
0.497552
0.457667
0.518522
0.519156
0.518488
0.550185
0.502646
0.469707
0.492272
0.537675
0.499544
0.540986
0.510593
0.503677
0.497865
0.497377
0.536436
0.509081
0.507573
0.479452
0.456346
0.515896
0.468778
0.49079
0.517537
0.47633
0.513831
0.473528
0.486704
0.524039
0.519576
0.509528
0.437423
0.454435
0.496615
0.474046
0.503006
0.530917
0.502472
0.508747
0.481691
0.463911
0.485532
0.500978
0.531047
0.479579
0.486621
0.546147
0.538451
0.505089
0.505109
0.540091
0.554536
0.507307
0.426415
0.518317
0.526464
0.541798
0.457773
0.468975
0.527916
0.498994
0.459157
0.516452
0.562659
0.46443
0.476213
0.492452
0.458573
0.459891
0.472103
0.511444
0.51902
0.532376
0.45511
0.507351
0.558408
0.497731
0.518889
0.488351
0.508853
0.545838
0.562248
0.496669
0.51479
0.52423
0.525318
0.520239
0.492424
0.537012
0.528997
0.453099
0.530887
0.505958
0.474539
0.501404
0.521977
0.520657
0.450169
0.481933
0.525363
0.464591
0.461588
0.459956
0.516117
0.504021
0.503256
0.473345
0.511458
0.516534
0.497313
0.509796
0.473581
0.446163
0.527033
0.484047
0.495441
0.531918
0.521664
0.511953
0.516375
0.466632
0.479546
0.508315
0.484433
0.532976
0.506371
0.515305
0.462289
0.503532
0.515467
0.518399
0.503615
0.481793
0.506982
0.546667
0.556786
0.46096
0.442831
0.514302
0.5328
0.497427
0.514294
0.500267
0.514269
0.465812
0.499139
0.472932
0.512387
0.552413
0.475137
0.446579
0.518716
0.533975
0.556848
0.546638
0.46869
0.478629
0.522555
0.51055
0.5237
0.455886
0.518223
0.48111
0.488638
0.472555
0.515347
0.479185
0.511776
0.521469
0.479576
0.502662
0.483852
0.509887
0.476987
0.498519
0.493244
0.494446
0.494871
0.484886
0.504097
0.449544
0.543925
0.479962
0.464292
0.486025
0.498708
0.514685
0.540112
0.497039
0.473251
0.536009
0.494509
0.477959
0.478682
0.527674
0.43581
0.457225
0.469748
0.465341
0.473775
0.524986
0.537115
0.522964
0.449852
0.456426
0.462306
0.517287
0.458525
0.486637
0.472166
0.507316
0.506607
0.553928
0.539723
0.515671
0.557388
0.498425
0.518316
0.518669
0.476472
0.47286
0.515875
0.512027
0.446206
0.492405
0.466221
0.50905
0.445575
0.520439
0.524259
0.468192
0.452417
0.507112
0.501949
0.486849
0.504858
0.537594
0.541918
0.548275
0.488825
0.49687
0.385591
0.46848
0.508522
0.437967
0.542732
0.5
0.476737
0.500482
0.469239
0.519406
0.521858
0.536287
0.520096
0.485422
0.508477
0.479289
0.514347
0.494545
0.518448
0.516117
0.488959
0.54102
0.53928
0.504608
0.508464
0.498056
0.456743
0.546978
0.457246
0.497166
0.508552
0.534541
0.501344
0.532487
0.456014
0.490852
0.476659
0.496969
0.44051
0.500164
0.490427
0.467308
0.541681
0.438051
0.492843
0.564489
0.504201
0.50109
0.505699
0.486818
0.520011
0.452469
0.494931
0.482331
0.472885
0.490399
0.503924
0.497424
0.472201
0.526204
0.454471
0.518616
0.542805
0.518958
0.552254
0.524294
0.427826
0.47356
0.483716
0.503321
0.531326
0.479102
0.481211
0.477391
0.507667
0.514419
0.493296
0.503995
0.524448
0.467696
0.547047
0.496876
0.505914
0.54699
0.549267
0.500855
0.513693
0.538572
0.453475
0.49789
0.461743
0.499932
0.499529
0.481255
0.462378
0.534344
0.52278
0.484707
0.420266
0.473856
0.489621
0.523523
0.531246
0.517588
0.506301
0.514266
0.472862
0.532197
0.537896
0.510183
0.513484
0.521409
0.63429
0.519076
0.496876
0.511464
0.520063
0.550549
0.499114
0.499375
0.475143
0.529494
0.514698
0.510861
0.50311
0.472688
0.518757
0.484829
0.454013
0.485385
0.432213
0.461291
0.478598
0.504768
0.526771
0.469576
0.48079
0.557148
0.47663
0.513727
0.495336
0.495772
0.503767
0.491944
0.507459
0.536123
0.503685
0.46696
0.48142
0.515591
0.548497
0.444219
0.444836
0.484372
0.474215
0.514727
0.495661
0.464496
0.489123
0.509461
0.508675
0.473832
0.510113
0.512204
0.488378
0.481974
0.553851
0.497685
0.455151
0.534848
0.519654
0.511888
0.481566
0.494952
0.480949
0.491426
0.515717
0.514075
0.522196
0.488837
0.468447
0.565386
0.498137
0.490677
0.571343
0.521763
0.492261
0.535302
0.522387
0.507231
0.471349
0.547195
0.526118
0.498406
0.502981
0.484721
0.525196
0.482782
0.482875
0.508191
0.490236
0.520778
0.518933
0.505095
0.484793
0.538391
0.498876
0.489395
0.462356
0.507337
0.478333
0.471738
0.562257
0.479564
0.47627
0.457483
0.521332
0.493002
0.504619
0.479396
0.458246
0.465425
0.479001
0.5219
0.497325
0.533311
0.497401
0.493755
0.518794
0.502559
0.563677
0.546037
0.482282
0.477951
0.492787
0.502304
0.530478
0.49823
0.484585
0.507799
0.4998
0.493664
0.533088
0.464594
0.55497
0.522978
0.488077
0.489536
0.494354
0.516526
0.525894
0.521857
0.492953
0.48258
0.48634
0.537359
0.53991
0.483602
0.472523
0.516005
0.537419
0.529395
0.520535
0.519826
0.467904
0.503977
0.465853
0.538004
0.54634
0.443086
0.483308
0.546001
0.564603
0.509162
0.467523
0.485626
0.504712
0.470707
0.490681
0.412893
0.48784
0.442872
0.504506
0.500569
0.455978
0.496174
0.50332
0.462265
0.523118
0.460185
0.465067
0.514959
0.502825
0.539107
0.547169
0.496823
0.509097
0.536068
0.504087
0.497223
0.477351
0.463047
0.543471
0.535777
0.522451
0.523284
0.507765
0.567337
0.520613
0.483052
0.468151
0.499776
0.532101
0.509676
0.497696
0.461452
0.551549
0.47266
0.490587
0.525222
0.492825
0.524814
0.444323
0.465891
0.465272
0.470234
0.511744
0.527954
0.488239
0.506033
0.469764
0.500525
0.470742
0.484681
0.461692
0.496312
0.513159
0.483836
0.480014
0.521521
0.497812
0.480543
0.456497
0.483569
0.51533
0.496671
0.486522
0.523465
0.503648
0.512466
0.544481
0.49975
0.516537
0.535092
0.477146
0.440863
0.578524
0.459042
0.481865
0.472811
0.553089
0.545284
0.516474
0.509014
0.480998
0.476026
0.507784
0.529205
0.435675
0.48197
0.505533
0.504258
0.472451
0.518931
0.518673
0.503817
0.4786
0.510694
0.460861
0.463604
0.501012
0.474994
0.552037
0.529277
0.488392
0.509474
0.492961
0.493723
0.464853
0.464519
0.479585
0.494643
0.481784
0.489829
0.52413
0.489327
0.47486
0.451596
0.479751
0.523467
0.473077
0.45719
0.455658
0.510915
0.506679
0.514193
0.539576
0.521228
0.510867
0.51068
0.514407
0.5419
0.482137
0.50362
0.48598
0.502146
0.494158
0.542262
0.528762
0.475106
0.520035
0.383381
0.476397
0.485365
0.527846
0.545278
0.44396
0.50864
0.486326
0.497382
0.498792
0.520521
0.547573
0.52235
0.456791
0.501146
0.473652
0.487529
0.501047
0.522671
0.503964
0.492661
0.489674
0.486425
0.560271
0.450696
0.509732
0.48661
0.496235
0.478609
0.50411
0.447436
0.458353
0.465065
0.538239
0.470553
0.485174
0.47184
0.493512
0.509668
0.541647
0.475846
0.484299
0.539203
0.475503
0.528651
0.525403
0.493892
0.512529
0.470368
0.44687
0.436179
0.497609
0.464772
0.472993
0.488284
0.478422
0.452548
0.542406
0.465836
0.518652
0.499518
0.506136
0.419921
0.457596
0.546736
0.530491
0.484445
0.55305
0.489324
0.491652
0.51566
0.514333
0.440926
0.488857
0.490758
0.522338
0.540647
0.473033
0.532382
0.483477
0.499358
0.477773
0.485945
0.494398
0.502246
0.499515
0.456621
0.514351
0.474476
0.493809
0.452901
0.522071
0.486841
0.454538
0.49356
0.514059
0.51828
0.502977
0.484939
0.451137
0.492138
0.423564
0.475404
0.510149
0.473036
0.523245
0.483847
0.477679
0.501238
0.521288
0.489131
0.532669
0.521375
0.526426
0.547325
0.524809
0.512417
0.498208
0.533618
0.455575
0.485755
0.509441
0.525797
0.488782
0.478279
0.536582
0.496136
0.44754
0.46731
0.534966
0.5286
0.494478
0.524289
0.475751
0.538224
0.512116
0.534063
0.471436
0.509541
0.450258
0.496676
0.486845
0.490942
0.567282
0.548519
0.532443
0.531837
0.522201
0.459716
0.446859
0.469493
0.524368
0.464636
0.495497
0.522425
0.47771
0.492383
0.522103
0.487219
0.496347
0.524164
0.520167
0.53565
0.468496
0.554385
0.501033
0.528982
0.465509
0.422368
0.485594
0.496323
0.562938
0.521563
0.476448
0.493904
0.500502
0.523114
0.507382
0.482162
0.547813
0.500676
0.447073
0.5075
0.492759
0.493341
0.493863
0.485601
0.449407
0.463555
0.468506
0.46317
0.492292
0.546904
0.491735
0.464976
0.483997
0.460633
0.533549
0.523076
0.54286
0.527789
0.471079
0.535089
0.517713
0.553848
0.501909
0.438394
0.516517
0.55271
0.549744
0.517142
0.525765
0.458929
0.489273
0.518932
0.467534
0.533071
0.53712
0.48805
0.511057
0.517045
0.475762
0.512131
0.465693
0.526315
0.497268
0.519127
0.542167
0.475839
0.513759
0.501444
0.418959
0.536637
0.501442
0.494147
0.560708
0.519833
0.50511
0.484077
0.535525
0.485079
0.429974
0.546782
0.47806
0.490206
0.517701
0.458118
0.525233
0.518998
0.523541
0.457412
0.511476
0.473953
0.50141
0.509038
0.540373
0.510908
0.513806
0.499312
0.479572
0.512411
0.503437
0.485557
0.495848
0.486697
0.493429
0.554216
0.527179
0.489167
0.532999
0.464902
0.468725
0.463221
0.545458
0.477247
0.489578
0.477339
0.455418
0.467426
0.457154
0.475272
0.492095
0.511237
0.476111
0.496228
0.475561
0.470607
0.528662
0.50192
0.512834
0.500406
0.49316
0.457352
0.500677
0.512426
0.477828
0.54223
0.521979
0.513428
0.506512
0.469849
0.502596
0.464109
0.453327
0.490358
0.495527
0.535868
0.483083
0.485257
0.489301
0.502258
0.474348
0.500014
0.46744
0.501988
0.502037
0.49167
0.44589
0.510348
0.506395
0.488309
0.54528
0.505942
0.50526
0.53727
0.444894
0.509597
0.516455
0.488971
0.495224
0.482328
0.517224
0.573229
0.515984
0.479222
0.527543
0.504937
0.506457
0.436134
0.464219
0.425991
0.515049
0.516056
0.522626
0.460323
0.534932
0.472041
0.432962
0.448928
0.552643
0.493552
0.457915
0.491762
0.486514
0.443117
0.428579
0.493369
0.501817
0.550156
0.49554
0.519131
0.45949
0.488872
0.471963
0.529005
0.46532
0.487054
0.515593
0.525632
0.516464
0.502698
0.456511
0.473671
0.472176
0.495297
0.47755
0.477269
0.485618
0.498683
0.504226
0.4925
0.543633
0.522302
0.481067
0.481688
0.55135
0.52779
0.511209
0.486454
0.508497
0.437724
0.53615
0.456392
0.494296
0.513427
0.48251
0.500226
0.437826
0.518704
0.502701
0.476337
0.51071
0.476377
0.456363
0.509527
0.489015
0.554496
0.539442
0.5209
0.481237
0.529112
0.487798
0.457735
0.489243
0.500465
0.532205
0.460219
0.599048
0.489483
0.451621
0.491928
0.4783
0.491458
0.531608
0.490914
0.557354
0.513774
0.474773
0.518289
0.480793
0.574559
0.4601
0.511175
0.516299
0.559145
0.488063
0.546887
0.49772
0.481206
0.538378
0.495237
0.499225
0.475441
0.477278
0.51583
0.487423
0.508696
0.451188
0.467216
0.528306
0.446378
0.463666
0.454797
0.475914
0.511056
0.492495
0.53433
0.469569
0.480106
0.423793
0.437943
0.486581
0.519292
0.480025
0.529492
0.527279
0.509144
0.478777
0.54618
0.50926
0.501015
0.469189
0.483276
0.487708
0.529693
0.472898
0.518832
0.478691
0.549438
0.496381
0.495261
0.462271
0.490322
0.471578
0.494662
0.512342
0.491749
0.471644
0.46475
0.520041
0.510027
0.508743
0.482284
0.547617
0.476865
0.530719
0.490858
0.489641
0.465674
0.503554
0.499935
0.528423
0.45255
0.456465
0.511987
0.520508
0.508804
0.486519
0.434638
0.501134
0.461919
0.489655
0.474663
0.483529
0.50182
0.524969
0.520728
0.479909
0.529308
0.519147
0.521754
0.511062
0.553555
0.497924
0.517758
0.521397
0.505525
0.481431
0.520068
0.50632
0.504199
0.530323
0.467779
0.538818
0.472475
0.529548
0.517315
0.482138
0.46962
0.436634
0.481996
0.505409
0.487157
0.501385
0.478452
0.509113
0.515043
0.463834
0.486798
0.407254
0.525039
0.47735
0.501402
0.453118
0.478116
0.54377
0.509163
0.455488
0.482807
0.517416
0.482143
0.522192
0.461345
0.514894
0.501439
0.517869
0.510489
0.497537
0.49918
0.512805
0.523903
0.513368
0.4555
0.479738
0.532954
0.465454
0.477388
0.485496
0.492823
0.503548
0.486272
0.514338
0.520786
0.505857
0.511223
0.519888
0.503554
0.427845
0.494644
0.54252
0.430533
0.524933
0.497325
0.499081
0.479898
0.545957
0.469744
0.501821
0.464331
0.49429
0.516476
0.543411
0.493324
0.533474
0.480597
0.544914
0.558902
0.474251
0.56495
0.493596
0.511653
0.469868
0.437154
0.527438
0.503932
0.486524
0.525226
0.493244
0.47712
0.485845
0.530697
0.555196
0.519813
0.446248
0.496085
0.560749
0.503809
0.500083
0.493619
0.510735
0.464775
0.533417
0.552072
0.47055
0.534467
0.545339
0.498583
0.469298
0.461379
0.523669
0.502346
0.473775
0.506689
0.50393
0.507045
0.554151
0.502393
0.428467
0.508892
0.528253
0.45848
0.522595
0.507167
0.431285
0.526043
0.504635
0.484115
0.497905
0.50319
0.506726
0.541092
0.543492
0.570633
0.513284
0.437812
0.511508
0.543829
0.533979
0.511601
0.503818
0.478548
0.488109
0.493507
0.480836
0.516749
0.527252
0.518146
0.528392
0.469626
0.463056
0.534175
0.508172
0.53471
0.467052
0.552248
0.538626
0.493906
0.49937
0.507335
0.4732
0.519314
0.553219
0.462287
0.46279
0.473754
0.542016
0.519513
0.489268
0.502817
0.486041
0.497648
0.496972
0.475363
0.515476
0.530087
0.499029
0.509313
0.466734
0.472257
0.455394
0.459622
0.478916
0.534507
0.469456
0.435302
0.517304
0.517486
0.500124
0.472372
0.480737
0.546887
0.526229
0.519619
0.479775
0.47443
0.490148
0.494024
0.542492
0.451968
0.517503
0.502752
0.554802
0.485566
0.499824
0.508561
0.502182
0.516467
0.507045
0.485523
0.519654
0.52578
0.456707
0.451912
0.516931
0.499793
0.45675
0.497155
0.505569
0.512774
0.468755
0.5297
0.495026
0.484137
0.44853
0.502702
0.47449
0.536848
0.480901
0.504367
0.487345
0.493944
0.485581
0.499866
0.525174
0.54005
0.48101
0.491671
0.518144
0.504752
0.473017
0.505184
0.478673
0.524714
0.535203
0.516563
0.505236
0.531412
0.537893
0.549583
0.543196
0.451356
0.502561
0.478435
0.479533
0.445679
0.458584
0.503323
0.498339
0.475963
0.499202
0.485742
0.483967
0.503184
0.493562
0.500305
0.478694
0.446644
0.52173
0.470004
0.521786
0.509771
0.469525
0.501762
0.516833
0.489658
0.520068
0.509177
0.514227
0.527218
0.558917
0.479312
0.525667
0.514825
0.479655
0.450407
0.467558
0.508329
0.476817
0.457405
0.45018
0.480302
0.503024
0.472147
0.489504
0.521404
0.527202
0.495125
0.478533
0.526739
0.480757
0.515661
0.485037
0.484077
0.488589
0.517385
0.562554
0.480812
0.46181
0.525897
0.501551
0.49654
0.509049
0.53548
0.497592
0.508124
0.563215
0.531736
0.543409
0.494128
0.500595
0.557032
0.481749
0.525487
0.519157
0.535616
0.495858
0.469295
0.542947
0.505295
0.464494
0.47258
0.519429
0.55253
0.548332
0.492951
0.546675
0.507844
0.504642
0.512975
0.487253
0.4584
0.507116
0.435181
0.475708
0.524637
0.557712
0.494545
0.506491
0.507829
0.507399
0.475342
0.51923
0.515451
0.532666
0.489243
0.508212
0.501222
0.514689
0.491522
0.532939
0.466695
0.528008
0.462258
0.466653
0.521285
0.505611
0.489393
0.439689
0.507591
0.487278
0.480545
0.444541
0.448901
0.498081
0.490421
0.499507
0.475744
0.563902
0.46073
0.537798
0.528378
0.530846
0.529461
0.498978
0.512072
0.515429
0.466392
0.509614
0.482072
0.562409
0.481727
0.480012
0.525119
0.53714
0.564714
0.493905
0.424388
0.469323
0.509133
0.447985
0.514743
0.465029
0.54252
0.538135
0.465153
0.463864
0.46601
0.519252
0.505177
0.518164
0.521672
0.485521
0.502364
0.501076
0.5442
0.458036
0.517464
0.510419
0.543858
0.47661
0.494313
0.475189
0.517524
0.462694
0.481272
0.541582
0.514742
0.490229
0.501089
0.505419
0.505623
0.521356
0.506075
0.547839
0.497497
0.473815
0.515445
0.471138
0.527177
0.466941
0.49172
0.521633
0.495711
0.503115
0.513054
0.426418
0.5225
0.451545
0.538361
0.520897
0.515662
0.511264
0.552128
0.473954
0.485502
0.520205
0.495771
0.55766
0.44798
0.527238
0.502422
0.498358
0.505039
0.504041
0.482026
0.516035
0.518675
0.49368
0.473603
0.528832
0.525624
0.482769
0.521573
0.519575
0.479538
0.4941
0.463002
0.461211
0.427524
0.556592
0.522658
0.478004
0.497927
0.469459
0.552737
0.529387
0.496227
0.517461
0.434145
0.48333
0.505921
0.494113
0.506212
0.516105
0.501283
0.419722
0.471698
0.535325
0.518849
0.481145
0.483992
0.563129
0.504526
0.480121
0.503345
0.516385
0.483193
0.497067
0.489051
0.470794
0.497661
0.547203
0.534412
0.545763
0.513875
0.455894
0.491396
0.476925
0.519236
0.51007
0.461837
0.513178
0.510905
0.522602
0.492067
0.495129
0.470982
0.496522
0.467855
0.531796
0.485416
0.525946
0.476511
0.512471
0.553535
0.530577
0.48306
0.500591
0.505068
0.500673
0.497328
0.526518
0.501525
0.489351
0.508843
0.466079
0.508827
0.529091
0.506401
0.471761
0.448042
0.479331
0.499199
0.473422
0.501121
0.502023
0.536387
0.515406
0.448486
0.522012
0.48192
0.446918
0.485373
0.469137
0.481599
0.512554
0.473777
0.498909
0.499152
0.479852
0.476901
0.448646
0.468251
0.510736
0.512953
0.52595
0.537331
0.513735
0.445203
0.486385
0.494082
0.513844
0.545135
0.507241
0.496498
0.476911
0.505609
0.544262
0.457354
0.48542
0.500871
0.498201
0.498983
0.49254
0.480314
0.508089
0.505231
0.451329
0.522852
0.528083
0.537468
0.485954
0.488782
0.514781
0.551522
0.491808
0.52601
0.521859
0.492421
0.531396
0.537524
0.488933
0.473808
0.50288
0.516977
0.501486
0.478911
0.478124
0.509258
0.478773
0.499941
0.527157
0.552936
0.546546
0.482792
0.465893
0.521436
0.501492
0.493918
0.494006
0.529835
0.44426
0.436266
0.52982
0.554149
0.51794
0.48113
0.459099
0.499981
0.48888
0.522818
0.53461
0.47741
0.496709
0.522984
0.493329
0.539004
0.530448
0.521528
0.47817
0.467807
0.46758
0.500906
0.511111
0.532207
0.502944
0.460759
0.544589
0.494533
0.504355
0.539711
0.488048
0.480276
0.501792
0.481218
0.476498
0.514792
0.527057
0.540354
0.517981
0.514378
0.510757
0.528389
0.476802
0.518582
0.543506
0.512054
0.479409
0.480629
0.528202
0.534351
0.509791
0.512844
0.530272
0.493795
0.511281
0.503931
0.532738
0.448958
0.47162
0.534999
0.493004
0.475194
0.508174
0.531197
0.538226
0.430406
0.47017
0.495849
0.47613
0.486757
0.494832
0.54394
0.518178
0.455166
0.574281
0.501857
0.491934
0.489497
0.480091
0.490238
0.469516
0.527295
0.482359
0.526807
0.499009
0.53394
0.530174
0.506085
0.485711
0.527126
0.49036
0.502829
0.500085
0.508492
0.481361
0.4861
0.489301
0.419327
0.52915
0.520806
0.499229
0.51719
0.462035
0.563625
0.443777
0.510339
0.471236
0.510156
0.478424
0.496831
0.414105
0.480192
0.554851
0.455185
0.476876
0.527984
0.50352
0.493463
0.5338
0.474365
0.521093
0.543659
0.489562
0.487616
0.489561
0.518265
0.491839
0.549955
0.503949
0.505887
0.520879
0.526502
0.46549
0.472793
0.532979
0.573621
0.507127
0.477263
0.424736
0.543496
0.488222
0.533608
0.514936
0.441827
0.495361
0.50276
0.460976
0.515512
0.476099
0.526269
0.486677
0.507194
0.532556
0.500618
0.448363
0.513555
0.521715
0.46871
0.466097
0.564213
0.489299
0.515405
0.466932
0.488124
0.474119
0.543992
0.50706
0.524337
0.449747
0.480453
0.519731
0.453996
0.490396
0.512421
0.525822
0.510453
0.557895
0.49967
0.483924
0.474377
0.496611
0.543053
0.476827
0.500722
0.493215
0.508726
0.461276
0.524436
0.458145
0.434563
0.497876
0.471794
0.485668
0.475614
0.518013
0.474208
0.509389
0.525497
0.504677
0.441409
0.510099
0.50059
0.514053
0.520873
0.502829
0.473897
0.524761
0.510355
0.519994
0.485479
0.481614
0.480417
0.48749
0.496296
0.500779
0.503819
0.490627
0.452366
0.503201
0.458654
0.496771
0.446095
0.493178
0.462097
0.511571
0.501657
0.47896
0.52164
0.485643
0.531311
0.512239
0.480696
0.538588
0.439511
0.543414
0.515446
0.487224
0.501702
0.519504
0.519793
0.534893
0.52466
0.521573
0.505316
0.468736
0.475267
0.468568
0.473082
0.501796
0.494586
0.544413
0.494201
0.516831
0.504114
0.545255
0.515994
0.488714
0.461089
0.503737
0.480656
0.532289
0.519719
0.487157
0.483282
0.532563
0.545222
0.466408
0.50613
0.494102
0.457539
0.502559
0.456
0.44652
0.451601
0.537958
0.511611
0.442919
0.511021
0.508735
0.467834
0.458165
0.502093
0.505572
0.523667
0.463878
0.484968
0.469619
0.490829
0.496996
0.498879
0.520442
0.449842
0.518808
0.528295
0.512849
0.490477
0.511315
0.526885
0.479507
0.463442
0.497802
0.466147
0.50619
0.520185
0.534496
0.5056
0.516557
0.467687
0.450176
0.5114
0.473326
0.48512
0.530625
0.470259
0.472716
0.489245
0.494787
0.505539
0.489037
0.485426
0.499511
0.502406
0.566304
0.551133
0.549746
0.468901
0.503742
0.528813
0.47108
0.529827
0.502067
0.494999
0.501484
0.500302
0.507416
0.512532
0.489137
0.515869
0.509788
0.512779
0.493214
0.466036
0.522893
0.514711
0.554506
0.498116
0.532267
0.477725
0.472751
0.518248
0.498532
0.485078
0.537545
0.526462
0.562682
0.494812
0.469718
0.472685
0.490264
0.495049
0.470036
0.520538
0.511324
0.510516
0.522122
0.465819
0.463013
0.487198
0.47645
0.48653
0.501701
0.501971
0.492307
0.521343
0.491494
0.524103
0.444584
0.44336
0.526024
0.485499
0.422278
0.516051
0.51038
0.536557
0.545578
0.448253
0.490066
0.494515
0.528408
0.485083
0.453851
0.461166
0.533306
0.511669
0.517394
0.506809
0.535512
0.536548
0.474513
0.577317
0.453137
0.491619
0.492977
0.501197
0.510298
0.465527
0.501694
0.503514
0.460078
0.547346
0.526171
0.493556
0.514199
0.487444
0.499118
0.553107
0.486284
0.482393
0.493077
0.472226
0.505569
0.450816
0.461946
0.549374
0.507955
0.467032
0.498274
0.512792
0.491266
0.499378
0.503201
0.469994
0.491594
0.470083
0.495926
0.502241
0.497599
0.553578
0.499562
0.450891
0.559649
0.490095
0.480269
0.492485
0.56066
0.481458
0.536534
0.469448
0.465529
0.505912
0.465466
0.533277
0.496021
0.508895
0.542996
0.517102
0.497991
0.516603
0.494842
0.454481
0.527816
0.529233
0.415122
0.481312
0.524907
0.530782
0.509491
0.527736
0.537189
0.492275
0.519674
0.536901
0.496403
0.475288
0.476263
0.507478
0.500126
0.532661
0.506675
0.486774
0.467373
0.473249
0.505116
0.481352
0.494652
0.487616
0.451456
0.542008
0.519367
0.501519
0.515858
0.48999
0.517411
0.544076
0.496074
0.531328
0.47186
0.487487
0.534246
0.496164
0.429617
0.535182
0.500111
0.489939
0.51289
0.555268
0.527476
0.503321
0.512383
0.496159
0.480842
0.527753
0.469068
0.561258
0.439041
0.513484
0.49142
0.479564
0.502783
0.476974
0.414977
0.499079
0.492961
0.504532
0.551119
0.469906
0.496611
0.499072
0.431927
0.493882
0.497393
0.49686
0.577998
0.477652
0.567461
0.431124
0.4761
0.53604
0.527615
0.439405
0.44353
0.482596
0.552593
0.491528
0.516063
0.484204
0.528385
0.485054
0.426351
0.466608
0.508445
0.435103
0.459661
0.487745
0.485672
0.48542
0.513827
0.50576
0.437046
0.50755
0.480276
0.508563
0.497768
0.415004
0.553017
0.431825
0.471817
0.519297
0.472469
0.512272
0.505765
0.514718
0.480991
0.453151
0.522742
0.508719
0.506997
0.438763
0.513423
0.504795
0.454537
0.494907
0.500911
0.454728
0.495201
0.482141
0.466394
0.477069
0.49924
0.498711
0.482442
0.508741
0.472768
0.450037
0.460836
0.476628
0.537927
0.541628
0.571779
0.506027
0.462876
0.502293
0.481394
0.512846
0.538502
0.474542
0.464358
0.496416
0.528704
0.469023
0.518561
0.479788
0.461142
0.469906
0.52866
0.454402
0.515322
0.478052
0.505407
0.50599
0.51488
0.47887
0.487624
0.488602
0.470961
0.481725
0.513693
0.503614
0.51355
0.467773
0.509451
0.470606
0.497644
0.533096
0.499349
0.536978
0.511122
0.524022
0.527766
0.513188
0.471209
0.551487
0.487336
0.520465
0.486397
0.481338
0.441173
0.507905
0.520693
0.497426
0.505877
0.445796
0.517089
0.524385
0.50217
0.532061
0.4471
0.556959
0.520068
0.488692
0.513276
0.522762
0.505444
0.47505
0.461538
0.495335
0.50486
0.574902
0.470226
0.464383
0.465548
0.544075
0.482734
0.500067
0.457415
0.525606
0.530599
0.498222
0.483941
0.519242
0.503927
0.463374
0.498846
0.502199
0.536027
0.46644
0.485412
0.558022
0.509129
0.513983
0.475318
0.530443
0.518062
0.515883
0.473875
0.509102
0.508766
0.538325
0.548535
0.504002
0.558508
0.598954
0.517539
0.495595
0.494691
0.531089
0.525598
0.477341
0.509117
0.493864
0.533457
0.48764
0.484579
0.515166
0.46824
0.538009
0.440672
0.504258
0.461442
0.544364
0.505683
0.380953
0.481432
0.478298
0.481436
0.54821
0.467367
0.415226
0.447981
0.495044
0.451365
0.506267
0.51498
0.486599
0.505834
0.460738
0.536689
0.50829
0.532814
0.49615
0.457386
0.520858
0.512222
0.482554
0.504147
0.483238
0.505866
0.528139
0.49382
0.540098
0.454104
0.50294
0.531089
0.560938
0.52203
0.527535
0.514492
0.537607
0.502047
0.453615
0.447279
0.487133
0.519722
0.523281
0.459974
0.526723
0.55978
0.53397
0.521526
0.48782
0.499123
0.475863
0.48591
0.416085
0.453742
0.498662
0.521075
0.534185
0.476409
0.474599
0.517087
0.454256
0.472001
0.514578
0.55037
0.496918
0.527363
0.534285
0.530893
0.493721
0.492551
0.537182
0.499198
0.509894
0.480359
0.51123
0.510138
0.564264
0.510983
0.55623
0.550196
0.483239
0.518716
0.44866
0.485262
0.455712
0.47753
0.530865
0.425747
0.495766
0.502437
0.5115
0.475906
0.560065
0.51349
0.49408
0.524242
0.506786
0.489312
0.500526
0.501871
0.53299
0.557018
0.476568
0.495721
0.487291
0.505407
0.485899
0.50344
0.544699
0.488302
0.479935
0.516886
0.480522
0.494916
0.540068
0.461082
0.490194
0.514104
0.479291
0.495493
0.461902
0.529399
0.50005
0.494528
0.538896
0.471684
0.475224
0.484112
0.568346
0.496391
0.499087
0.501226
0.533637
0.502095
0.485138
0.493274
0.496951
0.517381
0.457674
0.494165
0.479043
0.522854
0.463972
0.493978
0.483055
0.515174
0.443967
0.459079
0.459274
0.509987
0.514292
0.499585
0.537675
0.540625
0.51356
0.521023
0.465156
0.489452
0.485761
0.517083
0.534317
0.508742
0.578646
0.530326
0.470673
0.437933
0.49398
0.517725
0.495163
0.504176
0.526538
0.497918
0.538846
0.473011
0.488706
0.537043
0.416636
0.506076
0.527583
0.510032
0.47698
0.51271
0.471444
0.534239
0.46433
0.492324
0.47244
0.46228
0.47129
0.52442
0.542418
0.50095
0.477326
0.503139
0.51873
0.443108
0.490894
0.43319
0.486908
0.519387
0.501878
0.514067
0.557075
0.456621
0.491197
0.519401
0.480975
0.509849
0.514474
0.538336
0.526496
0.514785
0.506629
0.445808
0.516548
0.477614
0.524273
0.558587
0.519197
0.539005
0.482779
0.503968
0.515894
0.519202
0.454914
0.547988
0.534718
0.521077
0.507887
0.46003
0.475461
0.478016
0.545708
0.450712
0.483469
0.553515
0.473721
0.509907
0.459094
0.519357
0.502192
0.451799
0.519631
0.539253
0.525825
0.463823
0.500631
0.484813
0.466074
0.496387
0.523439
0.520724
0.493144
0.520234
0.465867
0.51602
0.484536
0.548324
0.532836
0.488306
0.517023
0.499122
0.493901
0.557811
0.448928
0.498146
0.494503
0.52816
0.50958
0.52467
0.527849
0.510721
0.522824
0.520441
0.484267
0.44942
0.511456
0.487302
0.504941
0.51288
0.489463
0.490577
0.516876
0.540779
0.478939
0.505108
0.475986
0.531281
0.438556
0.480815
0.475161
0.476438
0.550461
0.524642
0.474215
0.542414
0.482476
0.54579
0.498561
0.501432
0.452475
0.531084
0.463503
0.492286
0.481817
0.47737
0.551029
0.496334
0.434702
0.507798
0.485954
0.485806
0.560334
0.488889
0.528315
0.561333
0.474758
0.495241
0.518875
0.475552
0.499252
0.498757
0.514619
0.519681
0.482147
0.46927
0.511117
0.469912
0.52095
0.48344
0.488623
0.480528
0.561641
0.468802
0.458793
0.460595
0.502029
0.529823
0.518893
0.501117
0.476027
0.50287
0.500369
0.489523
0.505743
0.496939
0.468662
0.508365
0.458231
0.497037
0.511134
0.515097
0.493812
0.50708
0.479986
0.489815
0.472814
0.469193
0.507042
0.517833
0.477612
0.476279
0.487272
0.523962
0.426853
0.494731
0.44793
0.55538
0.51873
0.474171
0.520185
0.529955
0.470183
0.531084
0.54011
0.496907
0.478905
0.513222
0.465925
0.496675
0.475025
0.511655
0.488337
0.43687
0.44934
0.507342
0.520888
0.491187
0.504983
0.509106
0.497153
0.50815
0.469385
0.489866
0.481691
0.446567
0.463421
0.558033
0.501602
0.524568
0.524603
0.520911
0.52558
0.499104
0.461208
0.52701
0.527327
0.462776
0.514202
0.474114
0.55021
0.494878
0.453844
0.530011
0.550033
0.54352
0.507848
0.492735
0.492799
0.485711
0.477961
0.547205
0.544334
0.452278
0.501856
0.495143
0.488659
0.484493
0.517194
0.485127
0.481968
0.479281
0.534744
0.459676
0.509103
0.529889
0.507429
0.476225
0.459391
0.528894
0.482174
0.478872
0.478723
0.520411
0.441432
0.497778
0.424744
0.488389
0.451263
0.503078
0.552044
0.477871
0.552843
0.520197
0.504197
0.486078
0.424271
0.493433
0.509558
0.470211
0.489555
0.55469
0.527665
0.448832
0.481658
0.514227
0.493129
0.513703
0.516458
0.430311
0.503902
0.538967
0.514525
0.464635
0.530769
0.554526
0.527565
0.500384
0.554969
0.530514
0.576423
0.459825
0.510797
0.499719
0.527511
0.488291
0.500076
0.514852
0.52454
0.481439
0.525369
0.477508
0.532429
0.48265
0.488801
0.515728
0.460265
0.557456
0.493382
0.497007
0.540196
0.521858
0.523681
0.453644
0.449121
0.491421
0.532754
0.507297
0.490059
0.528011
0.472179
0.459622
0.540076
0.511057
0.512083
0.475876
0.481633
0.470204
0.458032
0.498345
0.524236
0.456245
0.461671
0.47649
0.483274
0.537195
0.501963
0.51067
0.512897
0.516385
0.483935
0.50633
0.509831
0.449458
0.501776
0.505517
0.51499
0.477129
0.473183
0.472612
0.509768
0.5206
0.551823
0.481137
0.513887
0.506488
0.484774
0.50853
0.461664
0.468157
0.531849
0.475748
0.483591
0.510316
0.463644
0.448581
0.480086
0.583767
0.505209
0.497552
0.484296
0.49717
0.512211
0.453269
0.490836
0.482713
0.506457
0.434123
0.517322
0.482541
0.467661
0.513181
0.535582
0.492846
0.47832
0.451173
0.509429
0.512464
0.468595
0.492438
0.525849
0.53288
0.488036
0.470692
0.526503
0.516499
0.511067
0.481525
0.496398
0.480064
0.493073
0.518461
0.526618
0.530096
0.453984
0.439492
0.507974
0.537228
0.516223
0.450941
0.532469
0.466318
0.52389
0.49553
0.499427
0.479199
0.500069
0.541541
0.463188
0.476958
0.479117
0.539925
0.499217
0.508606
0.520826
0.466255
0.47553
0.453021
0.503319
0.484382
0.496283
0.451041
0.461564
0.468678
0.52443
0.514577
0.408377
0.481732
0.560293
0.499615
0.464793
0.484393
0.512945
0.480001
0.476675
0.465006
0.501269
0.488868
0.454438
0.454741
0.481563
0.484578
0.492763
0.565885
0.538586
0.528074
0.527178
0.519955
0.476891
0.488488
0.504379
0.502533
0.489347
0.503908
0.513164
0.531676
0.499712
0.484161
0.50286
0.536793
0.496128
0.522491
0.546113
0.484847
0.472427
0.463015
0.43292
0.510771
0.484107
0.510814
0.482775
0.518971
0.535865
0.551561
0.491805
0.48278
0.47756
0.557531
0.531775
0.518755
0.455469
0.476889
0.477825
0.502674
0.475735
0.51313
0.481832
0.514124
0.536855
0.481525
0.458257
0.476546
0.518103
0.479481
0.479354
0.549611
0.560753
0.497662
0.446627
0.490808
0.548981
0.518757
0.515398
0.513118
0.497317
0.520774
0.529365
0.595641
0.501529
0.541727
0.502023
0.524061
0.499809
0.492595
0.481834
0.497822
0.441129
0.505429
0.478
0.480882
0.507664
0.483478
0.523738
0.52293
0.498128
0.540214
0.503909
0.517938
0.528924
0.504129
0.493898
0.506917
0.509966
0.496172
0.536603
0.481765
0.522052
0.506717
0.514413
0.477066
0.492674
0.548921
0.533056
0.476723
0.467117
0.525355
0.504184
0.472313
0.451748
0.504782
0.503575
0.480004
0.476353
0.445958
0.481824
0.482953
0.552399
0.465325
0.494398
0.506024
0.504102
0.45548
0.507936
0.489717
0.479174
0.501288
0.469659
0.550189
0.536119
0.480518
0.51677
0.442222
0.514959
0.525875
0.482729
0.482034
0.518262
0.4753
0.507251
0.486798
0.459349
0.487423
0.496938
0.487737
0.514553
0.549036
0.523386
0.533692
0.486402
0.511455
0.485666
0.492009
0.504613
0.512662
0.504043
0.563646
0.501756
0.492093
0.491809
0.469358
0.500476
0.50494
0.492108
0.503845
0.539137
0.492858
0.426624
0.49473
0.462775
0.507942
0.463013
0.473249
0.506225
0.456842
0.507946
0.493523
0.506301
0.511914
0.482644
0.507291
0.509906
0.526251
0.50778
0.490976
0.504942
0.449503
0.484619
0.471958
0.490899
0.521328
0.539272
0.480935
0.505995
0.499371
0.496944
0.507239
0.487749
0.488646
0.503047
0.443991
0.503849
0.449174
0.518045
0.489956
0.430206
0.508784
0.532929
0.444996
0.523051
0.477922
0.502168
0.535964
0.481972
0.483367
0.501035
0.549951
0.53074
0.467711
0.524166
0.541728
0.462825
0.491491
0.562241
0.502275
0.538458
0.504837
0.483651
0.505276
0.53012
0.495519
0.478028
0.478439
0.513339
0.45027
0.528523
0.526527
0.559659
0.486248
0.529692
0.492982
0.538667
0.519523
0.487877
0.506991
0.535943
0.48746
0.470947
0.492904
0.523817
0.521875
0.524284
0.548848
0.441797
0.449837
0.499885
0.511429
0.463562
0.488988
0.505446
0.503397
0.527366
0.474264
0.510322
0.501141
0.516762
0.492885
0.425222
0.508889
0.45849
0.444493
0.472516
0.516503
0.434426
0.453311
0.52404
0.477723
0.494454
0.469195
0.493259
0.555748
0.547146
0.494465
0.488674
0.473028
0.505113
0.493375
0.525344
0.562137
0.481913
0.48111
0.531398
0.46461
0.527387
0.519173
0.47641
0.464606
0.448297
0.504053
0.538518
0.524286
0.491139
0.556031
0.547156
0.507774
0.484015
0.49501
0.488277
0.500578
0.504423
0.520243
0.488939
0.511339
0.519863
0.480832
0.508135
0.532797
0.488107
0.443871
0.490737
0.488837
0.494031
0.547116
0.481426
0.464493
0.529872
0.473045
0.535495
0.525788
0.485786
0.501192
0.503384
0.50628
0.507587
0.435631
0.52584
0.527202
0.578536
0.484476
0.506554
0.528041
0.532058
0.54828
0.469177
0.474476
0.512266
0.544207
0.475567
0.510504
0.549153
0.502846
0.492154
0.471658
0.525349
0.514553
0.471298
0.486192
0.511296
0.482183
0.554506
0.481082
0.485732
0.487098
0.484396
0.439755
0.488349
0.515317
0.502272
0.498387
0.511501
0.530695
0.51819
0.477669
0.497853
0.501989
0.58039
0.526904
0.520813
0.470703
0.500968
0.557312
0.514659
0.466578
0.514662
0.561422
0.501209
0.487598
0.487631
0.47542
0.539922
0.471399
0.473097
0.49133
0.518302
0.494949
0.500727
0.515909
0.469477
0.479369
0.576631
0.473124
0.473836
0.516783
0.500853
0.497083
0.461588
0.486056
0.519219
0.472307
0.523127
0.474315
0.496437
0.518207
0.514073
0.5111
0.487301
0.464646
0.471868
0.522057
0.492893
0.47546
0.500799
0.499008
0.488646
0.486813
0.492321
0.563304
0.48115
0.527261
0.507562
0.509324
0.53057
0.496402
0.518877
0.484988
0.485559
0.488977
0.507332
0.516177
0.50753
0.511317
0.512991
0.441915
0.501173
0.496991
0.464877
0.487201
0.498087
0.518538
0.507494
0.480369
0.4704
0.462162
0.530764
0.461831
0.521256
0.492258
0.470282
0.481103
0.489038
0.482648
0.494732
0.468973
0.492217
0.5214
0.487374
0.49169
0.461675
0.456109
0.50844
0.504051
0.487411
0.486506
0.485351
0.468259
0.516473
0.531284
0.467594
0.505426
0.50901
0.466002
0.473167
0.496604
0.46932
0.488946
0.493442
0.490197
0.508754
0.491835
0.513334
0.532667
0.497365
0.472224
0.523651
0.509365
0.501173
0.514494
0.512487
0.542397
0.491918
0.466308
0.552555
0.532383
0.496179
0.477391
0.541315
0.510983
0.500734
0.507527
0.550781
0.471076
0.501034
0.480633
0.523879
0.51146
0.459668
0.511799
0.484242
0.462939
0.501692
0.494158
0.456294
0.522696
0.493701
0.482462
0.48252
0.503803
0.493515
0.550251
0.49479
0.486751
0.557353
0.48747
0.516606
0.489885
0.481372
0.495431
0.503154
0.435604
0.474454
0.505975
0.446032
0.509208
0.489099
0.541721
0.459535
0.487269
0.537309
0.494278
0.535363
0.522396
0.468346
0.527282
0.522635
0.501274
0.52522
0.471155
0.520077
0.532846
0.526796
0.546432
0.517269
0.463521
0.492395
0.502561
0.54181
0.506274
0.505754
0.47903
0.469299
0.520519
0.53523
0.495705
0.472981
0.469633
0.477118
0.469249
0.489951
0.512992
0.49896
0.472505
0.520791
0.499414
0.499718
0.483708
0.489498
0.468863
0.533692
0.532412
0.4906
0.519311
0.515041
0.488991
0.52032
0.445611
0.49981
0.524613
0.47867
0.567273
0.492314
0.538535
0.569345
0.542008
0.472757
0.509612
0.564296
0.491921
0.522979
0.518893
0.469856
0.499223
0.507184
0.510174
0.501297
0.488343
0.504534
0.565379
0.472682
0.521307
0.500488
0.521662
0.5089
0.513268
0.513751
0.427078
0.526754
0.495054
0.435713
0.50173
0.491978
0.439612
0.499264
0.521235
0.449048
0.48923
0.523831
0.509407
0.460683
0.490395
0.453546
0.447023
0.513891
0.463184
0.495397
0.483546
0.449441
0.482041
0.504244
0.468682
0.481649
0.484832
0.52158
0.500651
0.495327
0.517046
0.4949
0.498032
0.506793
0.468013
0.564568
0.50208
0.455811
0.486025
0.515043
0.496363
0.505327
0.479224
0.467349
0.500622
0.455887
0.479136
0.479657
0.545701
0.501607
0.50373
0.522863
0.516449
0.48457
0.46687
0.488023
0.459446
0.484525
0.531042
0.492537
0.462444
0.500768
0.520225
0.53194
0.502389
0.49307
0.489783
0.474189
0.448902
0.438534
0.460254
0.483313
0.490097
0.531262
0.491913
0.519304
0.497605
0.531688
0.55698
0.541123
0.437684
0.512471
0.516346
0.489695
0.465282
0.537817
0.4777
0.507771
0.507945
0.473096
0.461926
0.47353
0.496426
0.451648
0.464647
0.544795
0.498876
0.525631
0.519789
0.460739
0.505502
0.5178
0.542044
0.51796
0.480556
0.451097
0.505098
0.467792
0.498526
0.532904
0.452519
0.511731
0.511421
0.48086
0.528148
0.521857
0.45401
0.467103
0.452904
0.503112
0.533896
0.517811
0.494849
0.514328
0.493297
0.504929
0.549405
0.504863
0.549414
0.486934
0.516589
0.413731
0.470257
0.535548
0.472148
0.508097
0.502804
0.585236
0.509462
0.558007
0.500369
0.472388
0.439099
0.484243
0.516055
0.461061
0.582882
0.526161
0.509168
0.522135
0.499363
0.486394
0.511458
0.512781
0.50756
0.549299
0.480078
0.503107
0.51585
0.510019
0.524119
0.45685
0.522868
0.501029
0.491609
0.503004
0.467324
0.523059
0.503847
0.485245
0.433569
0.507243
0.453938
0.566035
0.539826
0.495395
0.516423
0.492278
0.485927
0.515271
0.484858
0.519409
0.497463
0.517692
0.504236
0.510779
0.54319
0.492414
0.485108
0.549219
0.462588
0.43961
0.506298
0.477661
0.540447
0.533845
0.523071
0.515682
0.515337
0.487407
0.487636
0.458855
0.508864
0.519893
0.458858
0.537771
0.482557
0.490898
0.568054
0.493622
0.499291
0.482698
0.507752
0.467207
0.506097
0.559802
0.500275
0.468239
0.555246
0.472239
0.483043
0.511837
0.560482
0.439461
0.457453
0.489061
0.555272
0.51174
0.538223
0.498383
0.489957
0.495927
0.500064
0.464956
0.454671
0.502451
0.528568
0.504564
0.454909
0.500436
0.462172
0.48912
0.516614
0.507805
0.512089
0.500598
0.557662
0.463249
0.507066
0.49026
0.542622
0.506943
0.459858
0.510071
0.49765
0.476867
0.482278
0.523157
0.532425
0.477626
0.495712
0.520194
0.475959
0.518628
0.513968
0.498602
0.463198
0.518509
0.545328
0.471417
0.509253
0.48267
0.530692
0.502709
0.498165
0.490801
0.474676
0.516438
0.493063
0.501279
0.466543
0.475601
0.524587
0.499294
0.477848
0.478569
0.484466
0.525602
0.473661
0.549467
0.491116
0.462764
0.494257
0.479489
0.514126
0.475745
0.534127
0.476008
0.494531
0.51376
0.475216
0.51637
0.547715
0.490234
0.521225
0.503239
0.525846
0.53775
0.47989
0.54837
0.516708
0.464864
0.520082
0.491682
0.525795
0.531658
0.550624
0.512512
0.518561
0.510913
0.497685
0.499923
0.519686
0.521766
0.537642
0.548932
0.476245
0.462737
0.472267
0.519552
0.511638
0.490995
0.433128
0.465501
0.567178
0.494737
0.562074
0.469472
0.49819
0.505561
0.514675
0.521826
0.501514
0.5477
0.483504
0.509588
0.50128
0.501003
0.438116
0.482624
0.509818
0.49452
0.518623
0.493867
0.530608
0.487591
0.499721
0.500471
0.490109
0.465289
0.502052
0.462773
0.555369
0.495107
0.547778
0.537924
0.504281
0.521763
0.527234
0.505081
0.495358
0.506994
0.503545
0.529022
0.513902
0.54121
0.502072
0.509065
0.541455
0.493894
0.481574
0.450162
0.535382
0.55962
0.513944
0.533053
0.495486
0.48655
0.559416
0.510342
0.494518
0.504308
0.474095
0.525372
0.539453
0.518085
0.5167
0.490791
0.490419
0.495871
0.561397
0.523653
0.524144
0.445659
0.543579
0.553964
0.488799
0.539537
0.535493
0.483519
0.507116
0.521499
0.538563
0.431921
0.534648
0.525884
0.48931
0.47665
0.500053
0.483303
0.495718
0.514068
0.484277
0.500927
0.510947
0.508215
0.495501
0.484022
0.511244
0.45429
0.506742
0.495592
0.494944
0.523685
0.542974
0.501016
0.459429
0.537444
0.474639
0.484553
0.522917
0.535022
0.524439
0.504581
0.55797
0.485233
0.47427
0.484456
0.503574
0.506237
0.469175
0.555858
0.492685
0.491461
0.515197
0.471505
0.472107
0.508327
0.538004
0.494108
0.501581
0.496649
0.539157
0.568435
0.528954
0.543589
0.506902
0.453374
0.508311
0.512039
0.528359
0.500854
0.487939
0.459305
0.469981
0.508508
0.534999
0.442969
0.453158
0.482956
0.493787
0.480803
0.471847
0.470574
0.554445
0.481616
0.479095
0.532623
0.509015
0.483895
0.509335
0.561632
0.541698
0.489129
0.493325
0.495882
0.460195
0.446686
0.522615
0.498891
0.475012
0.497117
0.550406
0.530757
0.523594
0.540762
0.475679
0.488242
0.476171
0.508534
0.507476
0.48048
0.410188
0.491754
0.496196
0.49716
0.500192
0.43792
0.508794
0.476088
0.500054
0.50927
0.514746
0.446984
0.494401
0.55103
0.499664
0.51839
0.496131
0.49621
0.49343
0.504576
0.506887
0.49383
0.46973
0.559307
0.557364
0.48745
0.493853
0.51335
0.494327
0.490872
0.545645
0.522595
0.471214
0.567905
0.50448
0.493674
0.479191
0.533044
0.533122
0.523932
0.455551
0.479965
0.467372
0.482653
0.486315
0.444691
0.458349
0.520389
0.549919
0.510309
0.494295
0.543287
0.458859
0.510119
0.508787
0.519274
0.476172
0.466086
0.502201
0.442994
0.473626
0.459465
0.493343
0.486346
0.458492
0.530482
0.508087
0.451523
0.525774
0.483946
0.501914
0.483411
0.472777
0.507654
0.523228
0.468229
0.482884
0.520486
0.504308
0.475287
0.505408
0.537041
0.546789
0.42873
0.448418
0.535711
0.50854
0.51615
0.481385
0.447052
0.448804
0.470939
0.514545
0.509329
0.488502
0.495251
0.421844
0.528127
0.512536
0.520465
0.484341
0.556872
0.501011
0.482005
0.520946
0.465173
0.49621
0.515399
0.453368
0.481825
0.542228
0.540463
0.522143
0.519377
0.514122
0.500464
0.500626
0.507121
0.483457
0.503154
0.483814
0.499389
0.527124
0.480547
0.55888
0.556021
0.496309
0.534302
0.504285
0.50189
0.522478
0.463607
0.524361
0.472356
0.517257
0.452419
0.486214
0.471521
0.503094
0.552952
0.495847
0.480157
0.58155
0.522273
0.520359
0.500199
0.486134
0.488894
0.473109
0.51265
0.486512
0.506228
0.488713
0.465803
0.521002
0.539782
0.504743
0.540632
0.454211
0.534968
0.487024
0.440236
0.476694
0.542406
0.535372
0.560218
0.493507
0.527585
0.516683
0.516858
0.438537
0.481775
0.472219
0.509969
0.521472
0.511046
0.525986
0.527303
0.514297
0.530277
0.481065
0.527387
0.504186
0.549039
0.500778
0.507661
0.489661
0.526206
0.461569
0.534791
0.496906
0.470191
0.494462
0.504041
0.463095
0.471666
0.491979
0.564565
0.523617
0.435655
0.527395
0.507508
0.500078
0.549856
0.503202
0.473783
0.505946
0.516087
0.445649
0.498396
0.446713
0.49172
0.532257
0.498208
0.561463
0.49798
0.48915
0.53999
0.502705
0.491981
0.505107
0.515665
0.461352
0.519386
0.539195
0.471592
0.543724
0.494545
0.518856
0.488791
0.447451
0.48501
0.545339
0.530956
0.533137
0.487281
0.503328
0.557158
0.498681
0.510675
0.471664
0.496097
0.543115
0.496177
0.51202
0.518775
0.496837
0.527165
0.502414
0.536483
0.505119
0.528869
0.512427
0.490957
0.501759
0.483446
0.49701
0.523591
0.489756
0.497548
0.505746
0.460578
0.435879
0.469253
0.464445
0.520848
0.506013
0.491238
0.495953
0.543693
0.488143
0.507063
0.507041
0.542938
0.519868
0.467454
0.468255
0.484539
0.537304
0.503438
0.513595
0.444492
0.502268
0.463231
0.476915
0.503908
0.484596
0.499736
0.49189
0.49815
0.526494
0.505528
0.492459
0.476894
0.475777
0.512212
0.490586
0.491993
0.534887
0.511011
0.528247
0.50002
0.532552
0.491481
0.450484
0.516361
0.464965
0.515205
0.496431
0.527737
0.503368
0.531362
0.515166
0.500033
0.484899
0.521028
0.503278
0.508295
0.523586
0.527097
0.511011
0.545792
0.498373
0.476692
0.503874
0.518995
0.475025
0.50294
0.516581
0.545364
0.558822
0.502987
0.4962
0.550812
0.494885
0.44913
0.481389
0.513723
0.513034
0.459935
0.544587
0.532393
0.484039
0.548229
0.48404
0.472782
0.484138
0.52282
0.482539
0.513434
0.50471
0.520844
0.499739
0.454456
0.523961
0.507593
0.524938
0.487425
0.467512
0.500715
0.557189
0.463093
0.484759
0.475652
0.519621
0.503776
0.527873
0.499188
0.484847
0.557291
0.52033
0.507998
0.45833
0.449319
0.49183
0.499053
0.496574
0.48108
0.506494
0.488768
0.517041
0.489176
0.491201
0.527767
0.476638
0.504489
0.450953
0.508134
0.485668
0.477012
0.50813
0.550039
0.494114
0.503476
0.522522
0.494589
0.497135
0.514658
0.499006
0.499807
0.496642
0.499244
0.469741
0.506598
0.485834
0.481112
0.497765
0.551574
0.473569
0.536928
0.478856
0.443632
0.485445
0.430909
0.538553
0.50113
0.478463
0.513652
0.491178
0.48657
0.496148
0.481874
0.497778
0.505639
0.501005
0.48597
0.479816
0.467484
0.491189
0.482241
0.505528
0.513114
0.52825
0.526676
0.475786
0.588787
0.532842
0.477159
0.486368
0.461256
0.535269
0.490989
0.483494
0.52177
0.45773
0.454562
0.51951
0.485672
0.475162
0.532118
0.525595
0.514504
0.511529
0.470415
0.46836
0.507466
0.548451
0.486195
0.527226
0.47912
0.483045
0.493344
0.499438
0.54021
0.491841
0.526589
0.529613
0.498468
0.537667
0.508633
0.500673
0.456288
0.486361
0.51759
0.473058
0.532141
0.510193
0.501595
0.469078
0.522606
0.454878
0.527473
0.469293
0.501887
0.557033
0.490326
0.527789
0.455696
0.568988
0.490934
0.503217
0.516382
0.477785
0.517824
0.482493
0.526172
0.49528
0.5309
0.474003
0.535394
0.446189
0.473492
0.50722
0.492582
0.450976
0.509717
0.50558
0.523305
0.530451
0.484011
0.469513
0.534622
0.488945
0.459713
0.496493
0.492022
0.48295
0.463586
0.504979
0.425729
0.482091
0.483129
0.459138
0.503253
0.51931
0.463575
0.491204
0.515048
0.557123
0.511437
0.448366
0.510167
0.526855
0.471485
0.511051
0.518777
0.537689
0.444022
0.499472
0.498419
0.452437
0.459345
0.445332
0.470882
0.486892
0.476248
0.515546
0.486561
0.469636
0.49146
0.544854
0.463192
0.519183
0.496887
0.534215
0.485816
0.495336
0.491528
0.511839
0.484866
0.481621
0.46494
0.463745
0.509238
0.525683
0.509144
0.520717
0.461235
0.474516
0.515817
0.518527
0.490242
0.471405
0.515674
0.558305
0.512022
0.481442
0.486898
0.513934
0.480505
0.522517
0.4895
0.493342
0.468933
0.488627
0.492477
0.500558
0.507253
0.532403
0.50065
0.555421
0.552623
0.523718
0.528062
0.527812
0.509909
0.471258
0.494791
0.473276
0.529044
0.503919
0.544074
0.44692
0.54613
0.508924
0.446608
0.502457
0.525156
0.49351
0.468899
0.513271
0.417206
0.527089
0.422547
0.442377
0.514027
0.470731
0.521327
0.458155
0.532847
0.550863
0.502948
0.55273
0.489296
0.53405
0.482368
0.49987
0.495331
0.479732
0.513535
0.489287
0.529014
0.487802
0.496432
0.504205
0.50304
0.527885
0.526296
0.489072
0.53887
0.537205
0.521894
0.5043
0.503364
0.523913
0.529727
0.534898
0.494774
0.552745
0.521032
0.489878
0.494979
0.469892
0.518464
0.5193
0.564832
0.483948
0.549334
0.475854
0.569503
0.479829
0.512271
0.527821
0.470684
0.512512
0.504188
0.480318
0.56253
0.527495
0.554424
0.471687
0.508225
0.454828
0.472943
0.531896
0.494029
0.503621
0.499455
0.519853
0.527697
0.523865
0.530345
0.496477
0.53813
0.50248
0.500276
0.550424
0.553155
0.520436
0.475348
0.493329
0.492277
0.517838
0.494681
0.511449
0.461312
0.503841
0.537302
0.460577
0.465755
0.488279
0.531215
0.521096
0.489756
0.501876
0.541514
0.560064
0.487601
0.511911
0.46443
0.517191
0.534543
0.510227
0.574182
0.541585
0.543883
0.480438
0.499502
0.446147
0.507163
0.471231
0.546712
0.506491
0.484351
0.512617
0.556234
0.541253
0.470886
0.512022
0.549398
0.440678
0.488471
0.457084
0.48243
0.500349
0.496475
0.512037
0.514489
0.496942
0.51083
0.514552
0.496641
0.492872
0.477287
0.499912
0.478623
0.516714
0.485917
0.519395
0.520295
0.446273
0.50373
0.469744
0.514638
0.541167
0.472275
0.530595
0.519188
0.511817
0.477114
0.526733
0.52276
0.4917
0.476033
0.48207
0.514365
0.509753
0.482867
0.512193
0.601164
0.519797
0.463815
0.51238
0.482364
0.503858
0.503125
0.487945
0.485909
0.506259
0.455013
0.483797
0.544846
0.46536
0.478702
0.500079
0.510253
0.479815
0.473448
0.510765
0.507586
0.496233
0.440433
0.512096
0.493336
0.505102
0.448398
0.46772
0.478854
0.561867
0.489891
0.457421
0.498243
0.500026
0.535004
0.566299
0.577161
0.533118
0.469479
0.481293
0.519442
0.512494
0.47405
0.55191
0.518383
0.457722
0.471901
0.522032
0.499592
0.456523
0.511118
0.519691
0.522259
0.541097
0.479001
0.531674
0.495733
0.477724
0.535118
0.499833
0.47827
0.576511
0.499981
0.515988
0.544845
0.528159
0.486196
0.522282
0.480881
0.474628
0.538997
0.513868
0.468787
0.540574
0.553008
0.460818
0.50417
0.502431
0.492125
0.526095
0.528605
0.462011
0.489384
0.486506
0.495826
0.451514
0.543702
0.513475
0.498223
0.486788
0.48035
0.490526
0.45052
0.515757
0.552046
0.494358
0.507501
0.498856
0.507538
0.51637
0.472661
0.478369
0.424549
0.491524
0.494671
0.533537
0.513967
0.451421
0.508511
0.508311
0.472144
0.498451
0.508154
0.51863
0.478193
0.50791
0.47769
0.496091
0.513145
0.474951
0.53774
0.544894
0.477845
0.533236
0.494051
0.508933
0.49647
0.522186
0.515152
0.445907
0.492529
0.459672
0.445924
0.545327
0.524232
0.517059
0.493984
0.497299
0.476104
0.483442
0.465743
0.508946
0.493703
0.565978
0.519012
0.48536
0.518342
0.533172
0.499045
0.441944
0.488663
0.527995
0.494878
0.455027
0.465959
0.497718
0.482845
0.537626
0.550112
0.50732
0.464154
0.527235
0.503015
0.463367
0.453381
0.492496
0.436366
0.495213
0.544778
0.505658
0.520698
0.500418
0.503244
0.487673
0.472525
0.451247
0.536865
0.492814
0.476479
0.549128
0.45787
0.509693
0.489314
0.453946
0.518895
0.465548
0.502644
0.505043
0.531422
0.510676
0.531302
0.540804
0.493273
0.519891
0.484192
0.483701
0.492031
0.507873
0.524495
0.437672
0.461264
0.425294
0.466127
0.474707
0.526426
0.532586
0.493303
0.497521
0.48731
0.528235
0.5101
0.495184
0.543931
0.498466
0.516881
0.458585
0.542711
0.485204
0.470452
0.482604
0.499838
0.52918
0.49485
0.481873
0.508688
0.52506
0.519609
0.476989
0.538158
0.545464
0.482391
0.518062
0.48882
0.490766
0.492868
0.472483
0.493741
0.541535
0.494707
0.563758
0.470858
0.490496
0.522552
0.478314
0.493782
0.520893
0.460869
0.507136
0.447907
0.468118
0.501536
0.489111
0.498689
0.52149
0.457037
0.532957
0.518989
0.463055
0.516159
0.474612
0.502334
0.500278
0.519047
0.506956
0.478983
0.469515
0.508499
0.518742
0.491676
0.527124
0.494381
0.519609
0.53793
0.455102
0.548029
0.45806
0.525764
0.498113
0.523512
0.489267
0.519727
0.558798
0.532648
0.57959
0.514105
0.528215
0.50062
0.514677
0.520181
0.508321
0.47909
0.468023
0.494418
0.503332
0.543682
0.496868
0.484452
0.526862
0.512696
0.482294
0.469756
0.541716
0.463945
0.500417
0.473861
0.459188
0.466577
0.491532
0.495003
0.514771
0.504766
0.504089
0.492076
0.507129
0.52014
0.460389
0.512754
0.497219
0.509829
0.480849
0.480677
0.554435
0.486996
0.523742
0.478557
0.506647
0.500739
0.517256
0.524089
0.451011
0.502236
0.460771
0.545542
0.492428
0.483992
0.572222
0.463896
0.496522
0.519092
0.518409
0.488416
0.514017
0.49731
0.515158
0.492523
0.523381
0.524963
0.554172
0.476842
0.548622
0.51537
0.533484
0.476306
0.499103
0.486821
0.468356
0.538185
0.478252
0.494888
0.46952
0.42792
0.518043
0.515994
0.505621
0.509633
0.476132
0.519089
0.526752
0.508194
0.4825
0.512317
0.45594
0.479704
0.492505
0.501552
0.47547
0.447298
0.463201
0.487666
0.484922
0.529112
0.539801
0.479425
0.497782
0.515306
0.509164
0.538861
0.493522
0.541021
0.51718
0.50602
0.472006
0.472128
0.496924
0.499946
0.497112
0.480666
0.494458
0.43278
0.536433
0.536825
0.50915
0.473848
0.533938
0.464356
0.475398
0.42062
0.532467
0.496293
0.50262
0.503402
0.472941
0.437843
0.520386
0.490647
0.437141
0.50333
0.515584
0.501759
0.530964
0.454074
0.458471
0.514254
0.505002
0.474064
0.444499
0.502168
0.47933
0.540314
0.46879
0.552582
0.499382
0.444772
0.470131
0.457128
0.519788
0.514649
0.491364
0.475369
0.513035
0.528063
0.493047
0.486919
0.459848
0.481851
0.517266
0.499167
0.458149
0.47844
0.468465
0.517509
0.527476
0.488637
0.47817
0.50493
0.505739
0.497236
0.560492
0.467834
0.485177
0.548287
0.475269
0.534986
0.50441
0.526929
0.485734
0.52645
0.513443
0.474645
0.557575
0.52938
0.5385
0.524823
0.566274
0.517567
0.513581
0.445491
0.519584
0.521589
0.525588
0.536112
0.442035
0.496454
0.509919
0.525294
0.498328
0.493616
0.503391
0.506319
0.472512
0.534218
0.511377
0.477333
0.489792
0.51046
0.536022
0.453104
0.497878
0.511957
0.592422
0.455195
0.504711
0.543955
0.509635
0.447452
0.469473
0.544296
0.523398
0.463654
0.513741
0.505991
0.427436
0.474234
0.509657
0.532287
0.480223
0.478913
0.542004
0.551103
0.484077
0.482145
0.551044
0.475694
0.53347
0.508235
0.523011
0.428444
0.549414
0.553014
0.495116
0.454642
0.506816
0.468937
0.461957
0.503123
0.561653
0.54049
0.540197
0.480654
0.474873
0.496767
0.44839
0.576926
0.489862
0.518106
0.468822
0.497051
0.490386
0.48365
0.518259
0.508407
0.505858
0.536713
0.454459
0.468736
0.510815
0.524816
0.525334
0.492354
0.505479
0.501291
0.477629
0.501348
0.514281
0.495296
0.482004
0.508638
0.539214
0.487142
0.541381
0.439789
0.484898
0.505796
0.459443
0.480424
0.452227
0.46544
0.486152
0.516137
0.487475
0.507949
0.487162
0.531768
0.51374
0.46818
0.504005
0.486918
0.57159
0.508935
0.461926
0.494581
0.505799
0.522479
0.492232
0.509765
0.495043
0.545483
0.516048
0.464977
0.511419
0.52427
0.536338
0.499451
0.486687
0.487243
0.455068
0.498987
0.502088
0.52136
0.492403
0.523287
0.488625
0.499539
0.494789
0.527651
0.474669
0.485867
0.498813
0.475911
0.54779
0.445486
0.477705
0.541489
0.517654
0.496031
0.477367
0.483437
0.526896
0.547496
0.548793
0.534343
0.496811
0.547403
0.513764
0.526985
0.544768
0.508148
0.510687
0.496591
0.510195
0.533403
0.537458
0.495593
0.486038
0.510438
0.44822
0.497746
0.482538
0.455258
0.490893
0.528489
0.490229
0.487404
0.522349
0.498419
0.509015
0.521316
0.538111
0.506752
0.530203
0.491123
0.463447
0.491662
0.518381
0.465729
0.512736
0.55434
0.49999
0.491087
0.483979
0.513689
0.48549
0.506516
0.475332
0.528495
0.501987
0.511951
0.510541
0.523967
0.523182
0.532998
0.520137
0.439524
0.483541
0.470658
0.485288
0.504683
0.533544
0.462613
0.511168
0.469954
0.492895
0.542935
0.476724
0.499586
0.498559
0.4871
0.517711
0.503063
0.484519
0.509173
0.539878
0.482208
0.51011
0.47806
0.519173
0.530784
0.483811
0.519669
0.465845
0.513454
0.479378
0.481893
0.489318
0.530986
0.491175
0.559255
0.46071
0.488571
0.485602
0.454113
0.499877
0.524131
0.46547
0.441294
0.553845
0.513491
0.524219
0.523028
0.463527
0.519299
0.466841
0.481058
0.485575
0.480547
0.544383
0.512807
0.466256
0.539599
0.45892
0.488471
0.524229
0.503569
0.455848
0.485914
0.55909
0.456948
0.470401
0.55024
0.452559
0.512347
0.525238
0.53492
0.559203
0.516223
0.505996
0.461347
0.493535
0.526478
0.471682
0.49369
0.460404
0.498795
0.506759
0.475929
0.485517
0.468584
0.541834
0.517943
0.452991
0.525432
0.489789
0.517523
0.466799
0.516901
0.454258
0.485191
0.462986
0.49858
0.507307
0.498694
0.459534
0.547248
0.503197
0.444049
0.440746
0.524021
0.48511
0.480027
0.513027
0.574373
0.471707
0.522922
0.49894
0.561896
0.480395
0.538511
0.536404
0.472668
0.494177
0.498064
0.479915
0.45712
0.518963
0.475278
0.540663
0.476262
0.488215
0.501019
0.502423
0.509153
0.481798
0.502735
0.54009
0.518487
0.485917
0.495429
0.497735
0.531162
0.521014
0.491057
0.513058
0.500726
0.4445
0.493224
0.565118
0.528549
0.495188
0.474066
0.542197
0.570625
0.526322
0.500178
0.476699
0.486853
0.494057
0.514476
0.503938
0.499689
0.508272
0.470852
0.461697
0.499037
0.482599
0.528519
0.457438
0.570251
0.450529
0.5129
0.510029
0.542137
0.524483
0.489945
0.512872
0.51181
0.514709
0.460758
0.485297
0.533297
0.464898
0.533393
0.499107
0.486753
0.451374
0.448708
0.537143
0.505169
0.492751
0.477144
0.550745
0.525446
0.496923
0.503309
0.522984
0.550701
0.532252
0.475239
0.494545
0.600702
0.439859
0.475212
0.489121
0.477283
0.533857
0.548987
0.445219
0.491625
0.506426
0.490348
0.481222
0.490285
0.4746
0.497829
0.520606
0.516827
0.465626
0.500486
0.484179
0.465957
0.497797
0.449596
0.476211
0.437017
0.483606
0.493169
0.521343
0.503715
0.462118
0.500125
0.529132
0.516977
0.497423
0.441032
0.533132
0.497788
0.470044
0.462266
0.431354
0.476896
0.558187
0.45048
0.515015
0.518257
0.515691
0.504247
0.532418
0.543095
0.493571
0.499756
0.524868
0.481455
0.512012
0.487434
0.53147
0.478115
0.479704
0.496375
0.509711
0.519747
0.527378
0.493444
0.44868
0.460186
0.512434
0.523934
0.481814
0.52069
0.521524
0.480651
0.536038
0.512071
0.457969
0.458301
0.45418
0.475558
0.480883
0.500058
0.477526
0.469282
0.45289
0.483177
0.495405
0.537249
0.503284
0.520546
0.498662
0.467675
0.463541
0.47503
0.53391
0.507567
0.492027
0.523499
0.485423
0.470415
0.514795
0.467407
0.491552
0.483876
0.529342
0.4968
0.562539
0.494322
0.508194
0.494623
0.476603
0.495129
0.469209
0.528209
0.481166
0.465585
0.469459
0.564818
0.516112
0.517276
0.439567
0.518109
0.54593
0.554857
0.495386
0.552401
0.437639
0.478042
0.503883
0.531632
0.42135
0.451725
0.490106
0.499852
0.530359
0.521083
0.472112
0.510157
0.477629
0.498547
0.500727
0.528916
0.495549
0.569515
0.471019
0.532184
0.545832
0.523676
0.432349
0.531161
0.526446
0.518824
0.473885
0.463584
0.532427
0.454047
0.512451
0.467916
0.537479
0.51914
0.53958
0.497221
0.513207
0.44715
0.524657
0.479581
0.42288
0.476896
0.491017
0.451953
0.486587
0.472369
0.481878
0.494316
0.494665
0.505858
0.502982
0.461006
0.476273
0.551703
0.458823
0.446099
0.50999
0.507529
0.469331
0.509721
0.513309
0.499854
0.49389
0.472165
0.497893
0.460929
0.42957
0.482681
0.537498
0.5137
0.490433
0.509819
0.495393
0.521753
0.544809
0.500207
0.528198
0.511135
0.487397
0.462619
0.502978
0.5109
0.503084
0.494233
0.484493
0.449287
0.499337
0.485937
0.479464
0.562375
0.524064
0.493558
0.524737
0.512112
0.525803
0.491902
0.516224
0.500575
0.513125
0.488465
0.505479
0.557358
0.480113
0.493703
0.490804
0.506939
0.534806
0.504723
0.449752
0.532915
0.51748
0.519283
0.519898
0.505983
0.52563
0.556962
0.474754
0.502525
0.56254
0.504394
0.461712
0.5107
0.516313
0.441419
0.418882
0.480879
0.516232
0.49504
0.477696
0.527345
0.493335
0.498063
0.518164
0.508085
0.532067
0.509282
0.473651
0.549589
0.509897
0.522096
0.532047
0.513507
0.521766
0.498429
0.540213
0.502047
0.466245
0.554826
0.508571
0.508989
0.480277
0.5176
0.482715
0.483187
0.519375
0.563914
0.528917
0.491441
0.500161
0.455656
0.510413
0.467605
0.472106
0.493001
0.501323
0.514812
0.535361
0.514516
0.445102
0.497687
0.511537
0.480704
0.514383
0.441431
0.494336
0.527841
0.549094
0.574635
0.476871
0.508994
0.459719
0.542722
0.532583
0.469097
0.52258
0.528871
0.516616
0.480942
0.514023
0.459303
0.494519
0.51899
0.460361
0.489821
0.465166
0.537842
0.530481
0.500448
0.464752
0.442279
0.487957
0.495069
0.488752
0.535714
0.50957
0.482931
0.468716
0.493962
0.527092
0.478886
0.530767
0.511175
0.539224
0.499247
0.442689
0.504838
0.510549
0.510137
0.516469
0.476689
0.504385
0.4752
0.493179
0.456441
0.526407
0.519558
0.547059
0.485189
0.50592
0.506875
0.445693
0.535356
0.541648
0.466418
0.453135
0.514081
0.518921
0.536979
0.522875
0.456901
0.435138
0.484541
0.497513
0.498613
0.500371
0.480557
0.582017
0.528191
0.479992
0.497718
0.537436
0.484626
0.496195
0.520088
0.501955
0.550575
0.495298
0.544482
0.516148
0.490679
0.467677
0.469951
0.499329
0.501445
0.477234
0.552268
0.453846
0.539545
0.497256
0.470269
0.484223
0.535425
0.449546
0.50094
0.508006
0.539089
0.513701
0.550122
0.465184
0.474933
0.54341
0.525698
0.443089
0.512514
0.476652
0.49015
0.523606
0.480114
0.536662
0.549357
0.449614
0.527986
0.500544
0.504508
0.517497
0.478154
0.502408
0.444002
0.502615
0.527634
0.527901
0.462219
0.494618
0.491967
0.497009
0.532022
0.489461
0.565922
0.482008
0.537887
0.535001
0.508256
0.537436
0.48651
0.517065
0.517399
0.498958
0.53179
0.502834
0.474947
0.488008
0.531046
0.548457
0.463824
0.50907
0.479351
0.547729
0.478006
0.506493
0.478854
0.51874
0.500664
0.537687
0.509974
0.475357
0.43762
0.549601
0.491326
0.480412
0.532968
0.545346
0.505269
0.527471
0.483761
0.427835
0.445937
0.508071
0.500616
0.507324
0.466642
0.451286
0.501124
0.559726
0.513515
0.472495
0.472942
0.512561
0.462261
0.48825
0.523434
0.495444
0.524904
0.494088
0.532738
0.521952
0.473401
0.472183
0.497139
0.519779
0.446991
0.515711
0.47962
0.516021
0.500162
0.536789
0.444464
0.494499
0.51811
0.464885
0.452784
0.481965
0.50656
0.502548
0.445855
0.480087
0.532826
0.485364
0.533126
0.500077
0.524995
0.492979
0.511784
0.426844
0.546087
0.488093
0.494743
0.519539
0.480095
0.490281
0.503941
0.555377
0.476755
0.521529
0.495807
0.543597
0.501934
0.490347
0.525791
0.506455
0.510513
0.501348
0.528812
0.424102
0.518624
0.537154
0.492514
0.460242
0.482143
0.489519
0.5102
0.485434
0.498282
0.476528
0.500314
0.504909
0.507183
0.482758
0.549358
0.507798
0.500372
0.48928
0.515107
0.504613
0.502956
0.510355
0.476998
0.489893
0.496428
0.483728
0.500582
0.486857
0.528976
0.561374
0.502895
0.500961
0.48014
0.50758
0.535637
0.529225
0.496728
0.561233
0.483023
0.512204
0.496827
0.4892
0.541194
0.535487
0.518823
0.537656
0.456046
0.507583
0.562275
0.518252
0.536378
0.491086
0.497531
0.485996
0.489195
0.513985
0.50096
0.515708
0.484087
0.547994
0.51268
0.533943
0.463516
0.490777
0.493637
0.473243
0.475923
0.488948
0.478943
0.485598
0.478496
0.458716
0.51431
0.541996
0.546505
0.521053
0.502489
0.554925
0.516058
0.478254
0.486571
0.490713
0.467158
0.488773
0.497017
0.468578
0.553941
0.527204
0.519323
0.513258
0.498969
0.466283
0.459156
0.488105
0.498444
0.467787
0.51187
0.465506
0.46523
0.519205
0.47325
0.471523
0.466551
0.523054
0.488384
0.481606
0.463243
0.465717
0.485512
0.504273
0.517431
0.51268
0.46175
0.539621
0.465513
0.527035
0.487552
0.459544
0.463314
0.558137
0.456782
0.486541
0.530304
0.517272
0.529285
0.487975
0.469735
0.507237
0.482816
0.512675
0.49158
0.542672
0.481212
0.516737
0.525161
0.528057
0.525679
0.515416
0.518313
0.470217
0.49607
0.507978
0.469992
0.452232
0.499029
0.522379
0.533171
0.465612
0.54987
0.506657
0.47493
0.507625
0.455078
0.523913
0.51058
0.480642
0.502296
0.497741
0.518733
0.560377
0.524679
0.524999
0.494159
0.519905
0.476488
0.532786
0.495336
0.466322
0.476797
0.526505
0.473535
0.456924
0.518195
0.525884
0.52035
0.561789
0.537349
0.515832
0.500523
0.459626
0.49431
0.498998
0.51694
0.513769
0.507428
0.536926
0.464695
0.505201
0.46077
0.536656
0.481068
0.489463
0.460888
0.479669
0.508313
0.54434
0.469839
0.530034
0.506121
0.505199
0.471316
0.498643
0.480637
0.484838
0.476765
0.500405
0.476908
0.474735
0.458375
0.511269
0.49162
0.464578
0.475805
0.511966
0.463036
0.476923
0.483521
0.495322
0.494962
0.503892
0.495634
0.494043
0.531659
0.502757
0.475094
0.505823
0.500549
0.497296
0.514127
0.522666
0.549599
0.491797
0.512789
0.501297
0.496264
0.42459
0.512509
0.461521
0.484849
0.537961
0.511497
0.509423
0.469178
0.481351
0.48889
0.492278
0.517444
0.484696
0.514522
0.502039
0.546104
0.538787
0.491169
0.524292
0.54971
0.479528
0.536175
0.509537
0.443538
0.522969
0.48931
0.443683
0.495892
0.537979
0.573743
0.444626
0.47697
0.473443
0.457007
0.501784
0.521149
0.526862
0.498829
0.53547
0.469573
0.511211
0.472702
0.46297
0.509927
0.526956
0.47807
0.488207
0.480256
0.536088
0.510001
0.511863
0.483714
0.50505
0.493233
0.508836
0.481113
0.473441
0.537449
0.479905
0.528157
0.525363
0.53068
0.52448
0.524222
0.470291
0.507685
0.51131
0.499567
0.51034
0.49021
0.474028
0.517842
0.5608
0.505974
0.448396
0.530787
0.520824
0.503279
0.50815
0.451968
0.481129
0.488111
0.506283
0.476449
0.485602
0.500594
0.528684
0.443268
0.453671
0.577703
0.526969
0.477588
0.510325
0.549075
0.487405
0.529399
0.460657
0.512822
0.522788
0.485651
0.505803
0.438204
0.494159
0.492688
0.567146
0.542039
0.49923
0.455863
0.515678
0.515739
0.484383
0.513198
0.473375
0.509824
0.507148
0.519982
0.50347
0.502809
0.515991
0.481161
0.5065
0.511329
0.494334
0.488418
0.428996
0.46838
0.46564
0.518792
0.501698
0.496546
0.446471
0.471736
0.514165
0.493099
0.494371
0.551473
0.542655
0.513832
0.48746
0.501529
0.458153
0.502511
0.512619
0.52832
0.501422
0.522818
0.469121
0.480666
0.531946
0.529653
0.494609
0.52211
0.47765
0.526687
0.520274
0.472914
0.532262
0.47702
0.482118
0.508604
0.507198
0.523833
0.485184
0.531944
0.484844
0.547908
0.51761
0.515223
0.470113
0.518886
0.481397
0.419698
0.487137
0.497135
0.44676
0.439116
0.517995
0.47312
0.516937
0.504141
0.470327
0.511128
0.450335
0.544597
0.490724
0.554235
0.486881
0.496384
0.530766
0.537395
0.545463
0.45995
0.532574
0.51551
0.529318
0.497185
0.490768
0.483369
0.466271
0.473623
0.49769
0.494333
0.500669
0.44282
0.528777
0.474622
0.523904
0.519785
0.534952
0.540106
0.530395
