0.554624
1.15349
-0.783165
-3.14773
-0.567722
-0.722343
-0.214663
0.631363
2.34836
-6.94223
0.232364
-26.9798
-2.39107
-0.300221
0.00385347
-0.0587919
2.8418
-12.9902
1.50004
3.0149
-4.02302
-0.68894
2.2163
-1.69108
-1.88602
-0.423705
-0.590204
-1.00226
0.896352
-2445.11
1.47035
0.823263
-0.303095
-0.81456
-4.98209
0.188037
1.75546
-2.19488
-7.31149
5.45115
-0.413305
1.68187
0.456144
-0.251182
0.263119
-0.422422
-1.88511
-0.103835
0.296311
-16.5124
1.1583
-1.0432
-0.60417
0.194786
-3.34801
0.429703
1.24794
1.49361
0.655554
0.679593
4.149
-0.0496098
0.370034
2.03512
-0.218102
-1.28179
10.6347
-0.491893
-11.5653
-0.305372
4.99507
1.00283
-0.542126
1.01274
-2.50828
1.62966
0.38939
-0.0692504
2.91427
0.139921
-2.47256
-0.141449
1.81354
-0.151592
0.350619
0.893833
2.83342
0.980481
-3.08744
-0.767206
-0.622101
1.55562
0.960864
-0.101764
-1.62215
1.1315
2.1962
-0.371334
-0.153873
-0.0922903
-0.51147
-1.95344
-2.65754
-9.09587
0.143116
0.535168
1.59466
1.27918
0.183789
1.65105
-1.63181
1.01693
-0.0621918
6.72924
-2.06419
1.56775
-10.8983
-0.40392
-1.96527
0.263941
-4.40691
-0.433138
-0.248802
-0.388904
11.9462
-0.895383
3.08079
-0.555177
-4.26458
0.598333
-2.38573
1.5148
-0.127749
1.10065
2.41048
0.750762
-0.242564
3.84278
-0.695398
3.33943
2.24119
2.98816
-0.341005
1.40253
-1.90852
0.442871
-0.769852
-1.30322
2.86006
-1.02749
0.00944068
-0.840191
0.960839
1.16361
2.26561
1.03945
-0.733364
-0.238015
6.70936
1.14536
3.80249
1.25012
3.0849
-1.55533
-0.753179
10.314
0.45921
-0.202212
0.919228
0.0826647
0.808179
4.84365
0.710944
2.29334
0.582775
2.93678
13.3034
-1.15278
-2.56395
-0.153127
0.27322
-0.00841163
5.09592
0.120916
-3.69344
0.91728
0.735492
-0.681011
0.169575
1.41718
-0.604757
-1.11031
3.03229
-0.188958
-3.04694
-0.446805
4.59959
0.964387
0.0531851
-0.164634
-0.936767
-1.11288
-1.22764
0.352014
1.74999
-17.2773
0.0906154
-7.17507
0.617076
-70.1483
1.55079
-13.2001
2.80622
3.14298
-3.1272
-0.940113
-0.0171432
-5.73771
0.637599
2.33199
4.34157
-1.00535
0.532545
-1.40417
-0.626224
-0.312347
-0.971295
-0.0101663
0.459326
0.380847
1.03297
-0.139181
-14.8441
0.658107
-2.04109
-0.524788
-3.90679
-8.33882
0.0539152
0.520372
-0.597968
-3.69504
5.7662
-1.16974
1.86266
-1.62776
4.12537
-6.60558
-1.16221
0.0915453
0.5046
1.40274
9.71068
-2.15932
-1.03328
3.02591
1.33279
1.2403
-1.08434
25.3091
0.321079
0.937646
6.57921
1.0838
-1.15258
1.29791
0.160985
0.194976
0.678028
2.92772
4.42142
-4.88047
0.490257
-0.0589262
-0.250566
-5.5277
1.32089
0.957614
2.2903
1.53889
-1.51467
-0.141421
0.769866
4.48577
-0.113937
2.18788
-0.855413
-0.143974
-13.6706
26.5648
0.262581
-1.62431
0.706652
3.08876
-7.30985
0.716359
-446.69
-2.48675
1.24006
18.6595
-0.539751
-3.13121
1.20794
0.888449
267.635
0.736406
-0.793694
1.87489
0.808404
0.911882
0.240504
-0.0842821
22.5418
-0.410005
0.80928
0.0580415
1.72889
-11.5189
118.725
0.453629
0.441216
-0.184179
1.74377
0.76498
0.714981
-2.98706
-5.28799
-5.31995
1.55128
-0.667508
0.513017
-0.863856
-0.395874
-2.58898
-0.346893
1.31772
-0.430087
-0.480962
0.153133
-0.341443
0.346447
-0.0317049
0.652581
-7.91315
-0.351062
-0.283087
-0.469705
-0.0013837
-0.655438
8.40498
0.21547
-0.897969
0.0109646
0.0487415
-0.972229
-0.418832
-42.7495
-16.4841
0.984808
-2.46845
-0.0147578
0.0568885
-7.31971
1.05439
-0.544712
-0.114723
0.511721
-0.148999
0.28673
0.626006
1.8956
0.5616
5.04971
0.27621
-2.4656
-0.0395555
2.40515
107.179
-4.63537
0.954413
-0.0441627
0.32973
-0.365675
-3.17885
0.313127
-24.9186
5.2384
0.00713588
4.08978
-0.721324
-0.196936
0.313573
-16.456
-0.38515
0.166189
-4.18123
7.50788
4.40031
0.119043
-6.70001
-20.9418
0.10379
0.236192
6.36111
-0.191643
0.873645
-0.53183
7.19044
-1.09973
29.5089
1.4023
1.04427
0.485503
-0.748005
0.159199
0.725423
1.88169
0.0878464
-0.730694
-0.223829
0.394316
-1.58344
-0.148249
-0.122519
-26.3411
1.44537
-4.79977
1.83609
1.23804
0.337552
4.28606
1.90875
1.5065
-2.02585
-0.186122
0.851361
1.1057
4.12982
11.7029
2.45586
-0.584658
-0.910368
-1.51348
-0.42412
17.8177
9.75593
-0.32533
-13.128
-11.2978
1.6545
1.79342
0.503813
-0.362964
-0.543896
0.145327
1.02854
-40.887
-1.52239
0.296344
-1.32193
3.3134
0.218946
1.63294
0.108799
-0.171584
-0.32626
3.70227
-0.196661
1.55029
-0.0515293
-0.781937
1.21204
-0.669267
0.763127
-0.0130104
0.213124
12.0463
0.0136647
-0.977343
-0.0189612
7.09184
0.210469
-1.47405
0.068218
0.607813
-0.493391
-8.35808
0.200473
-1.08119
2.1167
0.592994
-1.22096
-1.21994
0.61222
0.204017
4.24241
0.0964868
32.0459
0.284057
1.10137
0.495615
4.33969
1.79547
0.43911
1.59619
-0.532618
-1.32227
-0.185691
-0.159769
0.543516
0.245431
-0.854249
0.959929
-1.26869
-1.55041
-1.54631
0.132192
0.914055
-1.76258
-0.347308
-1.24475
-0.675225
1.03529
1.53333
-22.5085
-0.531339
-1.77578
1.42647
-0.548907
1.18698
1.8397
-16.6212
-1.26168
-1.43694
-9.95477
7.84655
2.01052
-2.19886
-0.334119
-1.57961
2.11918
40.2989
8.68478
0.215329
0.392464
-0.0884418
0.0989132
1.33498
0.0367313
0.938909
0.210241
-0.522729
1.02076
-0.544089
-1.23827
-6.13916
-1.7176
-31.7607
0.649104
0.230475
-0.00112807
0.676909
-2.11794
-6.18993
-1.48061
-3.04378
4.07587
-0.7214
-1.37089
0.0912348
-1.90604
0.115632
0.268626
24.0396
-1.14668
-0.120929
-1.80942
1.42228
-0.401421
0.679603
-0.275925
-0.624435
3.68504
0.427551
-0.0108575
-0.701565
-0.231138
0.262376
3.13878
-3.34171
-6.33448
-2.53138
-0.450359
3.20338
-10.5628
0.391186
0.181942
1.60585
5.09805
1.99187
-3.95545
2.92248
1.28479
4.11494
-0.465017
-2.07942
4.26493
-0.722966
1.78768
1.07479
0.343926
0.856184
-0.529302
-0.150878
-0.229543
-0.427745
0.177743
-0.614324
1.1276
-2.6213
-0.237365
-2.30986
1.21562
0.333895
12.3233
-0.127887
0.862787
4.74917
-0.26866
0.204792
-0.320085
-0.920208
-2.0418
-1.18802
-0.31081
-4.52051
72.6388
0.131962
-0.137481
0.245185
2.22232
27.5218
2.15473
-0.0492515
-2.96497
0.0184621
-2.15888
0.111095
2.74871
-2.02882
0.181679
0.387831
1.69754
0.762801
-0.272479
0.464332
-3.29025
0.195805
-2.33416
0.505925
-1.86844
4.32756
1.55953
-1.8769
-1.67633
-0.586135
0.261895
-0.242753
1.7313
0.0934851
0.625297
-0.695732
1.70191
0.250774
-0.75115
-0.229102
-0.738991
-1.365
-0.304456
0.902098
-0.0560441
-0.489818
0.407448
0.0150158
3.07073
0.0159106
-0.201994
-3.01312
-1.20202
0.316471
-0.896853
-0.319222
-7.92801
-1.66925
0.260356
-0.229283
-0.761704
-0.560771
-3.39634
0.0513135
1.99556
0.221762
-3.09236
-0.952435
-0.456155
-0.86918
0.0451471
-9.50962
0.668865
0.392741
0.264766
-1.56956
0.354663
-0.857906
0.163882
-5.33736
-21.0448
0.140516
-0.359675
0.816414
-1.46872
0.675634
135.088
-0.00892601
-1.08892
-0.412394
3.51396
0.707412
0.302839
-0.582993
0.677799
-42.1359
0.0604001
1.38182
-1.28288
-0.883197
-1.67111
0.299233
0.347902
-5.97722
4.73807
1.95754
0.517422
0.719621
-0.794382
-1.48049
8.65609
1.03896
1.08496
0.151457
-0.882395
1.81305
0.125994
-4.1749
0.133187
0.392346
-3.44839
2.15828
-1.00228
-0.303415
-1.98578
0.930527
-0.79089
-1.19524
1.63082
1.36617
-4.13343
-0.438324
18.0935
3.07525
-0.257287
-35.2844
1.99779
0.308947
0.475334
3.8374
-5.12393
-2.08808
-2.55038
-1.10868
0.812222
-0.406855
-0.937442
-3.59549
0.603397
0.0469423
1.53612
-1.49221
-0.805923
-44.1951
2.04818
2.24817
0.0653393
1.01753
1.02847
1.18932
2.86656
0.596357
-8.66554
2.06745
-2.50357
-0.153262
-0.481782
0.107067
0.333051
19.4429
11.7729
1.64415
-4.98442
0.261104
1.01321
2.2033
0.566289
0.69854
3.86941
-5.7561
-0.658741
-0.374935
-1.15995
-1.38766
0.791473
-0.507749
-3.25304
-20.1377
1.05005
0.166327
0.85483
2.65454
-0.780292
0.0692717
0.263527
-0.874756
0.154132
1.55793
-15.7282
-2.20066
7.83561
-0.205148
-0.675578
0.420644
1.63302
0.750219
-32.1155
-1.76909
-2.35387
-0.0796505
0.330155
-1.74984
-1.36513
0.0207095
-1.33455
-0.61408
-1.04149
-0.820115
-1.86749
0.987725
-1.02517
-2.06924
0.412613
-1.62463
1.47464
1.32064
5.17179
-0.0564624
2.34233
0.519221
0.567136
1.72802
0.996872
2.61877
-1.88489
2.78534
0.02099
1.224
0.516426
0.784188
1.30005
1.44508
1.11541
-0.697499
-0.676574
-0.322043
-0.844353
-1.22316
10.2492
1.46061
-0.899755
-0.347729
0.45681
1.87272
0.468219
1.20421
-35.2181
-3.35599
-0.622544
1.07495
-0.271806
-0.04204
3.47324
0.413866
-0.526699
0.586454
3.30402
-0.88199
-0.646306
-1.47918
2.90633
-0.656096
-4.173
-0.223277
0.490129
-3.38807
-0.393408
-0.0264797
-0.0981589
-1.24624
-1.51895
0.494419
1.12528
-0.540898
2.69014
-0.794785
-0.221509
-1.5268
-0.000991246
-3.99728
-5.18976
-1.9941
3.60615
1.26562
-1.35854
0.650274
0.863538
2.28884
0.193725
1.24462
0.263367
2.10877
0.912459
2.14866
0.878523
0.0317935
-1.48706
-4.45319
-4.93169
1.6286
-0.696824
-0.510266
-2.04174
8.64772
-0.557062
-5.53329
-1.03334
1.68527
-2.15703
0.0339207
3.09757
0.0533778
-0.253771
0.564321
1.50876
-7.51214
-0.682319
-31.6053
-2.26747
1.26688
-0.14718
-1.59125
-0.195367
-0.932123
-0.959265
-4.56188
-2.58103
-2.08224
1.47012
-1.29011
1.58838
6.77402
-0.221922
-5.78723
-0.180254
-5.34915
0.561515
-0.851409
-6.00064
-3.07101
1.08847
0.801358
2.24081
0.767616
1.23192
0.25592
-3.75386
-0.662401
0.448945
0.721116
0.0966222
-0.512935
0.429541
0.532655
-1.11234
0.0104555
0.711216
0.608507
-2.7823
-1.72979
-2.3212
-2.94962
-2.91166
-0.818368
0.69946
0.924816
0.167943
-0.653009
-546.24
-3.36199
-1.81214
-0.252997
-0.246801
1.53945
2.51004
-0.955606
-1.98176
-0.404681
0.523205
-2.7478
1.10666
1.68973
4.25232
-0.461832
-0.583818
1.13266
0.63919
1.37695
-6.74034
-0.622128
-0.323774
0.786794
2.65192
-1.42335
0.791758
0.689819
-1.57297
0.727466
-3.78116
0.929339
-2.16371
3.98545
-2.22557
1.58266
0.664314
-0.305331
-0.970615
1.65377
-0.660189
-0.882246
-0.770719
1.36036
2.75724
1.35576
-1.93813
0.398157
-1.80497
-1.27375
1.3095
-0.934801
3.15113
-1.51561
0.328064
-10.9605
3.33768
0.621104
-0.742074
-0.816902
-0.679879
0.29442
1.08009
3.8783
1.26681
0.583566
5.02172
-0.138238
2.03082
-0.437965
0.248891
0.0666879
0.867946
-0.605118
-1.57433
0.33436
-0.0342196
-0.0874211
-8.15627
-0.421327
0.37732
-3.79155
-0.163028
2.66456
1.16566
9.06659
-1.15791
10.2389
1.05268
2.0428
4.61732
1.78485
12.0013
-0.744805
1.13454
-0.478595
0.377218
45.4536
-0.0833834
-4.29256
-0.0923273
-0.180106
18.6927
0.442134
2.0552
1.26763
-0.287123
-6.6481
-1.62269
5.90959
1.83124
37.6532
0.872858
-1.06748
0.100431
-10.8677
-0.496118
2.49986
-0.462419
0.803161
0.662919
1.0534
2.42578
8.35375
-7.62466
4.69861
16.7063
-0.848013
0.486923
-1.38504
-0.163538
0.510796
2.63787
1.61853
0.551342
-1.16679
0.0407237
0.887516
0.0792644
1.12521
-2.92267
12.3848
-18.2742
0.388727
0.118325
3.72454
-0.439158
-1.60877
-0.474416
9.21445
0.851232
3.41378
-3.47137
-1.45054
0.960279
-0.797079
6.85947
0.859842
1.23885
-0.738807
0.26465
0.350231
16.8573
-1.07043
7.33104
-0.715518
0.167926
0.0417123
-0.464904
-0.625329
-1.88605
0.301559
0.171285
-0.0167805
0.613921
2.07026
5.20223
-21.981
1.99294
-4.165
-12.0773
1.57107
13.4193
0.827526
1.08416
-2.67179
0.0119721
-0.901107
-0.174714
-6.94331
0.788869
8.72756
-0.225177
0.770842
-4.07809
3.46717
-0.848013
-0.737327
-11.1076
2.2611
0.335718
1.60163
0.532253
12.0256
-0.500733
-0.731659
-0.946687
0.182827
-0.393523
0.882085
-0.058262
0.441579
-0.320323
0.16717
-1.56775
-1.4596
0.511304
0.759008
-1.56368
0.533765
-0.511367
-2.00244
-6.28492
-2.88715
11.0113
76.9864
6.10382
0.313645
-5.39049
-1.21524
-0.316859
0.326123
0.40535
-1.38323
0.3763
-0.229397
0.24735
0.48023
-1.79219
6.61049
0.0288395
-0.407832
1.93468
0.348801
-0.0029377
0.745452
0.313817
-26.5052
2.16432
0.521743
1.38631
-1.09848
25.3902
-0.814355
-0.818887
-0.87516
-1.45251
1.00367
0.409525
2.0784
-0.687327
-0.62621
-2.24838
-10.8181
-0.00105568
-1.26006
0.617237
0.575072
1.04671
1.38103
-0.805597
-1.49406
-1.37437
0.52024
0.437868
1.83708
0.167465
-1.12949
-4.61605
0.886047
-0.774807
0.0304182
1.1318
1.49994
2.99958
-0.206721
0.548695
0.536966
2.24546
0.0431967
0.439748
0.796998
98.3806
45.1533
9.38954
-0.156862
1.14935
1.45601
-0.707668
18.5068
2.22967
0.326638
-6.89464
-1.22796
1.53059
1.69895
1.27136
-4.26564
-2.63651
0.379068
0.785548
-0.775838
-0.518704
0.622345
1.20926
-0.121357
-0.89288
3.07842
-3.52737
2.66753
6.88347
1.34816
2.11124
-0.282555
-0.369111
0.444387
0.88029
7.02854
0.70735
-1.2247
-7.68206
1.06141
-0.0685993
0.851877
0.263465
-0.207448
8.73662
2.17577
2.82017
0.894566
0.985521
-2.49794
-0.177913
-0.273582
0.387711
0.483638
0.0637393
1.59927
0.172861
-0.837278
2.93871
0.273123
1.02469
-4.40231
-8.67512
-0.365549
-0.86451
1.21671
-1.58965
-0.873403
1.13726
-0.416518
-1.77391
1.59155
0.629766
-1.12206
-1.76863
1.77341
3.05767
10.6122
31.4397
2.84558
2.54724
0.264626
0.955199
0.264683
9.944
0.164755
0.299383
1.00981
-1.91165
3.13649
-3.56582
2.54975
4.00279
0.101025
0.837289
0.715613
0.646196
0.88384
0.658757
0.649812
-1.09269
-0.335899
-0.751718
-0.101879
-0.758102
0.364158
-3.48797
-1.52084
0.0162746
-1.61728
-4.92967
-2.29141
-0.604745
-2.09393
-1.82893
-0.139638
-2.1728
1.43485
-1.16902
-0.983034
2.03074
0.9541
-0.434839
-1.03216
-0.0783794
-9.65087
-0.180218
-1.81823
-0.0954455
6.82471
-17.223
-0.508264
-3.3083
0.100801
0.556744
-0.888761
-2.25231
0.305431
-0.283705
-5.96247
-0.15531
3.16878
1.55601
-1.38605
-0.366808
2.07276
0.428119
-1.28966
1.34395
0.419308
2.98484
-0.206906
-0.352975
0.293771
1.54343
-1.0988
-2.38217
-0.84921
0.231887
-0.31079
0.43527
0.00536991
0.370568
0.129413
1.52267
-0.158802
2.5869
-0.198569
-0.55762
-3.91928
0.140745
-0.941941
-0.806103
-1.6505
0.0314617
-2.34874
-0.267086
-1.93606
2.33991
-0.658862
-0.649691
-3.16069
-0.154149
0.334654
1.87646
3.20515
-0.255268
0.971845
0.246888
0.012362
1.06237
-2.1411
-0.0823941
-0.420583
-1.78641
-0.99914
-0.222422
-0.936341
0.691396
-5.97713
2.23658
-0.864343
-1.01872
0.921542
-3.17114
-1.71907
-1.00991
0.123984
-0.305467
-0.00870538
4.79639
-0.352089
0.335169
4.76602
-0.367722
-29.6518
10.9753
0.653029
-0.238299
1.22942
12.9558
0.658315
1.56395
0.627514
-8.09322
0.14923
-0.735417
1.27495
-0.585351
0.231413
1.84316
1.04557
-0.236503
-1.41327
3.12824
-0.63408
-5.92417
-0.332102
1.2343
-18.794
17.5195
-1.56729
-0.79416
1.25001
-9.37811
-0.473054
0.702586
2.65679
3.48277
1.2638
13.0126
12.4882
-0.0249611
-4.5407
-2.03303
-0.895405
-0.429904
-1.0207
-0.54216
-0.535111
5.8031
-3.00933
0.459968
-0.795096
6.96836
1.02527
-0.0880122
0.125662
3.51655
0.905159
-13.9534
8.80201
-2.71496
-1.6123
0.299681
-1.72472
-0.0268079
-0.468615
-1.4144
-2.48261
-2.54464
-1.111
-0.00703918
-0.264434
1.35537
1.18397
-0.470191
-0.648299
0.215441
0.990297
2.63011
-0.161457
-1.15878
0.370719
1.79358
-0.204546
2.36507
-0.863055
-129.623
2.08232
0.456344
-2.29484
0.339953
-0.100745
0.0711907
0.49112
-0.696707
0.327563
-0.397863
0.0487586
1.14212
-1.2697
-1.51199
-4.14303
0.222415
-1.48736
1.55873
-5.13698
0.765279
0.105219
1.16918
-1.36397
-1.34589
1.92967
-2.71896
6.23226
0.244724
-16.8636
-5.89431
2.77523
-0.545806
0.236462
0.120681
-1.41268
-0.352996
-0.542535
-5.14809
2.13917
0.785556
-0.565926
0.769983
-1.31137
0.937656
1.30247
-1.38926
0.780017
-2.32758
6.34267
7.29008
1.3999
2.62564
-0.731466
0.996518
-0.00509679
-1.1073
1.17652
-0.26549
0.326927
0.690514
2.76062
3.03821
3.69623
-1.87152
-0.0393279
-1.37234
0.928603
-2.50212
-0.066481
0.209131
-6.9518
18.7365
2.77562
0.520699
-0.9158
1.76556
-4.69976
-0.126892
0.841195
2.6364
1.82276
-0.175289
8.0628
-0.104018
-4.1112
-0.561048
-1.88298
2.39161
1.61422
-1.92794
-1.06849
-0.340217
0.99215
2.30275
-2.31303
-0.47931
0.0333409
0.830848
-58.5785
0.0434033
1.78787
-1.66345
0.249047
-0.852699
0.508074
-0.262591
13.5155
0.564384
2.41825
-0.564945
0.388631
-1.82735
-1.43628
-0.13044
0.19869
1.95191
-2.08203
-0.916113
-0.2283
-3.23157
-24.0269
3.32215
0.106922
1.43533
1.37907
1.23724
1.37876
-0.18623
-0.321235
0.52503
1.72387
-0.210222
-2.9827
0.877553
-0.317263
0.505458
0.509425
-0.407143
0.507837
-0.142938
1.78714
0.77573
-0.282981
-0.244534
-2.81278
-0.482165
5.84566
2.5808
0.401448
-0.0317859
-0.143486
0.546949
-0.0804275
-0.0183052
-1.67891
2.88242
1.01609
1.23196
-1.4703
-0.994912
-1.86089
2.8808
0.426774
-13.3538
1.23499
0.992533
-1.32331
-0.119547
-1.53918
93.3059
1.74899
1.84738
5.42833
-5.01037
2.4441
-0.00261843
0.587108
1.6875
2.73654
0.190641
0.924085
0.224122
2.7983
0.859896
-0.216466
-15.7648
-0.117186
0.0328351
3.10366
-7.40229
-0.144522
-5.08164
0.113105
-2.14615
-10.0408
-0.668818
-1.18598
1.31742
-0.939285
-32.0917
-0.252762
-0.197926
0.449472
1.61552
-4.09261
0.622903
2.66977
-0.215894
-1.16813
3.18372
-0.923482
0.572629
-0.305653
0.221062
2.89097
3.29656
-1.22627
-0.324173
1.13754
-1.51826
-1.56936
-0.465557
-2.08323
0.816589
-1.11884
0.221113
-0.149405
-0.505827
-1.30464
-4.89795
-1.00326
-1.67816
-10.9812
-1.98564
0.392726
-0.0192192
0.544906
-0.370213
1.85728
1.90872
4.36376
-1.05105
-0.635473
1.34514
8.41036
0.482055
0.852832
1.50321
-3.43332
0.0363068
1.18557
45.7444
-0.360055
-1.01969
0.787599
2.34558
0.890091
-0.412005
0.0631713
0.103672
-1.36195
-1.35513
36.7774
-0.557104
-0.394675
-0.345134
1.66585
0.0560242
0.75626
-0.0108408
-2.87277
-2.28047
0.741899
-0.481372
1.90783
-0.210627
-5.11483
1.03502
-0.457022
0.625294
-8.79567
-2.09393
-15.1419
0.470975
1.81285
1.72543
-0.770623
-2.08694
-5.73636
-0.369478
-0.456559
2.37469
1.62517
-0.184898
-11.4915
-0.0955751
0.515024
-13.0684
13.3909
-0.309991
-2.59174
0.605546
1.19848
-3.43054
2.55657
-17.4025
0.49267
-0.888012
-1.68103
-0.0525333
-2.13945
2.88227
0.222357
-1.64474
0.579364
1.70549
0.902546
2.68308
1.72157
-1.44415
-3.056
0.217723
-0.448592
-0.930256
3.53581
2.36682
0.560185
-0.43972
0.806747
0.316377
13.7432
-0.388213
0.335435
-0.174573
-0.413678
0.379526
-0.319854
0.870123
-0.436788
-0.233307
-1.91553
3.71201
0.762127
-2.16673
3.46263
15.1271
-0.143916
0.933428
-1.07409
0.378471
0.381534
-0.714117
-0.779944
3.30485
-7.97091
-0.859938
-1.14628
-1.48243
1.34075
-1.00126
0.208308
4.55184
4.78666
-6.4732
0.83545
4.81576
0.179116
0.785107
0.00378296
-7.71073
0.524147
-0.223556
2.79747
1.26981
1.43133
1.43712
-0.834337
-0.631446
2.12661
1.83167
2.87865
-0.553926
-5.42689
-0.05026
-4.43465
-0.0456373
2.03304
-0.0410355
-8.19953
-18.591
-2.80283
37.9272
1.6124
0.883566
-0.416691
1.11529
-5.81574
1.19038
57.9057
1.65087
-0.153958
4.41019
4.223
-2.51437
45.6425
1.44276
-0.050287
-2.91933
-0.530311
-1.85237
3.67691
2.7956
-0.503625
-2.15396
0.527876
-0.327552
-0.448309
-1.26928
-0.215027
-0.313636
1.00136
-1.40147
-0.686926
0.419429
-25.9467
-2.73772
7.45993
0.109125
2.81052
-1.72771
0.511246
-1.14014
-4.58299
-0.195817
-1.31509
-0.0936882
0.0941989
-3.14068
6.29999
6.26953
-1.42664
-0.471155
-1.98398
-0.720522
21.8256
-1.63951
0.332423
-0.747711
-1.89809
-34.7032
7.71003
0.60239
-3.94129
-0.826414
2.09011
0.412908
0.201145
0.252195
27.6475
2.93038
0.4436
-1.02983
0.575373
-0.266168
4.55264
-0.336894
-0.388897
-1.44221
-0.122893
-0.353377
-65.323
-1.6842
1.34727
0.087275
1.20309
7.20895
-1.44836
-5.43245
0.338561
-1.28781
-0.359056
-1.49028
202.294
0.0157467
-1.29381
-2.18174
4.85983
1.64769
0.116264
4.53102
1.47592
-0.131829
0.826315
-2.2869
10.1517
0.0301275
2.33818
0.854597
12.9813
-4.58721
-10.3363
1.09701
0.302647
-4.16611
-2.45347
10.3037
-29.6722
-50.8441
-1.97649
-1.13793
-0.725766
0.507127
-6.21039
-0.277774
-0.000571471
-5.24376
-2.31258
-2.97575
-0.514438
-0.892114
-1.61794
5.82693
0.0392165
5.79358
2.03041
-0.00328329
-0.581719
-0.718508
0.662007
-0.291476
-0.14597
1.85299
-2.56234
0.113151
0.444136
1.43371
-0.293965
1.27673
2.13402
-0.612819
-1.06776
2.47982
16.1722
-1.45562
0.810008
2.64622
1.7357
0.989723
-1.67782
3.02959
11.3507
16.2769
-1.30767
-3.03262
-0.130566
2.33016
1.89
0.813907
2.26143
-0.687221
2.2703
-4.34542
-0.767624
0.337636
-0.0282809
2.61218
0.597663
1.5502
5.8108
-1.20456
-1.01525
0.146385
-0.181312
2.925
11.0312
-5.70484
-0.596614
-1.20601
-0.496271
-0.173594
1.14102
-0.981442
0.44503
8.25047
-2.92201
-0.0502251
0.343822
0.481435
-1.29337
0.792043
0.134057
-0.146632
-0.718544
-2.1633
-0.934092
-0.818044
1.02772
0.139521
-20.6273
1.91112
0.144803
0.112664
-0.986567
0.416025
1.40479
0.380848
3.88067
1.0894
3.85081
8.32715
4.3324
-0.88512
-1.39709
1.375
-2.62623
-1.58462
2.78862
0.703089
2.16081
0.654321
1.52788
-3.53676
1.79108
1.01922
-1.81444
0.0767137
0.967454
-0.410243
-0.0201591
0.380206
1.67985
0.422214
1.05709
-0.154084
1.81881
-0.828922
-12.2119
0.0697507
0.563663
1.45166
-13.6116
-0.883432
-2.26512
-0.169831
4.14935
-0.109853
-2.83039
0.613044
-1.10657
-0.725578
1.91071
-0.677308
0.409932
-0.0261962
0.348086
54.2025
0.177312
0.0699616
-0.73521
1.8686
-1.59761
0.282075
0.0137827
2.55781
3.535
1.77816
0.162044
0.0911169
0.944347
0.962053
-1.6509
-0.318025
-1.2519
0.401455
-1.30047
-2.44694
0.625851
-1.34877
-4.23836
1.70245
0.801815
0.852626
0.497474
0.501239
0.359503
-3.9349
-0.0066435
-0.312091
-0.206504
-0.438415
89.7193
0.177902
-0.22275
-0.292664
-4.41521
-3.94447
1.20611
1.82708
2.32414
1.97012
-7.11761
1.77306
-0.284373
0.418333
-1.75172
0.283515
-0.217183
0.389999
-5.22475
-4.7934
0.296468
-4.4957
-0.990103
-0.660511
0.0866461
8.89417
-1.20631
0.331131
-0.649368
-1.37756
-0.0915723
-0.676053
-0.791596
-0.5653
0.0662254
0.343852
0.551842
-1.38103
0.235377
-8.08583
-0.528466
2.30754
-0.78612
-15.0896
1.31435
3.66043
1.75695
0.131995
-2.21187
-0.481539
-0.761225
1.35358
3.88915
0.0104334
0.167727
-0.0179286
2.85397
7085.39
3.13955
-3.09398
-6.35274
-0.812076
-1.34256
-0.0828433
-0.352454
0.758382
0.257583
-0.993674
-1.8913
2.91165
0.406806
2.75217
-0.959196
27.8821
-0.984634
-0.805214
0.190363
8.66367
0.0499819
-0.113429
0.689471
0.712374
1.20092
1.91702
-2.38841
5.6863
-1.49805
-0.197687
-0.818303
0.54068
-3.03487
-4.65104
-2.20485
1.66615
-0.413853
109.055
-1.02259
-12.641
-1.12967
0.392556
0.0210039
0.695175
-1.60097
-3.46632
-3.48419
0.267675
1.21969
-0.00169676
-0.733895
0.136779
0.595464
-3.40076
-0.839858
9.7632
-0.0477664
-0.00648947
-0.25581
0.463587
0.0675839
15.2217
0.976424
-0.948037
-0.892087
1.2774
-0.344869
-0.00244969
1.5437
1.09902
0.469183
2.31947
-0.788918
2.5093
-0.0339521
1.20862
-1.08374
-5.44241
76.2409
-0.755008
-0.171554
-1.41696
-0.522792
-0.477971
1.30873
-1.33568
-0.448348
2.46887
-1.2598
-2.03242
1.81109
-0.89233
-22.2123
-5.45232
0.38598
2.39459
3.83191
-1.59224
4.23089
-1.05284
8.73468
-3.14962
-0.760016
0.383279
-8.33248
-4.7359
-2.38703
1.16459
-1.05023
-1.06258
90.5428
-0.608981
2.27989
0.58343
-0.173375
0.535261
0.235946
0.313974
-0.979177
0.324687
0.653383
2.48531
-6.55165
0.0162647
1.58144
1.19022
6.96449
-2.33221
-0.991272
2.36027
-3.77056
0.434082
-3.99527
1.51399
2.0635
0.736807
1.0978
-1.33097
0.0385224
-2.45476
0.673524
0.122771
-1.0497
0.0570307
-8.9661
-0.631895
0.55548
0.719768
5.0181
0.291598
-2.78007
47.4624
0.701383
6.59707
0.172314
-4.18359
5.69648
-17.8828
20.7123
-1.21371
-0.651168
4.91626
0.523736
-0.299063
-0.794222
2.22427
1.17014
5.92658
-0.0154266
-0.909171
1.82971
2.54795
0.280277
-6.13968
-9.05455
0.552107
-3.50166
1.01367
-0.86177
-1.03453
1.14396
2.59945
2.06749
-0.752055
-0.743225
3.06069
-0.594979
2.08459
-1.80441
-1.28435
-0.0809981
0.0490582
-30.9563
-0.0918429
0.382971
-0.0130738
-0.344026
2.76244
-0.159813
0.272356
-0.297629
-0.107961
-7.83428
2.31919
8.62371
-0.357635
0.828752
0.970378
0.881768
-0.46672
0.724606
2.60984
7.29263
-0.273042
0.381664
-3.22274
2.13931
-4.43584
2.81293
3.103
-0.399584
0.952249
0.795589
-1.88077
-151.934
-2.4689
-0.000758165
12.2395
-0.130736
2.60516
-4.62103
1.37896
0.360909
0.288045
6.76857
0.835883
-0.550129
11.1195
0.672658
0.469105
0.0778457
-1.18958
0.259102
16.0317
0.00440968
-0.0774038
-4.71023
1.07212
2.67888
0.137998
3.45747
-0.944551
-2.6611
5.76597
1.30792
0.927961
-0.764569
-2.79321
-0.366443
0.682682
0.991316
-0.47753
-19.1188
-0.0599062
-2.59408
0.71563
-0.444596
-0.759804
0.605348
-14.3635
-0.37801
0.814704
0.640012
-0.75578
1.23248
1.68398
-0.273557
-0.353478
1.28428
-2.31749
0.802396
1.19394
-4.35482
0.750468
-1.20689
9.56472
0.408074
-19.3685
0.749206
4.31833
0.438852
1.75737
0.0120694
-0.531734
-1.31981
-0.0568908
-2.23362
-21.5149
0.254983
2.73463
-0.116811
2.26675
5.62428
-0.490239
-1.82761
1.39081
-0.438465
-0.828147
-0.37215
-0.221277
-1.28946
-0.271702
0.820664
-1.88497
0.486495
-0.406592
1.06922
-2.71275
2.01
-0.249956
0.166912
40.4465
1.31613
0.232377
0.141405
0.456592
-2.60107
0.746667
-2.19684
2.01506
0.394796
0.578293
3.06325
-0.630206
-2.46567
38.3264
-0.568613
-2.69302
3.06946
-0.140509
2.32898
9.04859
0.483887
-2.3553
-0.552831
0.18328
-1.06949
-0.404673
0.0741243
0.873648
3.72116
-3.08286
0.947135
-3.76677
-1.89151
0.0838576
0.318418
0.613222
-1.2115
0.580651
-0.56377
0.666095
-0.50173
0.747948
-0.212067
-1.46867
-0.510988
3.85781
-2.17159
-8.76772
1.46648
130.402
1.17745
3.22169
10.2643
0.100195
-0.130186
-1.80475
0.527222
0.549355
-0.414932
0.417471
-0.260813
-3.80832
1.64758
-3.24086
-1.14337
1.18206
-0.904715
3.94287
0.540167
0.490514
-0.354771
-0.658962
0.948503
-0.274256
-0.651202
0.511226
0.856502
0.843173
-0.00214348
1.06685
0.251408
1.27591
0.57997
-2.67956
-2.09004
-0.226693
5.45721
-1.1425
-2.2873
-0.156583
0.356728
1.66629
-0.127472
8.81907
0.385791
2.19989
1.03336
-0.800187
0.321526
-1.43124
-0.248723
-0.473704
0.177006
-1.34152
1.97852
-1.84771
-0.154369
-1.20681
-0.263222
1.50212
-0.802053
-0.181329
-0.978547
0.0374902
0.257558
0.0053316
0.0418839
0.724922
-2.61037
1.74318
0.030096
4.39873
0.711001
0.567264
0.215909
0.103213
-0.0778794
0.569613
0.508287
0.64234
-0.650155
13.9501
-0.0487265
1.85063
-1.89806
0.662533
-0.201513
0.00449451
-0.201051
0.00695297
0.599748
-1.97228
-3.98155
-30.5661
-0.109063
-0.735826
-0.896322
0.363779
-0.822634
4.21782
1.4379
-0.678235
-0.70565
-1.03273
-0.264735
0.302612
2.36629
0.106141
-0.880369
3.05946
4.53156
-43.3558
1.68114
0.866784
-0.689084
-0.376264
0.809825
-0.737309
0.0314945
-0.247197
0.999415
0.920626
-5.8352
0.564344
0.0532363
1.30034
2.51568
-0.670473
1.05974
-1.50171
-0.282155
-7.62983
4.62451
-0.101254
-0.145423
1.13185
0.866612
0.192762
2.84653
1.14216
0.76655
-2.19105
1.54458
-0.504274
-0.286318
19.0849
0.025429
0.708048
1.68708
1.43785
1.01852
-10.5002
-4.27619
1.09255
-2.19707
0.18677
0.540257
2.06456
-4.1885
-0.461022
0.101887
-15.4713
-0.914344
0.872499
18.0837
1.54952
5.10146
-0.584496
0.444921
3.24327
-0.588054
2.23271
-0.160013
-9.26366
-12.2293
-1.37361
-5.30019
1.24933
1.47067
1.85139
0.592861
-0.0363523
-1.26625
-0.613567
0.0819572
-0.10822
-1.15194
1.36368
0.508456
2.11761
3.99988
0.245481
-0.377575
-1.60619
-0.260427
1.39095
-0.118235
-1.03983
0.0362373
0.347839
0.499096
0.416309
-13.2428
0.76987
0.495514
-0.290134
0.0115304
0.263713
-26.3206
-1.77856
1.40174
-0.768073
0.69478
-0.913894
-0.178361
42.4777
1.17625
-0.631914
-4.65327
2.32642
9.16144
-0.867521
0.978759
-1.21742
-0.678634
-31.3233
-0.50941
0.211049
-0.0407763
-0.281962
-0.0458057
38.6836
-0.887144
0.257591
1.50065
0.749007
0.219038
-4.39127
-3.3702
0.527046
1.05624
-7.22865
48.6874
-0.29114
-1.44955
1.42768
0.218433
0.357699
0.145765
-0.117217
-0.512152
-1.72999
-2.35304
1.06996
2.04
1.06591
-1.58759
-1.61211
-0.332477
-1.63899
-0.0856371
0.112495
0.129738
0.264624
-0.621251
0.057912
0.0879486
-0.359136
-1.07509
-3.86259
-2.78904
-2.42714
3.94027
-0.224249
1.04893
-1.68046
6.62618
-9.37862
0.117081
1.26662
0.575533
0.421229
-1.05223
-1.38155
4.23859
0.959395
-0.264968
0.83429
-0.617192
-7.97339
-28.5762
0.356807
0.0110312
0.0878679
-1.93377
-0.331207
-0.657282
0.776457
0.371197
0.62511
-1.31583
-5.29425
4.9991
0.750771
-0.0289982
-0.665904
-85.1561
1.77332
-1.85235
1.1812
1.60334
3.03226
1.04922
0.0561461
-2.0914
0.810065
0.61783
-7.72522
-0.106454
-0.118411
1.46389
-0.19755
-0.465785
1.70165
2.00223
2.61515
-0.198457
-0.351024
-4.3567
-2.38825
0.471139
0.758561
1.52165
-0.169807
0.576086
-0.940447
1.73488
-0.378791
-1.29958
-20.6089
1.27924
0.802836
6.02365
0.604831
-0.353804
-1.24982
4.44539
-2.64568
-25.63
96.1754
2.63078
0.721944
-1.18437
-0.965226
-0.963193
-0.512161
-6.54943
-0.302763
0.754002
0.505741
1.2013
-3.26993
2.47688
-0.63062
2.49903
0.253421
0.0298867
-0.685738
-1.55406
-1.723
0.301785
11.177
-1.66998
0.67454
5.94972
-0.425715
0.551239
-1.57419
0.997876
-1.50908
1.2193
-1.52583
1.69018
0.0885752
2.46558
13.0161
0.846194
-2.10608
-2.87223
4.50134
-0.660238
-4.57861
1.16193
1.18209
-18.5813
0.522138
-0.167891
-0.0899846
3.68001
-0.189787
0.376373
-6.75922
0.2122
2.01473
-14.4376
2.20803
7.75508
1.01012
-2.84216
-0.981559
11.2946
-0.131879
1.46244
2.15105
23.8378
1.13566
0.37986
-13.2494
1.3208
-1.2924
-0.806222
-2.46973
-0.114482
0.00270805
-12.8137
-0.993689
-0.263005
-0.742614
7.3799
-0.319413
-2.0039
-0.298253
0.14821
2.27704
-0.389577
3.64466
-0.318213
0.132188
-4.75119
0.0960857
1.92893
-2.15054
-6.97366
0.0785006
-7.69834
-3.23497
1.64712
-0.121973
0.170495
0.236085
-1.73285
-0.326856
0.74437
-1.01908
0.939784
2.04801
-0.907907
-8.88441
0.425371
0.492755
-0.52726
-37.0012
-5.0749
1.37469
0.437815
-14.0115
0.0419555
-0.00698268
43.4378
0.0902441
-1.89089
-166.235
0.37206
-1.59613
-2.52229
-20.6227
-17.8594
0.607142
-14.6738
-2.03532
2.07666
-2.62948
-0.464039
-0.868023
-3.51285
1.03539
-0.361396
-3.00568
-0.587525
0.720433
-0.549243
-0.0467513
-246.542
10.7649
-0.774543
-0.537461
0.233414
-0.170706
0.223097
0.0810307
0.43738
-0.173374
0.0425547
1.53444
-10.543
0.18923
0.315225
0.162507
2.87512
0.29353
-2.15933
-0.578004
-2.60199
0.312522
-0.551033
-0.260612
-0.102203
0.793108
-0.175176
0.472533
3.41766
21.0501
-0.789124
-0.732117
-2.21806
2.46095
-3.99646
-0.334154
-3.14861
0.0653793
0.802621
0.742122
-0.23135
-0.163591
2.49923
0.302981
1.06633
1.20409
1.55146
1.39857
-19.2698
0.170221
1.18217
3.44351
1.05808
0.897549
-2.6219
-0.325383
8.02746
-0.983459
0.619402
-5.75289
0.471077
0.612711
7.93255
0.177509
-0.624737
-1.18215
-1.28273
-0.439491
0.0817006
0.437419
0.431176
0.527098
2.73337
0.174982
-0.464255
-3.06667
-2.06197
-0.228966
0.0760352
0.541621
-0.530653
-0.504653
4.63013
1.00132
1.36867
4.84912
1.94297
2.1241
-0.337353
-0.601257
1.16315
-3.28206
6.18612
-0.454082
0.979604
-2.59712
0.454056
0.74508
6.40242
-2.26192
0.351198
-2.36514
-21.3331
-0.171655
0.449209
-0.471851
-0.510334
7.37377
-0.904829
2.74164
0.234226
0.268998
0.634833
21.9726
0.0224062
-3.11493
-0.292302
-0.487954
3.57062
-270.559
-5.86554
1.86433
20.2592
2.19199
-0.527175
-3.66428
0.0529981
0.735927
0.537567
3.97417
-0.383292
-0.810541
-2.07822
-0.834335
2.31522
6.85128
0.182239
-0.120797
-4.7444
-1.22016
-0.459921
0.237459
0.258387
-0.373452
1.59716
-20.2267
0.336063
0.489129
0.683051
-0.593673
-0.201034
-0.578292
1.05907
-0.0719052
-1.67872
4.22522
14.5282
-4.23435
1.06313
1.39421
0.759758
-0.27217
0.185699
-2.72162
-0.389872
-4.34653
-2.10519
-1.79284
-1.36969
-4.69733
-2.35245
-0.332411
-0.13494
-2.91195
0.303048
-0.468733
2.38712
0.893221
9.71424
0.0702631
-0.174198
-0.38841
0.8474
1.87935
-0.646941
-13.5233
-8.53479
-1.51129
-8.95756
0.478821
-0.883666
-0.868912
-88.7109
-0.218512
-0.401609
2.17799
-1.47431
0.360789
0.651143
-0.391393
-0.203517
2.22673
2.48002
-0.479729
-12.4512
-0.198044
-0.45442
-0.19934
0.489506
-1.13381
-2.09076
3.6872
-1.27204
903.129
-0.246326
2.14203
1.97932
2.04408
0.049309
1.27953
-5.37715
-0.0483945
-1.08577
0.129017
-5.96555
0.766035
0.734662
-1.9461
-0.851832
0.400361
0.0511247
8.24825
-0.827057
-0.548218
0.28396
-0.584723
-0.677588
1.52643
32.1012
32.5265
0.561411
0.985518
-1.84585
-0.518482
0.626009
0.564041
-0.349318
-0.489731
-2.77509
-0.862404
1.99616
-1.71651
-1.02336
-1.62097
-0.514288
3.43144
-1.78524
-0.249489
103.802
-0.343408
0.898323
2.69538
-1.78316
1.95331
-5.47314
0.00767499
0.0770947
1.08034
-1.26529
0.594737
0.367679
19.3132
1.03588
0.0804019
-0.48826
0.865959
0.875645
-0.242248
-1.92227
-65.0639
-0.176409
-0.639994
-0.511759
-0.266547
-0.774598
1.3731
-31.244
-1.03784
4.42345
2.04331
-0.648868
0.578202
1.4968
2.377
-2.63778
-23.2826
-0.994713
-0.0290677
-0.767256
2.39534
0.243912
-5.17414
9.39346
0.985339
-0.162689
0.26043
-3.08385
-0.298954
0.0731678
-4.43978
-0.755932
-1.90976
-0.228557
-0.114041
1.35407
8.95491
-0.443991
0.913807
-1.06145
3.47775
2.39858
-0.618194
0.121898
-0.100541
-2.88162
-0.431564
0.0810163
-0.691759
0.297174
0.632933
8.52038
-0.122904
-1.34774
1.5111
-1.05495
1.01829
0.0760574
2.33104
0.520137
-1.52093
1.22518
0.842961
0.0708257
-0.321861
-1.92256
-5.58377
0.316594
2.53314
0.159079
-1.00651
-0.202842
-0.228382
0.899845
0.501443
-2.14319
0.643296
0.431478
-1.68814
-0.633277
-0.702998
-24.8218
4.48021
-0.415508
-0.121248
0.748141
0.785233
-1.59672
0.736123
-0.416977
26.3226
0.705333
-1.43907
1.23673
-1.00689
-2.24299
-1.56677
0.14887
-0.580566
923.747
-0.053624
0.609347
-2.09739
-1.3089
2.54898
0.538312
-0.476429
5.02347
-0.143275
-0.470719
1.64042
1.17713
0.408728
0.625211
-0.118508
0.925311
0.16074
-9.15707
1.42298
1.2289
1.48736
0.109207
-0.345917
-5.91017
0.298863
3.05084
9.40081
0.0702393
-0.496235
0.100062
18.8511
-2.33296
0.305445
-0.976888
-0.670827
-0.319849
0.0265982
1.1117
-1.46
-2.25978
-4.39899
-0.567663
-0.0261177
0.52427
0.215382
4.41571
17.9455
0.334142
0.870538
-3.8632
2.43482
-1.9869
0.584693
-0.321638
-0.513477
-1.84947
1.31881
-0.338296
-0.244241
-1.57171
-1.85741
-6.7155
-0.141664
-0.473782
1.7532
0.557255
0.758561
0.347535
0.195509
-0.516339
-92.0106
-0.79401
-0.526078
0.236467
2.60933
1.14288
0.338794
-8.77857
-4.82471
-339.904
0.0497016
-0.0545553
-0.947088
0.050598
-1.76611
-1.22669
3.23636
-4.81455
0.635687
7.24833
-5.69769
35.5022
-0.341598
0.883661
0.0081364
1.56686
-2.12326
-1.6156
0.0290965
1.61754
-2.31168
0.50024
0.561567
-1.26519
-4.12095
-5.49045
-2.00556
3.43262
-0.525743
-0.128493
-0.932917
1.10129
-0.965156
1.80411
-0.40444
-6.89144
0.573015
-2.06756
-1.00752
1.1661
1.81652
-3.00319
0.296133
0.838475
-0.73421
0.307624
2.62066
1.26214
7.06702
0.302127
-2.01457
7.37759
-0.701771
27.8921
-1.20624
-1.40415
-20.3633
0.146343
-3.39077
-11.9332
6.52317
2.86378
-0.415464
0.0400263
-5.1681
-0.442927
0.798355
0.420926
0.00771387
-0.272082
-1.94113
-3.83596
0.124007
1.00509
1.47446
3.27904
-11.4643
-4.23468
1.07727
-24.9053
-1.63199
-1.24285
-1.31231
-1.77626
-0.657113
-0.668287
0.581892
6.07982
20.342
1.47957
1.35919
4.45345
0.696964
7.67042
1.08146
-1.08096
-1.11231
2.33876
0.347551
-0.358088
-9.5391
24.6183
-2.33747
56.7822
0.793171
0.864766
0.97225
0.376695
-12.5566
-0.593005
-3.99388
1.0354
-0.0672777
-1.75326
-0.831015
0.207528
0.158855
0.507823
-3.63689
0.0717514
-2.31475
5.49856
-1.41474
-0.248702
-1.67638
3.34829
-0.531372
2.118
0.21545
-0.156328
-1.22427
0.278277
-25.1939
2.30168
-3.91654
-0.849701
0.05575
1.00978
1.07452
-0.278869
-0.935013
-0.0788685
0.437226
-0.864351
-4.33255
0.606079
2.20269
0.968715
6.75791
8.3137
0.567577
-0.906655
-0.345151
-0.287486
1.53005
-0.623188
-0.516531
3.5841
0.777677
-148.616
7.20656
0.105042
0.0171867
0.641113
-1.75546
0.831708
-1.14787
-0.166482
-0.844982
0.0555869
-6.53437
-0.451696
0.537115
-0.703343
-0.326348
-0.194097
-0.484444
-0.561545
0.529079
0.283787
-0.950196
0.336539
8.12388
-0.479267
-2.91948
-0.10846
2.26287
2.50753
-4.39544
0.751726
14.9582
3.15594
1.58812
-1.24633
1.57831
-0.703891
1.16751
-0.45657
-0.848226
-12.8734
-2.93866
-0.384713
1.38151
2.9068
-0.991137
0.334794
1.38493
-0.3654
-1.64787
2.67567
-1.07608
-0.850007
-1.54849
-4.48039
-0.0501945
-1.68738
-0.373412
1.38684
-0.910979
-0.238166
0.639846
4.98543
1.16566
-3.24455
2.02712
6.84608
-1.40258
0.0865185
-0.121835
0.105409
-0.497924
1.24914
0.124206
0.0846772
11.4923
1.71899
0.617946
-0.488573
1.98647
-1.41675
0.482765
-0.40009
-0.404029
0.303193
-1.8708
6.86851e-05
-8.65326
0.678174
0.904114
-1.5096
-3.69403
0.379501
0.0668699
-0.718582
-0.267829
-3.77222
-2.11191
5.62619
-0.491817
2.84367
-0.44483
-1.7297
-4.69678
1.47203
-1.12748
-0.161565
-0.969047
-2.47856
-0.733317
0.322659
-2.66736
1.14384
0.313365
2.40494
2.16738
-0.98522
-0.792017
-0.385527
-1.799
-0.156089
7.40655
1.57369
-0.508834
-2.86828
1.01759
-0.638109
0.0783023
1.30228
-0.935116
0.380668
0.793739
-0.677455
-5.14429
-0.499715
-0.583289
-5.20055
-3.98791
-0.520129
-0.209203
0.578147
-3.03199
1.34105
-0.489076
0.195511
-0.164973
-0.989148
-1.3366
0.682069
-0.392729
0.719417
0.0809076
-0.638621
-3.80952
-4.03822
-1.32614
3.30401
3.94301
0.865806
-40.6266
0.240732
-2.01526
1.68991
-6.2112
-1.35968
-1.2535
0.166405
272.088
-10.7593
-1.4537
-0.253983
0.818873
-0.326167
-0.686591
4.80896
-0.193522
-0.867677
-1.10359
-0.879311
-14.2682
-0.567434
-2.20769
17.0821
0.452909
0.904895
1.9225
1.59963
1.40244
-12.1696
-0.616444
1.4491
-8.98517
-1.14138
0.80016
2.87869
-5.21402
2.95529
6.33338
0.550227
-0.593836
-1.23303
-0.385826
-0.652351
7.80937
-1.75957
0.0448464
0.104078
-4.03735
0.0663953
0.0845039
0.222021
-4.36233
-6.08327
1.92706
3.46352
0.38669
0.254955
-0.149271
-6.08561
-1.08223
-0.115507
1.24358
-0.328176
-2.39018
-1.00741
0.357289
4.1386
-4.58968
4.15972
-16.8991
-0.0548499
0.0897095
0.321455
0.534543
1.75896
0.359379
3.33678
-5.8165
0.254237
-1.07993
-0.449626
5.48803
-0.99665
-0.723479
-2.43772
0.446389
-0.0556359
0.863108
-0.483491
-0.811618
0.0846171
2.30068
1.00359
-0.232241
0.120277
9.6213
-0.3271
0.0147614
5.19436
2.27397
-1.89988
5.71456
-3.60072
-0.212982
0.078914
-0.764106
-0.834268
-2.3964
3.61271
-1.4864
-4.40625
-0.916077
-4.88082
11.2003
-0.737311
22.9534
3.23011
-1.2102
-0.374052
-1.46637
0.516973
-1.83437
-0.265421
4.01056
-1.81701
-0.445896
-2.03666
-0.937881
68.8514
0.444826
0.605191
-2.53277
0.38063
-0.534492
0.285625
7.0989
0.488064
-5.27525
-157.522
-0.979695
-0.561049
-6.08366
0.855432
-1.53856
0.799187
-1.16315
-0.510984
-0.119685
2.12648
-0.257888
-0.469844
0.313216
0.508981
-0.219046
-0.494285
-1.35798
2.37006
-11.8656
-1.05598
0.309247
3.55398
-0.929292
1.12997
1.66171
6.69613
0.469938
-9.30227
0.773385
-0.658909
0.58801
0.264945
-0.41622
0.485431
-14.8275
0.885922
-3.40129
9.24724
1.95443
-2.63267
0.162441
1.71546
-1.04862
-1.08378
-7.42552
-1.43015
1.28353
-0.496817
-6.86319
-0.264489
0.498984
1.2066
0.57283
0.393819
3.88738
1.88153
0.515534
-0.438852
5.30825
1.55158
-4.06007
-48.9173
-1.88255
5.3182
1.11803
-0.450381
-0.592006
3.02471
0.111213
-2.02358
0.443859
-2.18394
0.213183
-0.0727788
6.69588
-0.924244
3.28109
1.09327
0.0297717
-12.2187
-2.44599
0.196462
0.529934
2.69978
-1.21531
1.13292
-0.149137
0.429473
-0.768446
1.40307
-0.643519
-0.612011
-1.05025
0.342278
3.60908
0.559237
-4.92455
-1.01404
-0.175647
1.27127
2.2451
-0.675781
-2.31372
1.50479
-29.1339
-3.65186
-1.06565
0.803931
0.706384
1.54414
1.08213
0.132063
31.6227
-2.98786
-1.40513
0.709041
0.534152
-0.192093
-0.889218
-0.206819
-1.79839
-0.786034
0.584837
0.852447
-1.04029
-2.35922
3.53289
-2.50304
-1.29113
-2.28282
-2.0952
3.64639
0.636735
0.296438
-1.78866
-2.15673
1.58571
0.448466
1.27897
-0.197488
-4.2281
-3.56864
0.280916
0.834376
4.80993
-13.2106
0.548582
-1.10452
-2.35797
-0.936896
-1.19039
-4.31581
1.99407
0.512416
-12.5197
-0.284918
-0.741785
-0.725064
3.98821
2.80154
-0.860342
-0.40508
3.57842
1.16672
4.1147
-1.72518
-5.88005
2.6098
0.345819
0.31569
-0.764243
-0.223309
0.0743371
-3.92194
0.668768
0.869311
-0.659049
-1.33193
-0.595863
0.444791
0.654243
-0.506215
2.49065
-0.775228
-0.77639
1.92218
-2.99036
-0.901093
-2.30743
-0.403995
-15.5355
0.269065
-1.12198
0.41999
0.311899
7.31398
-1.39473
-2.87051
0.274859
-0.871933
-2.7422
-0.33629
-3.70827
0.867402
1.09265
2.68877
-0.408264
0.739638
-10.768
1.25813
-1.92754
1.21826
1.56181
11.4626
-955.733
-3.91227
-5.00138
-0.913937
-0.838822
-0.0937469
-0.338795
-1.14817
-1.37894
-0.584876
-0.906362
3.21291
0.63243
-0.251977
0.912483
-0.878581
6.80918
-1.11201
0.968255
-1.53974
-2.30744
-0.0861868
0.0337543
-5.53023
0.927578
0.611801
1.00824
-0.343159
-1.14741
-1.85339
0.339923
-0.298223
0.594633
-0.14851
0.5654
-0.00512424
0.57612
-1.42367
-1.52266
5.2524
-0.379023
-1.41545
-0.630664
2.85642
1.16529
0.419253
0.296027
0.325572
-1.41965
0.401416
1.58768
-2.15139
-2.76724
-9.62276
0.553653
1.30393
0.894238
-1.88788
2.5795
44.4438
0.515374
1.30353
-0.385285
-3.20793
0.0154115
-0.557666
0.357694
-16.7917
-1.20813
0.592208
0.162116
-0.195978
2.34069
-0.516021
0.211765
-2.22052
-3.1356
-0.64001
-3.45876
-1.06579
-2.03743
-0.776154
3.83886
0.163519
1.98818
0.0534626
-0.796314
5.3487
88.5273
0.0458821
-4.11272
0.341046
-0.0731693
2.52544
-1.03198
3.91974
-10.6193
-0.807265
0.666253
0.77159
-1.45895
-0.0167011
-21.7988
0.630153
4.84216
0.0139743
1.96651
-0.0743381
0.103522
-0.909823
0.441822
-0.257061
-0.819559
-0.709096
-3.87024
-24.3469
-2.59255
0.697591
0.810014
-0.723045
0.318046
-4.31355
4.95107
-0.762992
4.59979
-0.567066
0.0685347
-1.82973
0.0852583
-0.664902
-2.48081
-0.638327
-1.6234
-0.691478
-0.0024115
3.50267
-1.01451
-5.08254
0.168304
-1.72567
1.65188
-0.329357
0.13643
2.89215
0.246771
296.342
0.294336
-15.0283
0.466158
-0.445612
-1.64271
-0.171128
0.828298
-0.739254
-3.23355
-43.977
0.046341
-0.355423
-1.58533
-1.28486
-0.184304
1.38705
-1.95939
0.261382
-2.5371
2.70791
1.61585
18.096
-1.26735
-1.58936
1.17078
0.595187
-0.879526
-4.76554
-1.07585
-2.02133
-0.414768
0.126088
-5.56857
1.04827
3.76374
0.576579
0.435912
-1.90297
1.71431
3.81758
7.75802
-2.56288
11.4575
1.28079
1.63765
4.38018
-0.125164
-0.255086
-4.07469
0.279505
1.16198
-0.782879
0.958274
-0.619778
-8.73539
-1.90689
-5.27775
-1.38894
-2.40673
2.83083
-1.09461
-1.73082
-0.564913
-1.12229
0.640545
-0.770983
-1.20061
-2.55396
-16.0174
0.127224
-0.419131
0.325636
-0.0410969
13.1653
0.209012
0.998219
0.0134612
-1.92884
5.85608
-4.58145
-0.291143
0.821954
-1.38657
23.0803
-6.96841
0.198225
0.271424
0.166352
-1.00189
-2.5218
-7.92821
-0.128913
0.994283
-0.786788
-2.0126
5.69225
0.104379
0.459366
1.44343
-5.5977
1.20457
0.381725
12.6631
1.05959
-0.0865122
-0.659683
-0.36779
-0.814554
10.2647
0.145629
9.41537
-0.508971
-2.91419
-0.125007
-0.659669
-5.08424
-4.18771
-2.03499
-2.7609
-0.895701
0.00245841
-1.38104
-0.270652
-1.33602
1.2116
-0.580297
0.458915
-4.98657
4.16237
-0.247691
0.263034
-1.10367
1.74224
-0.760122
14.1264
-1.35404
2.39496
-0.184928
-0.920958
0.535112
3.31255
3.83678
0.121872
116.931
4.30066
-1.58203
0.109039
-1.75438
-3.34473
0.114761
1.20259
3.20138
-9.76848
0.46815
0.900819
1.38896
1.47152
0.552458
-0.0127428
-14.7478
-0.514872
-9.90906
-1.1091
1.04798
1.1956
0.325963
-0.280265
6.6551
2.55196
0.467967
0.354978
-1.08871
1.7577
-3.13531
0.896002
-1.23789
-1.64424
-2.41736
-39.5333
0.665059
-1.57351
6.11491
0.542136
1.17258
7.09364
-0.0390735
-2.36191
3.92768
0.607679
0.961308
-2.73909
0.791869
-25.473
0.154622
0.769046
14.3228
0.875097
0.189012
3.45989
1.21047
2.9963
0.125935
-0.664341
-0.633866
-1.17252
-0.653028
0.0571358
41.4666
0.11832
-1.34426
-0.770098
-1.21176
-0.438601
-0.281252
0.191036
-1.03011
-0.673673
-3.47244
-6.23265
-1.22698
-0.739632
-0.329983
-0.975561
-11.1168
-0.333566
-2.32908
0.146055
0.14497
-0.9268
-0.0725861
-0.77006
-0.119745
-1.01625
-0.44512
4.17456
-25.6776
-26.2532
2.6551
-0.754897
-0.101515
4.09214
2.21671
0.250487
-0.657552
-0.366671
0.55841
-0.818109
0.187671
-1.07281
-0.144268
-3.0089
2.93411
-19.2212
0.271919
-0.58842
3.59213
-0.226414
8.08201
1.06043
3.47891
-0.175548
9.2771
0.407572
-0.607247
-0.447681
-0.159435
7.67606
0.499571
0.84584
0.237711
-5.00559
-5.39292
-0.612256
0.359935
-0.336419
2.29865
0.4756
3.4173
0.984784
-0.436707
-5.41471
-0.243212
-0.157143
-17.17
120.006
0.06514
-0.258708
1.52289
-1.77927
-2.65586
0.517302
20.375
-0.284963
-6.03063
-1.70857
-0.667691
0.179483
-0.380028
-1.22084
0.264921
-2.64846
7.36559
5.2768
-2.23238
0.296361
-0.435664
2.24297
-0.289363
2.27351
-0.912179
4.43112
-14.4379
-0.333705
-1.74191
-1.04463
-0.103461
-0.723605
3.38177
0.546431
0.299027
18.623
1.31273
-3.59083
0.518055
-0.669337
4.41944
-0.178468
-0.120744
6.33228
0.484199
2.04803
-0.0299591
-0.84622
-2.5513
-1.81597
1.98625
4.92037
-2.34791
-0.117448
-3.90109
-0.0449356
-1.21728
23.9405
-0.270387
-26.9574
-20.8426
3.89994
0.576508
0.601492
-1.05758
-51.558
-0.755908
22.3342
0.882059
-0.787265
-1.5092
-3.08189
4.98257
0.0660089
0.00579389
0.411084
-0.540846
0.167686
0.3945
0.765733
-15.2364
0.821596
-0.0408611
1.52439
-1.07365
0.407035
1.97011
0.246346
1.03254
0.261767
2.01987
0.595731
-0.0595614
-198.072
-0.713948
-1.86044
-0.722378
0.0773673
1.56852
1.16386
2.83741
5.46202
-0.961417
0.395031
-0.117819
0.0488668
0.280896
6.07444
-6.21076
-1.71415
-1.18632
0.48974
0.185623
-2.37866
-5.97728
3.25952
0.631746
-0.343925
-1.73057
-2.01622
1.48063
-0.0314275
0.602852
-1.59348
-0.326916
0.36793
10.9952
4.0175
5.50838
-0.189655
1.39855
-0.579678
0.411557
2.15398
2.24245
-6.9995
-0.398152
-1.90173
-2.4596
0.733356
0.00480063
-2.37575
10.1253
0.688788
-14.761
-0.0693112
3.8211
-4.46807
-1.67848
-0.156753
-0.101832
-1.52594
0.153883
-3.03898
6.20974
-0.839264
-0.409698
-0.0731086
3.70959
7.58398
-0.18771
0.0532233
0.119967
0.0511765
-0.164468
-1.08569
0.287622
-1.89032
1.17315
0.158363
-1.62092
-0.352259
-0.513015
2.31642
-1.05878
0.620895
-1.52077
-3.4819
-1.01865
-0.0863857
0.543734
-0.92423
-0.133491
1.57881
-0.206759
-1.71119
-1.15196
0.08135
-0.38123
4.5875
1.84835
-0.409746
-0.365559
2.76471
-5.47713
10.3662
-0.0878989
0.0663602
-3.44601
3.26512
-1.37124
-1.0412
-0.755019
-0.213788
-0.431064
0.58118
1.40054
1.19204
-0.664004
0.597658
1.29221
-0.513397
27.7744
-34.6692
1.56234
0.0965808
-1.46759
-3.68527
-1.56766
-7.60286
-1.40542
2.36683
-0.527257
-0.404264
0.100982
0.304478
-0.319646
-0.659629
-2.69936
-3.39276
15.0718
0.251352
0.0931042
-0.120282
-0.921923
-3.32186
-0.800429
-1.58014
1.20333
1.64354
-2.82179
1.32617
4.41502
-31.8301
-11.0739
1.06974
-0.28234
0.674982
0.0359878
-2.14915
-0.23087
-2.05514
10.0234
0.0614242
-57.6058
-1.54849
0.834553
8.21834
0.803098
-3.02252
1.94791
-0.253708
-4.51772
0.507954
-12.4783
12.8699
-1.58408
-1.26415
0.0448448
-0.731899
-1.34654
0.0759051
-1.74465
-0.429769
-1.01001
-0.200473
0.486508
0.58128
0.76672
0.487718
-1.02612
1.49642
1.13314
-2.6481
0.767868
-0.134477
3.2465
-0.104982
0.310828
0.383297
-4.65727
-0.483411
-1.96781
3.75836
-1.6566
0.202337
-2.17502
0.374112
0.173404
0.774993
0.426856
-0.158865
-0.884292
-1.16958
-4.601
-1.55095
-2.26523
-0.308193
0.519477
-0.128181
-0.582382
0.759175
1.07471
3.11108
18.7641
-1.82872
0.875656
-0.425632
-1.4791
2.85945
-0.880541
-0.304609
-0.838305
0.882292
1.3075
0.298889
-0.813903
1.14149
19.0331
0.599256
0.14822
0.808352
5.47251
0.811318
0.235457
-2.35568
1.95327
-5.01064
39.4119
-0.58971
0.394175
-0.171297
-1.13703
0.418607
1.28441
-0.0809545
-0.940282
-9.66469
-3.06534
0.470925
0.599145
1.99196
-0.207102
-21.0283
-0.588738
0.897404
-0.359048
2.23211
0.293805
1.3655
0.0205898
0.670579
-0.564251
-1.19543
2.26649
-0.417182
-1.87414
-0.892667
-0.428183
0.30106
0.178311
10.2699
-1.58954
-1.37957
0.303983
54.7197
0.731195
0.379925
-0.454819
-1.47867
0.428472
25.1217
0.509947
0.307344
0.395759
0.195915
-0.515203
3.46182
-3.41705
2.4496
0.644267
1.38803
-0.197461
-4.13505
-0.570951
-1.20854
-5.27815
0.560111
0.174136
1.95757
4.53743
5.98863
-2.29225
1.23168
3.15393
-2.21658
2.21045
-3.05278
-0.992192
0.262259
1.74504
-0.75526
0.180297
0.289605
-1.36446
0.456342
-5.71166
-1.29507
1.4752
0.277543
5.30172
-0.245686
2.50282
-1.54361
2.03203
-1.00356
0.249289
0.709726
0.36175
0.000117214
-0.0360303
3.09144
-0.499572
0.210975
-3.12933
-3.89575
-1.71211
1.65589
-0.932735
1.8845
-0.53434
0.48671
1.05728
-0.11974
-0.110863
0.187257
4.55104
-0.293554
-0.823915
-7.43261
2.30167
1.36772
-3.44685
-0.126761
-0.100578
1.02971
14.6393
-1.26101
8.40691
0.302649
-1.6089
-0.479526
-1.31993
4.75156
0.955195
-1.36608
-1.03157
0.785624
-0.328902
-0.338951
-2.61293
0.341175
-0.536047
-5.99032
-0.426419
1.53861
1.68312
-0.588182
-1.53408
3.1987
-2.69582
-0.107754
-1.45614
-0.38979
-0.0886086
-7.25483
0.478574
-0.692631
0.913168
0.0170734
-4.26742
-0.0959999
-0.262989
0.867605
-0.428291
0.543961
0.580278
-0.0489316
-1.18597
-1.28617
0.936577
-4.22277
0.748989
-0.858805
-1.86786
1.16566
-1.24334
0.904912
-1.49301
-0.637695
9.55662
-0.650432
0.126403
2.55114
-7.92573
-0.113286
4.65052
1.18724
9.06199
0.798224
1.06401
-0.660249
-0.518709
-1.15153
158.113
1.11741
-1318.36
0.311234
-0.0516542
-0.938209
-13.8786
-0.326774
-2.4088
-0.58724
-0.199367
1.03692
2.47665
1.49594
-1.7993
-0.244567
0.409835
-1.10998
1.72065
1.62095
-4.35005
-0.428783
4.73295
-7.45574
2.44281
-0.304498
-2.9802
3.1637
-0.948939
-4.05678
-1.06157
-14.6081
0.274238
0.924851
0.342825
0.215895
-0.424597
-0.251014
0.350067
1.11231
-0.659994
-0.529174
1.15249
0.0485075
-2.06343
-39.7285
-1.16274
0.240094
-0.0387136
-0.323322
-0.523308
0.491305
-1.91518
-0.0725782
0.0239883
2.82522
0.957591
4.71413
4.08668
0.117857
-1.58635
0.78597
-11.3613
0.477731
0.349559
-0.93916
1.42292
1.30669
0.866499
0.960284
1.81031
4.67936
-0.895844
-1.37768
1.29221
1.35003
-0.310499
-44.0631
0.991482
-0.782646
-0.118699
1.78085
1.62781
-323.912
2.23083
-1.82978
-0.28205
0.68869
-11.1726
-0.515334
-0.799554
-0.632964
0.285197
-0.790369
0.992132
-0.502433
80.1759
-0.524623
0.765155
-0.483403
-2.1124
0.182106
-1.7078
2.40013
0.961665
-0.841824
-5.53937
0.339901
0.396488
1.36688
-3.14156
-2.06231
0.423491
-0.507258
1.13658
-2.55526
-0.843154
0.952221
-4.91238
-0.0764618
-0.151174
-0.565358
0.860708
-0.448555
0.909288
-0.112685
0.120015
0.0893362
0.908863
-0.835271
-0.417133
0.0420928
-10.904
0.622145
-0.0812111
1.02253
0.0969513
-0.02723
1.52298
-7.12473
0.750147
-6.17594
0.639995
0.389408
1.7443
-0.643725
-1.83894
-0.0223913
2.64813
-0.211898
-0.220117
2.13701
-0.9463
-0.938449
0.235194
0.605649
0.342508
-0.931548
0.168142
-0.0174021
43.374
0.768351
-2.57131
-3.1914
-1.58774
-0.703588
-17.9012
0.470648
-0.492109
1.01617
-3.36242
-1.55432
-4.51344
-0.740083
1.29371
0.813888
-2.59731
-1.08084
0.604797
0.553483
-9.60577
-1.99476
0.926087
-1.20612
0.852431
-0.186105
-5.57322
0.144083
-0.736642
-27.9766
-1.4939
-2.94197
-5.72753
1.97301
-0.139618
0.646593
-48.3988
20.6821
3.80165
-0.078964
-32.0305
36.9329
0.644475
-1.42647
0.168589
1.83688
-0.439457
3.95703
-0.912966
0.191535
-0.565122
1.90021
-0.21065
0.394477
-0.346399
0.399241
-0.306393
74.5314
-0.211822
1.44953
-0.514362
-1.83744
-0.252364
0.189216
4.49357
1.93702
0.74876
0.576446
-1.02631
-1.1926
-0.142363
-0.599865
2.74524
-25.1959
2.76256
-0.573677
4.92651
1.79292
-1.89811
0.552239
-1.05717
-0.405931
0.482053
-21.7629
0.200283
0.874993
-1.25157
0.738963
8.20004
17.7507
-0.406231
5.59291
-2.90373
-0.4254
0.417333
1.62061
-0.23337
0.727203
0.0796604
8.34379
2.93597
2.28204
-6.78875
0.720528
-0.606463
-0.092265
-3.27629
-9.35886
-6.08234
1.45475
0.70294
27.5471
-6.22766
0.0325596
-1.97319
-2.32691
-0.413144
-0.66015
-0.0317599
0.375052
2.61553
17.3528
0.655599
0.907677
0.78981
-0.874552
-0.765673
1.02534
0.375569
1.40819
18.618
-0.15164
-0.105958
-3.87672
-1.99517
0.180769
-0.420034
-1.23991
5.45086
-3.26812
-0.751913
-0.997801
0.319187
-0.49384
2.7939
0.398405
-1.36945
0.946386
1.143
0.509591
-19.2095
2.88379
-0.570086
-1.52596
4.27868
-52.3258
2.03337
-0.41651
0.911538
-0.543492
0.404616
9.84425
1.63192
-0.187644
1.30685
0.0149046
4.60942
6.72338
-1.59203
-2.00709
-0.757555
0.667971
-20.2411
-0.711407
0.235398
-1.52187
-1.12391
4.13841
-1.24163
-4.45334
-1.68273
0.260554
-0.974098
0.526733
0.59855
-16.5144
0.447437
-1.03759
-2.06482
8.94098
0.0657922
0.440786
-2.01705
1.14987
0.981564
-0.846155
2.09485
-1.07627
1.61802
-7.15163
0.573636
2.46421
11.3153
0.0101091
1.43863
0.717039
0.404287
-38.2815
2.00181
0.137289
-0.491103
-0.0746043
0.509717
0.885108
-4.35157
-0.822866
-5.92138
-6.96277
-3.04392
7.36842
-0.826373
-3.46341
2.63122
-1.40143
0.485488
0.303022
-0.843137
0.603009
-0.275783
1.13203
-6.36251
-6.38926
-1.27767
-4.75558
1.30769
-4.07438
1.62958
-3.93478
2.32482
2.0516
-0.569583
-0.434939
-1.16822
2.09541
0.996744
-6.13105
-2.64019
0.0777849
1.07865
-0.498243
-0.993276
2.6599
-0.943374
-2.63683
0.204043
-1.50551
-3.22449
-1.19674
4.68473
-8.90326
0.137353
-1.3986
0.421035
0.265849
0.460317
0.533276
8.22245
0.297358
11.1887
-0.112865
0.968631
0.656828
1.1998
0.37427
0.496395
6.61701
-2.66108
0.818265
-0.583
1.49313
-0.795017
3.3529
-1.64891
2.7054
-1.3442
-0.467892
-13.9215
-1.35104
2.99337
0.729961
-0.205816
4.02225
-0.780492
0.183333
-0.0154312
0.561889
6.86111
0.46537
-0.7905
0.337951
12.6427
0.285012
2.00778
-0.565285
5.35637
-4.22354
4.22085
6.53968
0.37882
-2.30587
1.97309
0.499347
-0.340693
-4.07435
5.29874
-0.261534
1.1766
0.735892
0.894435
-3.56742
-0.668843
1.31227
1.84759
0.173211
-0.21728
1.96772
2.36294
-3.42218
0.0951483
-1.44237
-0.658841
-0.442978
0.736764
-3.31959
19.049
-2.15017
-2.9411
3.67552
9.61677
0.469594
0.984557
-4.65199
-0.0692876
-0.0396467
0.736488
-0.211885
-0.808557
0.123876
6.74422
0.314981
-6.69056
0.995419
0.192075
0.289373
1.11821
0.24995
-2.39039
0.888951
0.384479
-0.410305
-0.192367
0.163257
-3.5887
-10.36
0.92026
-4.64798
-2.64016
3.82378
0.0334242
-4.02749
0.734527
-2.53794
1.51073
-0.326214
-9.00892
-0.525239
-0.131861
0.0157676
-1.05842
0.39556
-1.42523
0.567878
2.44927
0.0217069
3.3045
0.873094
0.501158
-0.183363
-0.0931121
290.611
-0.977814
-1.59507
0.553447
18.8526
0.67157
0.508507
0.733598
2.33789
0.651433
-0.443462
0.646728
-0.618112
0.201421
-0.0442254
0.569309
-3.83036
-1.66756
0.414864
-0.533371
0.657796
0.937709
0.476754
1.43317
1.46946
-0.921445
-1.16424
0.430326
0.215307
2.28871
1.46074
-0.249359
-11.4244
-9.6766
-4.72081
-0.974842
-0.598479
-0.256394
0.494874
1.03601
-0.217477
-0.638051
0.180721
0.105036
-3.74397
-0.323529
-0.552397
-0.576943
-6.58321
-5.84788
0.0148875
0.507563
-1.15452
0.399655
-1.24404
1.3052
-0.497104
1.87384
-0.797961
-17.8229
1.14964
-5.77287
1.4276
-1.73301
-1.40827
-0.348296
-0.14354
-0.128164
-0.269569
1.65188
-0.307716
1.81093
-0.00579917
-0.78977
-13.242
-8.15584
0.750038
-0.890628
-0.331798
1.12971
-0.282986
0.99706
-1.09313
-0.76684
-0.10937
4.43725
1.4379
2.0686
5.03151
-1.6424
8.03193
5.58925
-1.13535
-0.502936
0.0400011
1.28876
-3.31336
-0.594253
0.389838
0.258733
4.14625
-0.0659303
0.492347
-1.1698
-12.7624
-3.21958
-0.544003
0.170411
0.198171
-23.3596
0.616717
-3.10406
-4.4256
-1.72128
-4.08393
2.09458
1.06718
1.88565
-3.22418
-0.333761
0.578418
-0.0315415
-0.296852
-0.54831
0.200154
-44.9593
-36.4899
0.361725
0.695828
0.277712
-21.9058
-1.61305
1.72118
-36.2407
-0.0820529
-4.58322
-0.836095
0.256408
-0.461001
-0.148646
-4.93741
-0.232421
-0.831977
-1.63296
1.18289
-0.229762
14.4018
16.3424
0.319666
2.13987
-0.0528768
-1.01645
-0.201175
1.37169
0.312989
-58.4336
-0.721739
-0.342484
0.429897
-0.0547216
-1.49616
1.87996
1.86259
13855.3
2.91583
-2.1286
3.199
-0.777551
3.48407
-0.0670984
0.00289887
13.7965
-1.09563
3.0024
16.0695
-4.30968
-0.0775395
-0.204088
-1.28964
2.25373
0.16969
-0.972842
-2.1698
-1.0726
-0.758417
-0.843628
0.105996
-6.78
-0.177027
-0.156905
0.24018
1.26234
0.394846
0.532938
-0.460577
-1.20447
-4.87766
-327.22
-0.0102023
-0.351209
2.4819
-0.197498
-0.0435669
1.39267
-0.564229
1.45213
-0.61038
-0.217134
3.3791
-0.581751
1.07427
-7.33586
0.616318
-1.37858
-2.36068
1.16186
1.3861
-0.251975
-1.31885
-0.885942
0.0634501
-0.949761
0.390886
1.11296
-0.491222
1.11132
1.02917
1.58758
-2.40341
-18.6088
2.61234
-1.23661
-0.604687
-3.00426
-1.9471
0.264904
1.12616
-1.891
0.507495
0.48804
0.235176
0.316667
-12.4011
-3.28364
-3.31394
-0.0890617
-1.74501
-1.23218
3.46416
-0.332228
0.169621
-0.295039
0.727829
2.00986
0.556722
1.56906
1.24496
0.195061
6.63167
0.543841
2.21291
-4.57641
1.70282
-5.82859
0.776536
-0.363978
0.257978
0.0579525
0.29398
68.029
1.39111
-2.12007
0.115779
-0.800898
0.522329
1.41683
0.0450248
-1.67266
0.107109
0.0763361
-0.407732
2.03325
0.473522
0.807498
2.53115
-0.662222
0.510447
2.05508
-0.0262722
0.622939
-270.683
1.65697
0.607489
0.152804
-6.5013
7.40092
10.4012
-0.226522
-0.0799467
-0.642809
0.653212
-1.83911
2.78195
7.41041
0.134477
0.938127
-1.36133
0.642525
-1.42999
-0.179202
4.51473
1.04476
-0.0816546
-0.216846
-0.451649
-0.919163
0.52865
-0.220296
-0.207723
-0.639042
-4.11996
1.37054
1.15963
0.808428
1.37108
3.21085
-1.85318
0.790286
-0.066417
11.1426
0.335344
-4.53044
1.5666
-0.203725
0.160871
-1.98608
-1.39446
0.421095
0.209618
-0.014551
-0.0398255
0.469796
-0.288751
-0.921668
0.555743
-0.768414
-0.57946
1.33157
1.55773
-10.7367
0.42431
-0.000232132
1.28231
0.474355
0.529472
-4.33681
1.46234
13.2325
1.71452
2.58745
-11.5841
-0.383668
4.46441
1.50112
-1.35466
0.379737
-2.90539
0.0608304
-3.58354
-0.247446
-1.17356
-0.0577203
0.279907
-4.10849
-0.0460603
-0.536476
0.0330921
0.0683628
-2.85048
0.931627
-0.475598
-0.742224
-0.930897
0.610115
0.509038
-0.43465
-3.36205
1.32343
1.64366
-7.5326
1.13834
-0.0122688
0.554896
-0.314291
-1.09528
-0.595115
-2.67257
0.82758
3.86997
-2.47613
0.747236
-10.5532
4.93184
-2.79961
-1.66805
1.3907
-0.351953
-5.5048
-3.81443
-0.608656
0.62311
2.0913
0.205956
0.420671
-1.56584
2.11723
-0.820721
1.08169
0.820448
0.181397
-0.324348
0.546456
-1.24359
2.61337
-1.39828
4.99888
-0.703451
1.09916
-1.5249
2.59149
1.03037
4.98849
-2.48263
-1.78388
-0.156067
0.212667
0.353833
0.177857
51.3414
0.784722
-2.00809
-4.45043
-4.89876
-2.39662
2.3835
-0.69155
0.127573
-1.81829
1.51316
-1.52948
0.0230233
-0.515452
-0.11174
0.0772343
-3.98091
0.51134
0.209063
4.67871
3.46824
-1.47024
1.5867
-6.94558
0.859312
0.868543
1.18471
0.721876
-1.55007
0.364214
-1.08849
1.75263
-1.95837
-0.41395
-0.134609
1.03218
-2.03674
0.266965
-0.082769
-1.37003
-2.92478
1.38343
-1.08222
-0.265866
-0.636707
2.11881
1.745
-0.459854
2.25084
1.45094
2.89906
-1.33891
17.425
-1.12568
0.734364
-0.325644
-4.29647
0.636174
-1.21841
0.545959
-0.776985
1.08766
-0.313728
0.634515
-0.675787
-5.08781
-3.24362
-4.61893
0.978376
-3.88499
-1.02217
-1.02502
0.514591
2.4223
0.245882
-0.31074
-1.23762
2.85001
0.82694
-1.2003
1.73755
-1.87831
0.458354
-0.391873
-13.555
-0.521169
0.753858
18.648
-0.0650706
1.42064
-0.848711
0.236516
0.996094
-0.803322
1.40345
-0.0109343
-1.43313
-0.552806
0.571455
-8.44592
-0.181768
2.72787
-2.12951
0.123994
-1.24166
-0.652271
1.78642
0.658029
0.707605
-3.31515
-19.3508
1.05542
2.40764
-0.474853
-1.17769
0.605164
-0.76277
-0.628048
-0.00522506
-0.529409
0.656454
3.43145
1.75559
0.0411765
2.15293
0.102226
-0.0998039
0.51329
-1.93339
0.891787
-0.0757424
-7.00317
-129.851
-0.589207
-4.38005
1.65374
0.313469
0.339556
0.544401
5.09627
-0.23344
-1.27484
51.5923
207.61
2.66714
0.164002
0.311853
1.07849
-0.163402
1.82659
-0.236811
0.615729
-0.794924
-1.88152
5.7108
-12.3082
0.923098
-0.483747
-1.25905
2.2965
0.153752
-6.69718
-2.58824
-17.9758
0.385041
-0.506471
0.353836
0.435756
-2.08463
-1.03544
3.36018
37.3704
0.0546781
0.54768
-0.820871
-6.54782
-1.58101
-0.68041
0.44699
0.574421
1.12317
-0.702405
2.08281
-6.92807
0.558472
-1.91688
1.79604
1.39239
-1.59517
-2.67357
55.3942
3.12427
-3.24384
2.7602
-0.574862
-0.711419
-4.11006
-0.740619
-0.00428857
-0.0409637
-1.42929
2.63794
0.287332
-12.6018
0.530785
0.733113
6.42165
-0.329568
-1.19042
-2.70362
0.711549
-0.394251
-0.696049
0.307965
2.21122
0.87235
0.788132
-7.8469
-10.51
0.397717
0.770508
2.41637
-1.04178
-2.10196
-0.715664
-0.818514
-1.10201
-1.03752
1.26474
0.0859825
1.21703
0.0640418
-0.250981
-0.252477
0.154917
62.8463
1.82737
1.30529
0.978232
0.281744
2.48121
1.67879
-3.53694
1.13264
0.692247
-1.66015
0.495281
1.0103
23.6957
5.6903
-2.31608
2.9735
-0.589589
-1.65051
-0.582666
-2.29152
-0.527905
5.10698
2.12987
-0.699911
-0.237
6.36116
-0.823344
-0.730177
-0.0656148
0.0419805
3.25375
-2.39731
45.7071
-0.749451
5.453
18.1295
2.82244
-1.25635
1.35183
0.0254093
2.87779
18.02
-1.04417
0.905562
-0.546401
0.5558
1.33164
-0.301574
-2.00622
-4.86421
0.451634
1.40752
-2.57725
25.0585
0.660151
-1.51928
15.2983
-0.606985
0.341438
-0.334344
9.82773
0.34197
0.867471
3.04845
-1.92436
3.20556
-5.63334
-0.499166
-1.96308
0.620828
1.71729
0.60071
-1.03136
0.944904
1.19812
6.13174
-0.341435
2.18808
0.958714
0.637175
0.250012
0.8924
-4.40853
-5.16583
0.120414
-0.545449
-0.00520882
-0.775907
-2.82416
-0.18894
-0.182864
0.406535
-3.47417
0.454116
0.345681
0.907916
1.88795
-0.194059
0.386864
2.2527
0.380576
0.360503
2.09541
-0.137868
0.532813
-0.405538
-2.20073
-0.891816
-11.0483
-0.457653
0.299254
-0.283774
2.08492
37.3726
-3.26063
-2.14711
-0.026043
0.885819
1.58542
1.65579
-0.965342
0.214039
0.991839
-1.03828
4.43494
0.602217
3.32228
0.232292
-0.191448
0.802412
-0.243282
-0.690176
-3.30535
-0.227506
-0.434331
0.124378
3.63844
-0.378211
52.7411
1.61073
-3.92937
5.0398
-1.30805
0.0188032
8.39288
-0.321231
266.376
-2.95492
-0.0695956
0.429455
-0.0822079
-0.368968
1.41469
1.04881
-0.340474
9.03295
1.20669
3.34483
-0.0279496
-1.36006
3.55322
10.0643
0.437915
0.687256
-0.508417
1.11847
1.67412
0.107687
0.249349
-4.51004
0.0706078
9.13047
-0.188434
0.208118
-3.08882
-0.0636251
-0.171808
2.21645
0.151308
1.36267
-1.07418
-0.411349
0.0975755
-0.294825
0.584244
1.07638
-1.0864
-0.163951
8.5044
-0.347985
1.94903
4.37001
-0.373989
16.856
2.62299
4.58939
0.477716
0.848411
1.38548
-22.0815
-55.4095
-3.77208
0.222578
0.501989
-0.517175
2.16535
-2.17523
-2.64451
1.12912
0.557968
-1.35635
-0.63781
1.53907
1.61546
-2.68998
-0.812656
4.70054
-0.178707
-1.00176
0.523214
0.856745
1.42082
1.28718
27.6615
0.456081
19.7508
0.265282
0.251932
-0.248703
0.393459
-0.0272133
-0.524002
1.95262
-1.38585
1.76003
0.799509
-3.34218
0.0444154
0.0874721
-1.56671
1.12559
-13.5206
0.727479
1.50657
3.64177
0.681793
1.07729
2.34173
0.920721
1.13283
0.146595
-0.484235
-12.0485
0.458966
1.20339
0.649557
-0.534684
-0.225469
2.64541
0.557265
-2.26668
-0.447081
-0.309039
-0.0437168
1.17504
0.467408
0.0942294
-1.22565
1.12573
6.91264
8.97226
1.52962
-3.06564
-0.0609591
-2.17666
0.486224
3.29672
153.26
2.24601
-1.41931
0.20249
-0.193954
2.9235
-23.5136
1.97221
0.57553
-2.14869
1.69944
-2.45167
0.442301
3.9301
-0.385047
-2.52961
2.40482
-0.39509
-0.399705
-7.9943
-8.39124
0.437627
-0.93321
-1.20591
0.41212
1.50755
-0.330675
-0.821002
-0.99281
-0.148363
-0.185629
33.6117
-0.0235089
-5.68576
-0.814322
0.0287164
0.585714
0.479072
-22.4129
-0.741263
1.28221
0.774209
7.35168
1.79087
2.79077
-0.69204
-0.701342
1.85219
0.00246331
1.05527
0.0419055
-0.460213
0.682547
-0.0844726
-0.314673
0.081608
0.645845
0.454524
0.990322
0.867816
-5.02837
-0.950738
-1.46534
25.0344
2.96472
-0.0238063
-0.933449
-0.550551
0.271959
-0.0335731
2.84023
0.223506
-0.0266336
-0.230204
0.362086
-0.565822
2.85512
-13.6564
1.35512
-0.620638
1.39007
-2.64869
0.201702
0.523575
0.129664
-0.112315
0.323508
-0.365382
29.6808
-86.2203
3.35168
2.86106
0.566545
0.703208
-0.599226
-1.29639
0.215375
0.140132
5.79082
-0.586563
0.689547
-14.5642
-0.68736
0.187828
-0.946587
-1.71879
0.835229
-0.73849
-11.958
6.94562
-0.0436083
4.34776
-0.277415
1.31345
3.78306
4.29475
5.38765
-0.73399
0.282641
17.2411
-1.29316
1.08884
10.891
4.05514
2.19043
0.732277
0.820001
0.92058
-0.978598
-1.75843
-0.880184
-0.156841
-0.505916
0.80507
-0.793471
-3.19654
-1.25086
-1.992
3.68407
0.2101
0.621238
1.20758
0.245613
1.26772
0.813189
-0.571772
1.50996
0.39208
11.8642
-0.844912
0.0756834
-0.181545
-0.555609
0.14582
-0.815449
-1.31414
-1.00184
-0.517963
0.617445
-2.44939
0.793159
0.456133
0.106446
0.591573
-0.357874
6.27124
-0.0975583
99.9334
2.61907
-0.188304
2.04396
0.650451
0.175017
-2.09393
0.0782232
-1.65893
3.20414
1.52411
2.09824
-0.121778
-1.70885
-0.0459902
-0.983849
-0.869539
-0.126461
3.09085
-1.55451
0.355719
0.115922
1.22958
1.27877
0.0676476
12.7832
0.00189975
4.08443
-0.802262
1.26406
0.702995
2.25877
-1.02592
2.37343
0.183227
1.12096
-1.15135
0.0131784
-0.348547
0.0448352
-3.49282
-9.24849
-2.46886
-0.0774529
0.100121
8.2471
-0.698094
2.04385
0.418966
-9.64358
-0.782018
-0.272075
-0.431008
0.755099
0.591864
0.0525769
-0.528249
3.59156
5.33772
-4.63887
-7.4637
-3.32244
-1.48372
0.146325
0.998525
-2.62347
-0.483532
8.50683
0.620195
12.2834
0.422973
-1.06603
9.28213
0.303079
3.52108
-0.395683
0.393525
1.1394
1.38873
-1.31403
1.83172
-0.518074
2.29189
1.43683
-1.96944
0.957207
0.642114
-0.545767
0.261233
0.626335
-1.18489
0.14367
1.20432
0.666946
-1.91118
-0.512601
9.49156
1.10128
-0.894862
2.90214
0.264876
-1.11215
0.966086
0.357192
-3.12122
-1.86676
0.709709
0.941069
-0.786141
-0.3824
9.20884
-0.3643
83.3775
0.93198
0.200519
3.05338
-2.28778
-0.503837
5.52992
-0.574893
-1.361
0.345113
0.442008
17.0257
0.767876
-2.17063
-0.27751
0.314326
-10.8772
-2.02224
-0.0970471
0.225942
-2.79553
2.39972
-1.52912
-0.440607
0.407775
-0.2259
-3.78942
-0.393423
10.3853
-0.677759
-0.557708
-0.0560319
-9.45729
1.49507
3.06945
-2.08351
0.613319
-0.843711
1.56601
-0.167911
-2.04814
6.03894
-0.433436
-0.0249441
0.285635
3.0211
0.343494
-2.87963
-0.527036
0.422852
0.285416
-0.428179
0.665195
1.04681
1.91832
0.605494
-0.885361
-0.214306
-1.81973
-0.478183
-82.2662
24.074
-3.07048
0.956196
1.84377
-1.42808
-1.59537
-3.30905
-0.418335
-6.88774
-0.380388
-0.156587
1.22915
0.454041
-0.650194
-1.38789
-0.207322
-0.176999
-1.76595
-0.983556
0.730667
-0.924819
-0.125762
0.642393
-0.51322
-0.439518
-0.821959
-16.0256
0.0920029
-0.486988
13.0976
-4.59099
1.95623
0.548959
1.93291
11.5418
0.0704132
-0.0151942
-2.5288
-2.44157
0.174299
4.33344
-3.72071
-1.23985
-7.15005
0.624903
1.10171
1.29184
-0.222375
1.22287
-2.73379
-0.470834
-0.571264
6.02215
-2.77441
0.998016
0.262431
-2.1752
0.588506
-0.387951
-0.550517
0.661382
-0.773986
-0.633446
-0.853418
0.71557
1.81866
0.0159936
-0.512832
-12.3794
1.31057
-0.915619
-0.384491
-0.464504
-3.0085
-2.26492
0.225128
-1.17331
-0.648705
-288.475
-0.555743
0.953529
0.590068
0.800012
-0.320839
-0.286359
0.295731
-0.246761
-0.0826368
17.28
0.183791
-2.76781
1.52656
-0.848968
-4.2244
0.585191
-1.60776
12.8521
-0.416497
3.91428
0.472064
1.46298
-0.624777
-3.94984
0.449752
-0.126378
-0.128581
-0.0539938
0.43683
1.99108
1.64426
-2.07836
0.918847
-0.543144
0.662392
47.7812
0.119729
0.558545
-0.961713
0.645715
1.38031
0.278705
2.84209
1.10753
-0.974994
-0.780335
1.2499
-0.2549
-31.9058
1.02632
-2.33976
0.0657032
0.295726
1.67198
-0.964002
-0.901771
-0.583994
0.0181019
0.251263
2.03916
-0.0540804
-0.926542
-0.404966
-0.326403
10.6036
-8.23726
3.15635
-0.133048
2.64535
-0.562468
195.394
-0.343513
0.148578
-0.588144
-4.07937
-0.338067
0.380058
-0.696925
0.952318
-0.143031
-14.8614
0.477116
0.793473
-0.358666
1.02062
-2.6487
0.51779
0.788769
0.656712
0.558587
2.348
-1.05651
0.111567
11.627
16.1716
4.6414
1.44977
-14.4809
-2.31938
1.22036
-0.559763
0.865009
-0.149269
4.77276
1.5808
-16.7823
0.644721
-7.78763
-1.27881
99.4839
-8.65812
0.0772145
-0.2916
-0.110894
0.00627809
-0.485423
-0.189374
0.609555
-0.817979
-0.227229
0.597914
-1.96077
-0.031245
1.87167
-4.88647
-1.19197
2.40951
-4.4987
-0.243601
1.86555
-0.282957
-12.0072
1.19148
4.21593
-13.5127
0.0533524
-1.15269
5.00457
-4.2392
0.39102
-3.96792
9.02848
-0.194877
-0.670246
-0.253019
2.97566
-0.110928
-8.40862
-1.85571
-0.128077
5.07057
3.40763
4.05439
0.516234
-2.08131
0.555298
1.35293
-0.661165
0.349699
-0.270119
-1.64016
-1.46799
-1.16408
-0.148753
0.508689
-1.62745
22.5958
-0.0561687
0.157119
0.296385
-0.171011
0.829853
-1.71139
24.3052
-0.96122
-1.18713
-0.515021
1.56206
-0.237425
0.050324
0.361251
-0.0836166
-0.16537
0.670161
0.0605561
-14.3989
0.965762
0.3554
-0.243814
0.0253019
0.655288
0.320173
1.50903
-0.135828
-0.109826
-0.48958
-1.54046
0.349535
1.12873
0.297563
0.789489
-3.22558
-0.498435
-2.18195
-1.34329
2.83367
-0.866373
1.57568
-4.50609
5.52306
-0.286059
0.444315
11.8105
2.98982
0.077016
5.77341
-5.37788
-2.35982
-3.10555
-27.9863
-1.74098
-0.967146
-0.88182
-4.64647
12.0867
0.271255
-8.79671
-5.72647
2.11628
-4.4749
0.505603
-1.5828
2.39039
-2.38169
0.781097
-0.556079
1.89172
0.877579
-22.6011
-0.111946
5.91489
-0.405336
0.835773
-19.9601
2.25393
-2.60438
-0.430506
7.82115
0.250424
1.09589
0.0195868
-1.59038
-1.34737
0.351565
0.0132476
-0.792596
-0.449211
2.73152
-0.417556
-1.19955
-1.97235
-2.75168
-0.348753
-2.234
0.368912
-0.0980286
10.0796
-0.0220632
6.54475
4.05606
-0.334615
0.233993
-4.11294
-7.81028
0.562904
0.0145808
-0.680569
-3.16178
-0.785136
-0.159985
1.91852
-0.254767
-0.268913
1.96865
0.406354
-0.836145
-0.788407
-2.33803
-4.94929
0.130993
3.19494
1.43774
0.445354
-1.59817
3.8787
0.888339
3.0084
0.114503
-0.657004
-1.5822
-3.74737
-0.151862
-2.07514
-2.21422
2.33338
0.7498
-1.25477
0.585436
0.871374
0.623776
0.346078
-0.0498191
-1.29487
2.65348
0.857332
0.351056
2.39174
-2.1073
-0.443257
-0.0494087
-0.0718621
0.418827
-0.171647
0.010998
-4.54752
0.525687
-1.1656
-1.97487
-0.186419
3.23422
0.859889
-0.496182
-0.669811
-0.470144
-2.7895
-0.117706
0.76946
-1.45945
3.34937
1.1598
-1.13764
0.0901413
-3.20424
0.833631
10.8419
0.9293
2.11401
2.08956
-6.9561
-1.87141
-0.51716
6.13121
-0.0395062
-2.23709
-0.0756336
1.47533
-0.328876
2.81866
2.54731
0.369543
0.381483
-0.194331
0.371267
51.1747
0.420219
0.253154
-1.24738
1.61868
-0.516054
0.240622
-1.21579
0.515281
0.414415
5.1116
0.306898
-2.84857
-0.918389
7.4293
-0.187239
0.549507
0.665272
-0.199354
-0.120586
-1.1774
0.125806
-0.034314
3.5124
-1.37545
-0.475798
0.235798
0.235086
-0.0462131
-0.568744
-0.898341
-0.368956
1.33817
-2.76588
1.14195
-25.587
0.867558
-0.896549
1.71953
3.7449
0.725527
9.78041
2.14075
-0.231964
-1.43668
0.807961
0.842798
0.650328
0.170035
-0.179505
1.36088
-0.76285
6.20616
0.0868681
-1.50907
1.0741
1.84909
-0.099898
2.87955
-16.3479
1.38531
-2.19427
0.552451
-0.972383
-0.0772548
1.06412
0.969956
3.82661
1.31388
-0.91589
-0.29978
3.20683
-6.21899
2.05997
6.83919
1.47818
9.40684
2.4043
-32.2636
0.684052
-1.34185
0.770252
2.02437
-21.3727
-14.3282
-2.77574
-0.115028
1.55209
0.358077
-1.13558
1.08144
-0.491396
-0.175856
0.462828
2.21621
-0.661156
-1.9759
-22.7856
1.06269
0.190511
-0.359452
0.605155
0.655496
0.723413
1.43738
-1.65522
-0.784156
-0.733095
-0.444846
-2.31677
0.411862
-0.536607
5.15256
0.25939
1.06204
-305.339
-0.890746
0.0845575
-1.31949
372.703
-5.41464
-0.282008
-1.1949
-6.56534
-0.328564
-1.15225
-1.62971
0.236719
1.7441
4.41423
-12.0642
0.668085
2.19718
-5.4425
2.11187
3.38108
-1.22176
-0.0374739
0.538058
0.416831
0.420377
0.359581
-1.1189
1.18957
-0.00748458
-0.300366
2.93006
9.02361
0.0987353
-0.278455
-1.50567
1.05784
0.136801
1.11052
-1.0463
-0.0534635
1.56727
-0.045559
-1.03569
-0.449062
-1.28707
0.331347
0.68685
-0.888413
0.318807
-0.638846
0.469415
-0.136034
5.83764
-0.59949
1.52299
-0.844057
-2.10015
-1.16394
-0.10478
-0.11903
-2.12521
-1.45958
-0.0937684
0.476553
-4.28007
-3.41713
-26.6552
-1.91444
2.48583
2.10452
0.0633364
0.880098
-3.03012
-0.128562
0.272485
2.51996
9.82528
-0.272833
-14.0453
1.58583
1.19211
0.174847
-2.60811
-2.44135
-0.945984
-0.49569
0.469607
0.436808
9.35732
-1.36457
1.23712
0.279978
23.7559
53.4164
4.48927
0.400984
-0.771042
-4.86617
0.758073
-16.0073
0.050109
1.41341
0.737581
0.00250326
-0.307261
-0.915801
1.39644
-0.444123
6.36389
0.117907
32.3346
5.51254
-0.939403
-1.16492
28.5566
-7.60856
0.111789
-1.45654
24.7618
2.8895
-0.325398
0.67688
-0.672953
0.696384
-4.71545
0.0562944
-1.08276
-0.491774
-0.375941
-4.02551
33.0896
0.504119
0.145866
-0.0312629
1.35556
11.2036
-0.105531
-5.84776
8.10119
0.259384
-1.97777
3.93811
0.214711
0.141241
-0.0722893
3.68196
-0.678109
0.258213
-0.0758212
-5.08782
-0.174715
-1.70279
0.432669
-1.58764
1.55417
-0.663284
31.2249
-0.276986
0.238497
-0.348192
-0.75245
-57.2177
0.228221
1.83665
-0.147683
0.815871
-0.366869
1.11609
0.311101
-4.3569
0.697796
-4.25503
-3.10061
0.326139
-0.769839
2.35313
0.237553
-0.384997
-38.9677
-3.11502
-1.63542
-0.261078
0.635671
-6.12969
1.16136
-0.309639
-0.232425
0.737502
1.22375
-0.489738
0.89364
2.40589
-1.84906
1.24448
-7.46916
-1.20046
-1.28846
-9.7476
0.485728
0.241293
0.439011
2.43059
6.96599
-3.73395
0.19847
0.945938
-0.496927
-1.44291
-3.9599
-0.150763
-0.675609
-6.19036
0.296277
-2.7578
5.64995
-0.0213587
-9.79956
-10.7905
1.04947
0.969893
0.261808
3.18934
0.350017
0.0377998
-0.828409
0.796618
0.0145077
0.0612049
1.26477
0.730915
-1.14919
1.55727
-0.221484
0.16036
-0.231708
-1.59775
-0.0702188
1.1016
0.0626296
2.16869
-3.55425
0.796014
0.7802
-6.91175
-0.826847
-1.16908
0.0229118
3.42628
-2.22
1.0814
1.5644
-3.26457
-0.490688
0.23801
-0.413756
-1.33864
9.45976
-2.1559
1.82882
1.01339
-0.31126
29.3718
0.434725
-0.28974
0.702242
-37.4452
0.272686
0.193057
-8.85141
-1.23187
6.79505
0.485761
1.08478
0.693967
-42.4109
0.850634
4.77397
-0.753819
-0.648887
2.02876
-1.72371
-0.0101242
-0.282181
-0.357083
-5.47039
-0.650535
-0.0107217
3.34367
1.07381
0.702048
2.18554
0.381489
-3.83827
0.103716
0.661415
-1.19482
-2.13817
2.05667
1.30874
0.206703
0.212565
-1.1387
0.249555
0.372164
0.58907
1.40623
0.895197
-12.3096
-2.78333
2.41264
0.387925
-1.47695
1.5345
-3.67992
-0.372373
2.28809
11.3811
3.27709
-1.35696
0.413592
-0.349846
2.52992
0.364873
-0.215586
0.668255
-1.06526
8.86335
1.10268
1.09282
-0.357025
0.444494
-0.499747
-1.70924
-12.3887
2.31335
1.08526
-8.34661
0.41136
0.458783
1012.81
-0.388384
-0.406658
2.59941
-0.405229
-1.67942
0.111307
-0.0536737
2.82731
0.626077
4.66315
1.71932
0.31579
0.191123
0.709974
-1.31434
1.34244
5.56902
-0.853572
-0.752551
-51.6255
-2.44866
0.141771
0.0701433
2.50706
-0.38586
-0.481516
-6.4326
0.416315
0.527921
-8.36592
0.891491
-2.88556
1.42826
-1.89772
205.113
-0.268304
-0.84476
-2.21692
-0.533267
1.92086
-2.28618
-0.377161
-0.540209
-0.139854
1.07641
-0.151437
0.033128
0.133577
0.24557
0.647511
0.310657
-0.577806
7.39623
-2.54352
0.504233
-0.559915
-0.474332
-0.321179
0.998476
-1.69538
0.385195
-1.27846
0.974424
3.34229
1.27887
-27.6018
-1.04936
-0.396139
-3.81945
0.647272
-0.815825
-1.34619
0.633025
1.41765
-0.52057
1.25803
0.430918
0.860344
0.588532
-2.08685
-1.36917
1.12421
0.680388
0.942441
0.538268
1.72959
1.74185
-10.9313
-37.0346
3.48584
-2.25143
0.440141
0.396331
-3.34181
2.10888
-0.329277
-0.735292
0.152953
0.439697
-0.141946
-1.79698
-1.9363
0.38309
-2.69247
-0.314572
0.160547
0.69099
2.19299
1.32063
0.42084
-0.263526
1.40263
4.46401
-0.882153
-0.274819
-2.82961
0.136345
-8.37221
62.6091
-27.4173
-0.866107
0.465962
-2.56655
-0.211015
3.07393
0.648942
2.74418
11.1484
1.12103
1.31752
-0.914182
3.6575
0.528305
-0.0259951
-0.0526124
-0.664424
-0.00105039
1.14093
-15.9
0.913418
-3.74214
1.58212
4.41482
-0.255286
0.425754
-6.2429
-0.150453
3.13912
-0.471056
-1.11184
0.022504
1.14996
1.27971
0.508543
-2.34489
-1.32413
-1.6118
0.0119523
-1.09428
-1.01112
-3.38778
-0.480567
-0.535609
1.04018
0.688947
4.10669
0.0264901
2.26876
0.977352
-1.32555
-0.917711
1.64263
-0.440274
-0.0288768
0.609247
-0.0394965
2.26299
2.10366
0.528772
-0.555463
0.199628
1.58536
0.732739
-2.77775
0.325582
0.80329
1.75816
-0.803318
0.514851
1.68713
-4.48114
-0.70603
44.9528
4.66018
2.33254
1.31177
0.19168
-0.541279
-1.41657
7.67581
-0.467771
1.38913
0.929228
1.81182
1.47005
1.42355
0.51832
-0.0250549
-1.1117
-0.502533
-0.461398
1.02376
-40.7386
-20.2555
12.7736
0.213098
69.136
0.683747
-1.02178
-2.25053
0.195954
0.193862
0.866851
3.10815
-0.117274
0.071445
-0.247645
-2.49076
0.648067
0.853641
-1.96788
0.917169
0.384704
-9.52082
-0.110876
0.675943
4.72685
2.56611
-0.0868029
-0.164356
-0.00159646
0.610683
0.088184
0.959582
-3.01088
-0.225885
3.59719
-1.78535
4.73798
-0.702335
-0.7584
4.20897
-5.21762
1.68855
-0.907132
0.171483
0.017034
7.92476
-0.240395
0.501119
0.274985
-4.56577
-2.42909
-2.33934
0.829409
7.87971
-0.023401
-6.11695
0.736761
0.0680387
-0.27144
-1.70219
0.589039
4.03977
1.19058
9.78984
0.694418
0.180389
0.0739924
6.01881
-0.48459
-0.614829
0.554298
0.517275
14.5649
206.128
-3.81601
-0.582758
-0.443429
-1.20733
-1.33875
1.39698
-1.66176
0.17286
0.639056
-0.479586
0.162545
-2.61829
0.207056
0.858199
0.319798
-1.41081
-0.582956
-1.27674
0.271426
-3.55268
-0.0227742
0.36215
1.0489
1.1272
-0.762436
0.418403
1.21298
46.4469
-1.40636
8.8442
0.161468
-2.2867
0.228455
0.342593
0.112574
6.91642
0.970974
0.753213
0.656142
-0.150901
-0.753051
-1.22079
-0.800152
-0.112035
-0.788007
1.21512
-1.96501
-0.643602
1.50859
0.0345736
0.447523
16.5148
0.429015
-3.46882
-1.95949
-0.790964
-4.88636
-0.102021
16.161
0.460179
0.855583
5.18867
-2.03908
-5.18253
-10.1713
-0.0497149
0.112466
-0.240404
18.8784
0.230036
2.87172
0.594473
-2.37406
-1.43856
-0.620204
-0.292116
-0.00253486
-0.612773
0.551557
3.10828
-0.204705
-2.23227
0.250264
0.308204
0.117941
1.33223
0.78934
102.323
5.89496
1.317
2.63286
-0.288418
-0.628666
0.502329
-1.17611
-0.418112
0.0306517
-0.665597
0.927553
0.637927
0.553763
2.74068
0.134225
-0.370718
1.37814
0.655794
-7.59367
-10.1168
0.542623
1.66399
-0.760697
0.35578
3.93495
-0.0199856
0.425929
-0.203616
-0.587021
18.6718
-1.25061
0.436377
-2.01356
0.454891
-0.578268
-2.88676
-0.869824
-2.66355
-1.30406
1.98137
-1.44317
27.2615
-5.67866
0.367566
0.177517
1.96076
-0.820551
0.750743
-9.42455
-0.853429
0.417151
-0.805817
2.11279
7.50728
0.380272
11.1943
1.6208
0.397535
-0.0466958
-0.406093
0.516843
-0.175564
-0.432519
0.184745
0.121724
-0.517796
-1.35459
0.0425367
0.306155
-10.0496
-3.97276
-11.4803
1.50511
-2.391
-1.20162
-0.569546
-2.43932
0.297628
-0.32684
-0.123099
0.360453
-1.41329
0.171434
0.976212
-4.12237
3.06116
10.9444
-0.0831301
0.279058
-7.2317
-3.13689
2.01804
-0.606811
1.24478
1.02156
0.360772
1.63376
0.653348
-0.221717
-2.05474
-2.8084
-0.726326
1.32753
-0.946538
0.268097
-0.196569
-4.53851
0.411433
1.80651
-0.72623
-0.128241
0.527498
0.267912
-3.67635
-0.219909
0.953975
-1.89231
2.56473
4.76617
-2.05295
-0.0628266
-0.569587
0.464565
2.44304
-0.594595
77.2772
-0.258212
0.508489
11.3885
-10.6359
0.864425
-0.0288377
111.816
-4.17286
4.93009
0.411672
0.201458
-0.570423
-4.19549
-1.1439
1.20962
6.64705
-0.0134984
1.15077
-0.585943
-0.772702
-0.411897
0.738881
-0.458521
0.997272
-1.01992
-0.650845
-1.64126
-2.2729
0.206566
0.699195
5.92885
-2.27075
-0.223562
0.751446
-0.141657
-0.23296
-7.35918
0.419841
1.65229
-0.50528
1.73575
1.96124
-0.192478
-0.0419003
5.70451
2.22417
-2.51054
-0.167646
0.759026
0.984643
24.0672
1.96613
2.27291
5.51281
4.82537
1.95137
-0.133914
5.05679
-7.09567
0.107751
-0.0445457
0.523641
4.35984
19.2053
0.227662
-0.617198
0.700445
-7.69374
1.65424
-3.87812
-11.9488
0.221833
0.0785405
-2.05819
-0.0800094
-1.44116
0.63695
-0.311777
-7.28795
0.167797
-0.862416
1.43231
-2.27696
-0.914833
-7.14144
-0.433143
1.58774
0.373284
-0.186288
0.205725
0.817123
-1.56308
-3.62546
-0.690042
0.0622128
-1.34628
-5.49452
-0.267418
1.23859
-22.4246
-0.419655
-2.86976
-2.1941
-0.655344
-1.46505
1.4477
3.3995
-2.18126
-1.06033
-1.90459
0.079542
-1.45159
-0.240172
3.27034
-0.219564
0.290079
-0.391147
0.661852
-0.22297
0.6604
-0.00357353
-1.91944
-3.30231
0.00944667
0.454119
3.11905
1.53376
-0.79241
1.6476
-0.612574
-0.851638
-0.890777
-0.759169
0.0444581
-0.616793
1.52817
-15.008
-3.51977
0.165629
0.222018
0.8446
1.14854
-1.73429
-1.53363
-4.52821
2.9905
-0.451319
-2.92044
-2.2908
-2.93745
-28.691
0.963606
-0.651246
-21.1596
-3.43178
1.63251
-1.15306
1.87495
-2.72691
0.0833746
-0.984422
0.967476
0.681966
-0.950485
-3.01193
10.135
1.27721
3.34069
2.24566
0.848872
0.233669
-0.616516
-1.46567
-0.339482
-8.07887
0.413531
7.66013
1916.61
0.867322
0.653324
7.72616
-1.70363
1.62784
-3.62626
3.02357
-0.564952
-0.260507
-2.33285
3.27984
-0.578703
1.90435
-11.7261
0.51077
65.2539
-0.39678
-1.33479
2.53982
-0.149773
2.50758
-1.84373
3.67931
-0.177849
-0.326055
-1.15682
0.564142
-0.417098
0.287075
0.301047
-2.95656
2.06484
-0.729316
-0.807764
65.3887
-0.337543
1.53852
1.08243
-2.85811
0.723443
3.44103
2.28102
1.23148
-0.780809
0.483285
-1.01818
0.236277
1.42899
0.0395417
-0.239233
-0.129947
7.09009
-0.302447
3.68926
-1.66016
0.593269
-0.183734
-0.951757
-7.47787
-0.500969
-2.01221
2.85549
-0.481945
0.776288
5.22524
0.044325
4.81309
-1.43602
-0.792272
-1.54945
-0.724542
-0.73688
12.8777
-0.944402
-2.06882
-6.07134
-0.722277
1.00337
1.75213
-0.34314
0.305738
-1.086
-1.74586
-0.288533
-1.0109
-0.0154475
-0.510551
13.9851
0.0479551
-0.605735
0.986139
-0.372135
-0.324215
-2.40271
0.498932
2.75043
-0.374924
0.482597
15.3951
-1.6524
1.91276
-98.9433
0.438036
-88.5338
-0.411391
-1.46598
-18.261
-0.866419
-0.0619649
0.690199
-0.498438
0.895156
-0.10612
1.90219
-0.61798
0.900908
-0.220152
1.63146
-0.473399
-1.72693
-0.0300403
4.24223
0.445835
7.64539
-7.60109
0.486936
-1.33384
1.17458
-7.47528
0.443955
-1.85873
1.92626
2.24661
0.31747
-1.18137
-0.774753
-0.727865
2.12048
0.329001
0.716867
2.59884
-3.14057
0.562304
-2.39086
1.05355
4.84698
0.384959
-1.41922
0.541508
-4.48503
-0.0759351
-0.416417
0.122137
3.48964
-0.184471
0.78379
-1.1347
2.11376
0.0905663
-41.8336
-2.70682
-9.36693
0.818752
2.37891
0.356165
6.6476
2.09898
5.7628
4.67225
-0.181314
0.450076
0.797114
0.0795919
0.249096
-0.652243
0.330684
-0.406321
0.0550783
-0.0404252
0.802878
-2.77993
-0.165456
1.5404
0.814653
0.953832
-5.4696
0.436445
-1.0735
-1.00727
-1.0921
-0.868914
0.275932
5.86748
2.60475
-3.80838
-0.959901
-0.102737
2.25221
5.91178
-0.452154
-0.678664
-0.762081
9.54427
-1.5243
3.56603
3.49584
0.28396
1.30704
0.705843
0.231209
-1.24622
20.8393
-0.840066
3.14334
-2.24333
0.218773
-1.9197
-7.36207
-0.482997
0.763262
5.08714
-1.31369
0.653667
1.09083
0.478227
9.41924
0.27732
-1.2433
-0.485035
0.60636
-0.478288
0.326255
3.54838
-0.803979
-4.14762
-1.17488
2.41876
19.2485
7.97699
2.52755
0.137665
-1.98281
5.9834
-1.53453
0.332471
10.4656
5.41423
-1.17223
4.34033
-1.06783
-0.174259
-0.0919312
0.292562
-0.535484
-0.452019
2.86421
-0.547678
2.46572
-0.461454
-0.861018
-0.870288
-0.788017
0.715355
0.222581
-0.447815
0.148068
756.03
0.706196
-0.24012
0.113598
1.52516
1.89427
2.1414
-0.577713
1.77707
1.29557
0.243366
-3.34603
-1.7572
1.78769
0.95839
1.55778
4.77032
3.59089
-1.81913
-0.516226
-21.4151
-1.92192
1.00699
-10.2803
0.786917
53.0796
-3.75492
1.0428
0.138193
0.871355
0.967899
-0.329075
10.2119
-20.4804
0.128863
-0.318162
-0.06135
-0.576978
3.7304
-0.189054
0.0388339
-0.97015
-0.529449
0.558879
-0.422672
0.0313567
16.1845
0.265759
-0.6479
2.13596
2.00902
-4.87446
1.17507
0.564745
0.166655
7.77452
-1.65116
2.80004
-2.80894
-2.01231
0.278816
0.289837
3.45723
2.22137
-4.50321
1.10767
-16.0472
3.71592
-0.744281
8.00796
-0.964058
0.348969
-0.338662
-0.0111674
0.474407
1.51017
4.17607
-0.734373
3.12027
-0.819677
-0.513975
0.176127
1.11864
7.92114
1.66163
-0.0379308
-0.935749
0.459139
-0.701504
1.35083
9.20281
0.723722
-2.06629
-0.440143
-2.50579
-0.114821
-4.06431
-0.814287
2.36933
0.733037
-1.59075
-0.350621
-2.95271
0.60127
8.22752
1.61196
-0.24819
-2.20965
3.28839
-2.0689
0.211168
-0.271008
0.473152
3.02071
2.38489
-2.38964
1.7486
-1.49528
-29.5046
0.870601
2.18317
-0.580486
-1.18422
-1.48671
0.738289
0.277513
2.72548
-108.227
-3.06467
-0.283515
1.5808
-2.83451
-14.0624
-4.53903
4.81087
10.7582
0.289701
5.38461
-1.9744
1.17541
0.877024
0.255361
0.136551
-0.402338
3.43385
0.275175
-2.83387
-0.398774
0.122211
2.14579
-0.679169
-3.42505
-1.46828
13.2496
0.867477
1.05508
0.155356
1.2834
0.133278
-0.0475879
0.103199
2.53455
2.14776
-0.418803
4.87898
0.472408
0.186936
0.428343
-2.7237
0.106817
-0.497696
-0.28088
-1.33085
-1.64753
-2.44028
2.28933
1.60853
-0.31512
4.26058
-1.11642
-1.57997
0.412331
4.57342
0.567946
4.1924
-11.1855
1.18848
-3.30096
0.206443
-0.413401
0.663102
0.944872
-2.30034
-0.932319
6.04441
-0.247812
-1.4147
-1.17886
0.694497
0.546397
-1.22577
-1.16122
0.234219
0.590621
0.106042
0.539095
-0.103578
4.40994
-43.9949
-3.68483
-0.109444
-0.104391
0.155754
5.65176
1.5408
-0.266135
-0.0747089
0.965178
0.283322
-0.580083
-0.714406
0.226356
0.217715
4.32433
2.40154
6.09874
2.41192
-1.36722
-0.834769
0.1025
-0.802431
17.5666
-0.834121
-3.04784
4.00559
31.4159
0.45344
-0.811772
-0.79824
-4.19815
0.58773
1.11425
1.11304
5.42314
-0.23162
3.07494
-4.05076
3.44868
-2.06324
-1.54051
-0.928257
-0.271798
13.0569
5.32803
1.03492
0.729744
6.5027
-0.583828
-0.879617
-0.130819
-0.529114
0.778374
1.41464
1.00266
-0.983411
0.0653402
-20.5962
-1.91307
1.16629
-1.50264
0.236837
0.635982
-13.025
0.168626
2.51907
-6.00971
-5.26186
-1.12834
2.00693
0.0176517
-0.932403
1.25908
0.455622
1.0161
3.48454
-1.23526
0.419641
-23.338
0.130912
-3.60226
0.387397
-0.974976
0.871689
1.84511
4.04071
5.62736
-0.0448958
-1.045
-0.797186
-0.549198
-18.5856
0.951694
-1.49826
0.0356221
0.921051
-0.425659
-1.49543
-1.21903
-0.345884
0.27931
-2.19907
-0.542609
9.02939
-1.04839
3.53179
-2.86879
0.297912
-2.59667
-5.39757
-2.86063
25.0093
-1.49212
0.36898
1.7432
0.26378
-0.655595
0.00653767
0.609951
-2.38425
4.74825
-2.1369
0.8132
-0.350883
-1.14167
12.578
8.02116
2.26377
-6.27746
2.58807
2.2856
0.254535
-4.19576
-0.735639
3.92739
-7.10826
-1.29019
-0.535434
-40.4215
1.60256
0.87509
0.422536
-0.93408
-2.51903
-4.20948
10.1745
-0.983516
4.51679
6.34254
0.209398
1.34123
-0.294729
-0.156296
-2.46784
2.99818
2.1244
-0.5056
-0.0178785
-0.650538
3.0522
0.110717
0.929703
-2.36288
-0.702094
0.455833
-0.217318
0.327485
0.11429
-3.44545
-0.0877319
1.25499
0.525079
3.45287
2.9029
-0.368746
-0.265129
-0.0481554
0.984104
-0.437719
0.343735
-2.3515
-12.7026
-5.0503
0.324203
-0.791989
7.58094
2.09733
1.61949
1.71505
-0.137243
0.868308
0.694098
0.548136
-1.78907
0.273835
-4.35419
0.123233
2.79332
1.26562
13.6111
3.87496
1.33427
3.97468
1.57197
-0.537634
-0.991751
8.7242
-0.38705
6.14749
-0.677879
-7.55327
-0.937978
-0.993839
0.0233693
-2.18865
2.98628
1.17152
0.250091
1.41889
2.17281
-11.0595
-1.60488
-0.781316
0.826387
-0.1352
0.714348
-0.101346
1.01681
-0.511428
1.58713
35.3118
0.647431
4.95279
0.324392
-0.388422
0.153532
-0.673959
0.443625
-0.252389
-1.32775
0.111354
0.953788
0.916552
0.297643
0.116322
-3.19227
4.69022
2.3731
-0.973831
0.83371
1.44326
-5.56808
-8.42212
-1.03411
-0.485893
2.66604
0.567411
15.697
-47.4748
-5.43526
-1.60437
-1.90714
1.42863
-3.91231
0.449028
-1.357
-0.988486
1.64284
0.595594
0.670245
2.97054
0.841223
-16.7418
0.131311
3.21276
0.488971
1.33242
0.822328
0.488927
6.04131
-0.308916
-0.395055
-0.413758
-1.3703
0.733266
6.47805
0.29039
-0.821524
-2.65091
-1.1811
-0.0939413
0.636775
-0.0586459
15.6337
-1.34624
1.06686
0.961883
-1.39073
0.147901
45.0489
-0.984393
-4.0708
1.65884
0.645588
0.628597
0.811642
0.663038
-2.37706
-0.547464
-1.09343
0.00544843
1.23619
7.08177
-0.384961
0.191514
0.519044
0.54733
0.039089
-1.4686
-0.733722
0.139736
-1.77349
0.772109
0.353782
-0.190063
-1.59328
0.248869
0.295081
0.803229
4.93959
0.907283
2.55091
0.121304
-3.3768
1.5816
1.66646
-4.89211
58.5688
-0.298221
2.02588
-6.37925
4.78076
-0.128731
0.199934
0.539975
0.820901
0.212613
-2.44137
1.30285
1.37327
0.17616
1.69167
-0.146516
0.749307
0.817858
4.44049
-0.315885
1.14025
-0.133865
0.281322
0.108434
0.127832
-3.94148
-1.2055
0.140133
3.69942
-1.23621
-4.09222
-0.503379
-7.77684
-0.0550324
0.440602
0.351499
6.36481
1.38946
-8.33889
-0.967652
-0.306109
-1.72519
1.55783
-3.14667
-1.75664
-1.65661
0.652192
0.158651
-6.69722
3.93888
-4.67868
-0.287286
-1.87684
-8.73296
0.128738
0.44753
0.435426
-1.5293
0.628869
0.806378
-2.46053
-0.473617
0.850645
-35.2268
1.56836
1.10358
-0.0236602
-108.085
-1.26064
-4.45791
-0.223157
-2.089
-0.666697
-9.3086
3.44188
1.49711
1.75195
1.23318
-0.343685
0.569639
1.48591
-0.432401
-6.10697
-0.627293
-0.690713
0.0476825
1.00286
-0.994679
1.43902
0.414484
-0.194592
1.00371
-3.63662
-0.124055
1.12037
0.845424
-0.681139
-0.507546
-1.06929
2.72178
5.06726
0.851066
-0.166385
-2.2207
1.6663
3.94085
0.0714192
0.110087
-0.0298614
-0.751751
-0.797369
-2.17457
0.106586
0.156367
0.230154
-0.245591
-0.0987909
1.71653
1.49968
-0.00660211
3.07706
2.63898
-0.706419
2.91286
-1.02424
-1.00585
-2.15555
3.79889
7.04659
-0.419462
1.81631
-1.90163
-4.21534
-0.739939
-0.495998
11.1734
-5.65657
-0.63393
2.29116
0.611208
-2.12141
4.71736
0.599797
-1.57751
0.395612
-0.651071
0.485378
0.728625
0.234525
-0.481399
-12.028
1.38075
1.1985
-0.578027
-0.17802
2.99565
0.10938
-2.88645
-0.0302569
-0.487259
-2.51492
-5.07374
-1.07937
1.38725
63.5593
-2.36087
0.755897
0.434752
0.486807
-0.243968
5.15224
-9.48976
0.402469
-0.656198
0.320119
-10.9584
1.32877
-3.93973
0.815697
-4.47545
-1.56052
-0.0139251
-2.6059
0.197173
1.06806
0.0121926
1.22895
-3.06705
-0.3459
-5.29474
-2.06527
4.33799
-13.3892
3.36074
-1.24283
-0.277402
-2.71442
-1.66924
-4.83677
-1.08124
1.55949
1.56642
5.3398
2.44476
0.692627
-0.455281
3.53354
-0.337025
-0.268724
-1.57846
0.483988
0.0635924
-0.918093
-40.4576
0.39852
13.3566
-0.387946
-0.115906
-0.309213
0.676495
-0.215054
-2.35595
-0.0655034
183.885
-15.3369
-2.76625
0.815183
-1.35599
37.0972
0.996183
4.56714
0.568018
-2.02979
-1.78746
1.1082
-5.51603
-18.105
-58.4913
-0.334741
-0.145184
0.130437
-9.477
-0.264955
0.699854
-1.22369
-0.139524
0.924863
0.35655
1.21368
0.976766
0.515054
-0.486712
-0.031155
2.95491
0.235768
-6.77301
0.0372743
4.3077
2.01979
-1.71727
1.93078
2.9882
1.21984
2.66424
-1.62669
-2.15667
1.39284
-0.601299
0.769531
-3.83527
2.21852
-0.22332
1.17369
-1.02398
-1.72917
-0.0296407
14.4924
1.07356
-0.0621924
-5.46789
1.83778
-1.51227
-0.216628
0.266677
-0.259643
-1.68811
-8.44927
-0.683243
0.701227
-0.0395964
0.270807
-0.786731
-0.193945
0.911782
1.80124
-0.548697
-0.666912
0.46123
4.36258
-4.13324
0.723345
-9.55685
-2.20151
0.271516
102.15
-0.50884
-1.74102
2.07551
6.85493
1.43373
9.23482
0.308359
225.194
-1.06868
-21.1468
-0.499313
0.408316
-3.4734
-1.01727
-1.38698
-0.474659
-6.82955
-1.84482
17.5577
-0.415082
1.2493
1.34862
-5.64601
0.0140507
1.5377
-0.627695
0.226261
2.02913
10.2592
2.30123
-0.482203
2.66759
-0.351949
0.315955
-0.292959
-0.890689
-0.333473
-0.879129
0.849382
1.29797
1.11745
-0.763728
-0.400896
0.243652
4.3227
-0.310101
-0.621284
1.83319
-2.43609
0.184382
1.01959
-0.200277
2.42215
2.43678
-0.505932
-1.5165
0.336836
-4.56043
-1.02619
-0.0520532
-1.14793
25.6672
2.87826
0.900887
-0.242292
-0.818734
-0.0708661
3.45476
0.0320138
1.27932
2.09903
3.21523
-0.958599
0.647159
-2.11375
0.3039
-0.627869
-3.67613
0.574653
-8.19919
0.843414
-1.23026
0.608244
-1.11861
-0.309488
-0.707274
-8.24116
1.7685
0.975515
2.27041
-0.954165
2.3693
5.01606
-2.39403
0.868251
-0.152506
-0.85044
-0.549377
0.659801
-20.7358
-0.419786
9.63642
-0.415015
-3.12445
-0.313662
1.41295
-4.99444
-2.29311
-19.3199
-0.0743769
0.453025
0.65389
1.58961
1.90321
0.57564
-0.541147
-1.21634
2.61225
-0.123387
-0.631539
-0.413404
-1.83208
0.225918
-0.306042
-0.317811
3.10397
-1.00802
-0.580646
-1.3947
0.141228
4.43191
-1.63396
1.20128
0.228908
1.40027
1.09133
7.36832
-4.26054
-0.688829
-5.05781
0.309738
-8.78439
-0.129152
1.66112
0.0557591
2.07866
-0.617255
0.332843
-8.90396
-2.71873
1.05795
0.20991
-0.539822
3.87938
0.975572
0.808249
-8.06398
-0.784032
0.186001
11.776
3.37998
0.660697
-1.36571
0.266764
