1.47186
0.798101
1.54707
0.726612
1.36699
0.689615
1.01429
1.47361
0.70275
1.12747
1.03679
0.909808
0.532331
0.856699
1.15006
0.914721
0.884532
0.93024
1.79643
1.07323
0.901646
0.96063
0.787003
1.7361
0.964097
0.992423
0.798935
0.48949
0.694533
0.518294
0.643974
0.899208
1.28344
0.999052
1.45376
0.796259
1.4287
0.757236
1.04377
0.43119
1.29398
0.606139
0.830508
0.989283
0.784716
1.78568
0.872944
1.13917
1.22989
0.62244
0.916728
1.07575
0.923599
1.10787
1.07117
0.742468
0.626972
1.07426
1.45585
1.09278
1.18297
1.57089
0.684494
0.729549
0.845696
0.70136
0.925364
0.794641
0.609729
1.03147
0.972065
1.49751
0.989701
1.30367
0.831708
1.04997
0.936447
1.20231
1.1275
0.933803
0.847716
0.971581
0.646129
0.811985
1.0208
1.19358
1.31421
0.531846
1.37314
1.05962
1.21497
0.950904
0.818898
1.24581
0.689849
0.773288
0.899965
1.24928
0.903048
2.03558
1.47587
1.04329
1.1134
1.53507
0.669364
0.866757
0.556706
0.741753
0.80739
0.848795
0.726417
1.66471
0.697617
1.56166
0.971458
0.980911
1.15706
1.0994
0.931563
1.04643
0.915211
0.761115
0.849498
0.901361
1.22701
1.26596
1.14251
0.973263
1.09765
0.903251
1.63457
1.46115
1.08639
1.33079
0.851999
0.664356
0.829014
0.565561
0.8368
0.995119
0.954396
0.717791
1.22669
0.956635
1.00683
1.04565
1.12054
0.485062
0.937365
0.735457
0.999685
1.11727
1.51495
0.427594
0.707602
0.910816
1.27741
1.22035
0.888218
0.891057
1.34154
0.95407
1.8443
0.661993
0.952046
2.1199
1.04663
0.725971
0.790497
0.823135
1.02838
1.08147
1.45667
2.20099
0.628144
0.638746
1.27617
1.24909
1.38412
1.96588
0.875264
0.801595
1.25597
0.780876
0.614952
1.51571
0.986594
0.904986
0.575267
1.00774
1.00416
1.51805
1.00991
0.842012
0.81113
0.875975
0.650837
0.982915
0.795499
1.42797
0.782783
1.45046
1.11475
0.726427
1.03642
0.602355
0.728609
1.09313
0.75466
0.634794
0.697159
0.544154
0.762707
0.859263
0.918139
1.2749
1.23445
0.883978
1.04619
1.34333
1.27378
1.49423
0.57384
0.891692
1.27087
0.974013
1.03199
1.17307
1.22617
0.901939
0.35856
0.653789
0.941871
0.984604
1.14166
0.916175
1.12424
1.0421
1.16946
0.765846
0.588881
1.04134
0.972173
1.45042
2.1423
1.81103
1.67588
0.851825
0.626893
0.792056
0.549906
1.07285
1.24898
0.919014
1.25552
1.13399
0.700735
0.721782
0.803911
0.84118
0.734302
1.19717
1.05807
1.35957
0.586058
1.31829
0.770322
1.03085
0.970566
1.30672
0.874547
0.725391
1.37216
1.1923
0.463532
1.17631
1.05729
1.06592
1.14749
0.861334
0.723858
0.851127
1.48905
0.702097
0.368509
0.924536
1.05845
1.00878
0.82008
0.68338
1.47122
1.05673
0.667642
0.870554
1.09465
0.646651
0.87692
1.0543
1.67637
0.526465
1.78858
0.729651
1.41313
1.32449
1.5397
1.30896
0.835817
0.863287
0.595895
1.20752
0.776807
0.954578
1.13402
0.929536
1.27134
1.38168
1.1979
0.731876
1.12067
1.00343
0.527648
1.13321
0.697097
1.00192
1.07432
1.14391
0.676084
1.28398
0.728544
0.931054
1.21917
1.28841
0.806608
1.69735
0.731149
1.0785
1.08165
1.35364
1.50716
1.19492
0.911254
1.27761
0.609488
1.71416
1.48899
0.787379
1.87611
1.52349
1.27985
1.33391
1.10795
1.43314
1.32336
0.942274
0.968468
1.34036
0.934765
0.674318
0.490554
1.74638
0.76721
0.994811
1.275
0.931505
0.902481
0.987787
0.832591
0.856098
0.831424
0.834422
1.18127
0.633015
0.638851
0.8694
1.01388
1.51372
0.938504
1.19305
0.630695
0.993358
0.790651
1.08925
1.06114
0.87493
0.920132
0.933049
0.859604
1.22955
0.867014
1.09892
0.962539
0.868303
0.78541
1.2552
0.70314
1.18923
0.717677
1.17356
1.43869
1.02898
0.583288
1.16693
0.756779
0.707073
0.607745
1.13532
0.967921
1.62041
1.27634
0.656054
0.826288
1.89384
1.09023
0.986482
1.09351
0.518601
0.995781
1.42072
0.950673
0.835661
1.37898
0.944314
0.966369
1.03314
0.915093
0.755159
0.751486
1.35733
0.410644
0.453741
0.53031
0.692743
0.648793
0.850739
1.47119
0.959053
1.17235
0.818218
0.741845
0.989989
1.17558
1.21133
1.29617
1.16149
0.958702
0.628474
0.986146
1.34777
0.852585
0.930748
0.743746
0.67248
1.26394
0.762375
1.13124
0.729766
1.30531
0.787063
0.533875
0.845678
1.24151
0.877055
1.68733
0.5802
1.66388
0.709402
1.12426
0.834155
1.12438
0.883144
1.25545
1.21776
0.78309
0.478042
1.08271
0.680907
1.31565
1.21804
1.48642
1.47113
0.967449
0.465372
1.03478
1.17436
1.10464
1.8493
1.21863
0.957924
0.943533
0.519752
0.721895
0.808522
0.858704
0.956542
1.15357
0.824879
0.450023
1.18311
1.21659
1.1228
0.790988
0.992956
0.597087
0.806928
0.776606
1.24487
0.924229
0.762143
0.777484
0.727225
1.21591
0.873218
0.846703
0.550426
0.544392
0.908499
1.34828
0.923748
0.549938
1.37037
1.06774
0.857763
1.16052
0.805981
0.68811
0.551302
0.84077
0.744389
0.935563
0.975981
1.244
0.578778
1.1572
0.931227
1.19948
0.877184
1.07394
1.37045
0.560657
1.38656
0.8489
0.701769
0.915135
1.47836
1.33861
0.789497
1.53964
1.26999
0.476266
1.33845
1.35925
0.637929
0.879717
1.06208
1.83261
0.749522
0.718943
0.785557
1.12352
1.43672
1.54808
0.424409
0.463507
0.853953
1.39735
1.14119
1.29732
1.30134
1.37303
1.23088
0.850367
1.32392
0.622131
0.498032
1.24468
0.937089
0.853591
0.660014
1.04103
1.31279
0.850709
1.02699
1.18272
0.630659
0.791856
0.662108
1.52078
0.486657
0.682407
1.24513
0.974866
0.671104
0.759288
0.860321
1.20659
0.690344
0.769457
1.00109
1.10268
1.04675
0.854051
0.964937
1.09504
0.901252
0.933925
0.79376
1.00151
1.42421
1.04424
0.377621
0.899767
0.778282
1.49958
1.1246
0.984321
1.00178
1.46528
0.412046
1.55985
1.41318
1.46291
1.44733
1.41271
0.920427
1.23487
0.774968
0.802606
1.09286
0.465841
1.24527
0.933142
0.580163
0.806942
0.619496
1.02341
0.959779
0.604473
0.462583
1.82292
0.838364
1.33117
1.28416
1.10359
0.815435
0.81416
0.822987
0.838624
1.62453
1.27307
0.387699
0.712442
1.12899
1.19908
0.683943
0.616058
1.05809
1.22621
1.32109
0.861738
0.814746
1.13108
1.07181
1.48631
0.859373
1.37078
0.981673
1.17195
0.490548
0.635786
1.07662
0.950206
0.442624
0.972419
0.55932
0.920905
0.808915
0.784469
1.01389
0.984076
0.835868
1.26835
1.25668
0.656117
1.25264
0.816448
0.884199
0.607687
0.630346
0.719112
0.778324
1.08441
1.01735
1.3795
0.741037
0.866331
0.801965
0.90458
1.05514
1.34687
0.651815
0.844393
0.85008
1.27012
0.757858
0.70015
0.664633
0.788913
0.578798
1.24595
0.914931
0.793835
0.891246
1.08947
1.19552
0.391622
1.32708
1.31156
1.13163
0.588748
0.741707
0.478709
1.13019
0.837707
1.97709
0.618427
1.09555
0.75212
1.03605
0.727609
1.12684
0.930626
1.61663
0.63182
0.519955
0.458817
0.686096
0.692966
0.890666
0.728081
1.1834
0.865303
0.79078
1.46237
0.846926
0.897676
0.650217
1.38944
1.08578
1.21706
0.991649
0.993838
1.08612
1.69858
1.80328
0.898368
1.71633
1.16026
0.920237
0.940673
0.664183
0.983793
1.59569
1.26065
1.01403
1.06738
0.938968
0.650042
0.624278
0.782949
1.35468
0.729722
1.18483
1.13872
0.620114
0.861012
0.777006
1.77809
0.706705
1.01119
1.16772
1.10187
0.867978
0.663813
1.12528
0.963189
1.39736
1.58093
0.738086
0.718307
1.24921
0.932583
1.17123
1.31093
2.09981
0.81189
1.2483
0.962658
1.4111
0.890692
0.508424
1.08584
1.04528
0.765033
0.91452
0.942438
1.13779
0.719945
0.64025
1.24064
1.01644
1.11348
1.18773
0.513616
1.0068
1.93918
0.958794
0.827347
0.583563
0.601957
0.562907
1.17345
0.780898
1.22415
1.21532
1.27045
0.980039
0.515574
0.940382
1.31452
1.02721
0.745092
0.694807
0.887384
0.954211
1.43221
0.865605
1.35222
1.11625
1.0587
0.862797
1.28899
0.999914
0.816953
0.969945
0.827667
0.834882
0.864299
1.0682
0.836807
1.81299
1.20597
1.04487
1.19586
0.928218
1.4298
0.922913
0.95585
1.26202
1.95142
1.64066
1.11721
1.13225
0.758926
1.35732
1.44714
0.764272
1.63718
0.538465
1.36744
0.782497
0.816187
0.610718
0.944947
0.814131
1.62845
0.17379
1.30474
1.333
1.07616
1.08365
1.61779
1.24271
1.68067
0.771262
1.01336
0.758046
1.34936
1.07561
1.0118
1.64496
0.881845
0.665166
1.12768
1.04523
0.702841
1.26145
1.32835
0.91934
0.942636
0.842547
0.608018
1.05752
0.754576
0.489067
1.497
0.7841
0.519315
0.995599
1.03974
0.737994
1.56921
1.50164
0.877529
1.53834
1.22024
0.939474
1.01328
0.425705
1.13419
1.2347
0.911453
1.17579
1.11109
0.731536
1.17959
1.37123
1.0573
0.953662
0.88101
0.663915
0.596831
0.658368
0.813889
1.09894
0.523141
1.0979
1.40346
1.67815
0.847509
0.88298
0.972324
0.34051
0.830918
1.04685
1.29922
1.04714
0.766376
0.752098
1.04366
0.798529
1.16318
1.05333
1.48155
1.32335
1.24967
0.94018
0.663928
1.24773
0.915837
0.883395
1.19243
1.23209
0.726087
0.60505
1.15834
0.773963
0.60541
1.21698
1.27362
1.48828
0.820295
0.909845
0.998459
1.07946
1.86275
0.75111
0.895206
0.764394
0.927791
0.820134
1.02252
0.994815
1.30211
1.49892
0.386228
1.69026
1.23357
0.976324
1.09406
0.586347
1.1205
0.680869
0.636705
0.997209
0.744508
0.658894
0.635026
0.65025
0.983683
0.387621
0.802359
0.600403
0.905545
1.33438
1.52194
1.01051
1.27185
1.2641
1.78716
1.56266
0.535624
1.22954
1.17826
0.846475
0.90173
0.75552
1.34306
0.893472
0.914367
0.755287
1.06645
1.44448
0.593997
1.30916
0.699438
0.767381
0.891517
1.0643
1.1815
1.27361
1.04492
1.08682
0.915967
0.860092
1.32764
0.702743
1.16108
1.13922
1.67542
0.61781
0.493622
0.947271
0.689062
1.81167
1.31693
1.62373
1.20585
1.06917
1.69097
1.131
0.722502
1.2552
1.8922
0.626655
1.17
1.08572
1.02898
0.380183
1.31819
0.915258
1.17364
1.08914
1.25931
0.596725
1.04096
0.866222
2.01885
1.15393
1.28323
2.03327
0.69314
1.12907
0.711828
0.722561
0.800848
0.728268
1.06054
0.704871
1.41538
0.52382
1.14837
0.878695
0.831343
1.11853
1.56404
0.726087
1.57566
1.00978
1.03544
0.756135
1.04199
0.552178
1.12155
1.26327
1.14519
0.735894
0.90984
0.843067
0.697458
0.85856
0.765387
1.29468
0.73167
1.02308
0.888384
1.61927
0.589994
0.796026
0.986395
0.869217
0.828059
1.37798
0.845583
0.867106
1.56687
0.955708
0.40103
0.981515
1.29222
1.07055
0.92252
1.14284
1.57876
1.11349
1.49939
1.48979
0.978122
1.01742
1.52004
1.26234
0.786135
1.0276
1.02566
1.53481
0.961926
0.826095
1.20994
1.38538
0.617633
0.884615
0.712073
1.66146
0.575328
0.889767
0.809959
0.840275
1.19085
1.05332
1.21147
0.654347
1.33423
0.795574
0.779116
0.607327
1.0472
0.934319
1.57322
0.825536
0.825955
1.22553
0.662462
1.28848
0.864008
0.578854
0.64871
0.723899
1.23334
0.922563
0.954348
1.18532
0.580196
0.76396
0.776642
0.634163
0.510063
0.627422
0.73768
1.01381
1.59234
0.824215
0.656795
1.03683
0.993812
1.22742
1.11302
1.20469
0.837327
1.08934
0.810159
0.74167
1.0539
0.418909
0.888551
0.863228
1.0211
1.06275
0.710348
1.62839
0.890094
0.998805
0.721552
1.12354
0.790844
0.723463
0.627277
1.77632
1.25937
1.2482
0.522421
1.07681
1.20177
1.18924
1.33555
1.48951
0.955342
1.002
0.848603
0.540197
1.19078
1.52991
0.879753
0.840448
0.906871
1.47516
0.731679
0.989673
1.17631
1.09126
1.29154
1.04578
1.29412
1.14015
1.31578
0.605107
0.920529
0.550214
0.314302
0.889555
1.20389
0.822375
1.06777
0.931676
0.983359
1.3034
0.72014
0.715769
0.877285
0.666843
0.96309
0.735324
1.27721
1.49805
0.826932
0.550242
0.474065
1.40295
0.997206
0.746832
1.72385
0.961694
0.374489
1.08568
1.31333
0.976184
0.987073
1.89404
1.36063
0.988278
0.954678
1.21326
1.30059
0.58743
1.13542
1.44431
0.68456
0.970844
1.35849
0.921513
1.49049
1.2639
0.784063
1.04488
1.9656
0.867971
1.06234
1.20131
0.918842
0.857027
0.681272
0.635636
0.787043
0.791513
1.54711
0.869419
1.03048
1.41324
1.02108
0.655852
0.57876
1.10509
0.953977
0.78951
1.00205
1.21211
1.14497
1.60605
0.668161
1.26544
1.12195
0.703829
0.884729
0.876545
1.30722
0.652142
1.07031
0.763304
1.3384
1.42095
1.08079
0.69069
1.24855
1.23904
0.716966
1.15708
1.42399
0.826065
1.22041
1.10959
1.08061
0.648677
1.14689
1.13751
0.6099
1.2219
0.772453
1.06504
1.24044
0.51273
0.772832
0.862514
0.874498
0.583627
0.768386
0.972033
0.837406
1.06757
0.979446
0.783944
0.948944
1.59893
1.60661
1.59386
0.985513
1.1401
0.839393
0.614259
0.792425
1.50485
0.88523
1.69824
1.45277
0.746418
1.95173
0.549446
0.858285
0.582525
1.09241
0.868601
0.953168
1.4036
0.981069
0.536416
1.84201
0.90667
1.70466
0.800495
1.10942
1.00147
1.0964
1.18634
0.553562
0.41462
0.572257
0.737954
0.94135
0.948039
0.827558
1.02114
0.816512
0.757286
0.625864
1.41362
0.647658
1.38467
0.727336
1.10706
1.64454
0.787595
0.780849
0.878108
0.900073
0.83307
0.892195
0.702659
0.813148
0.882245
0.857939
0.735734
0.491382
0.942446
0.779432
0.943783
1.19581
1.51309
0.759266
2.21345
0.592916
0.738171
0.900559
1.09463
0.737187
1.15726
0.879961
0.904761
1.41306
0.784583
0.948619
0.853387
1.06629
0.691172
1.51167
0.986477
1.04762
1.63081
0.633215
0.881308
1.26619
1.41135
1.35634
0.826085
0.970055
1.08149
0.853251
1.13325
0.662847
0.709206
1.00408
0.845718
1.16327
1.55214
1.28696
1.23143
0.749366
0.964651
0.75242
1.60807
0.616128
1.18679
1.31242
1.02761
0.793681
1.31284
0.801809
0.900831
1.2951
0.920619
1.55889
0.992934
0.671159
1.02397
1.54783
1.18802
1.69494
1.53285
0.786099
0.711052
1.07848
0.896087
0.982026
0.665469
1.05575
0.478429
1.7067
1.01682
0.672593
0.774662
1.12403
1.28701
0.504754
0.815375
1.06504
1.17773
0.91137
1.19287
1.03373
0.980784
1.42562
1.15877
0.909894
0.538337
0.488195
1.06497
0.810242
1.57669
1.02468
0.45885
0.670619
0.841046
0.617625
1.18971
0.830954
0.692419
1.381
1.02573
0.786133
1.12633
0.793579
1.4128
0.601195
0.827583
1.15009
1.39285
0.895451
0.946405
0.734096
0.705799
1.16512
0.903923
1.34455
1.5677
1.3554
1.22642
1.61447
1.01647
1.20056
0.578291
0.90268
1.29757
1.54371
1.74131
1.14175
0.74819
1.36156
1.16778
0.659699
0.715939
0.766593
0.574237
1.46245
1.402
0.561692
0.880359
1.73795
1.87705
0.829981
0.72433
0.868784
0.986023
1.05885
0.879619
1.21398
0.665049
1.0612
0.991486
0.943453
0.845852
0.953407
0.994736
0.653028
0.815536
0.790388
1.09411
1.06265
0.927563
0.622001
1.47525
0.639393
1.20554
1.17809
1.14678
1.01112
0.976703
0.633589
1.30032
1.48028
0.94372
1.1897
0.773458
0.892688
0.881162
0.92926
1.09347
0.589619
1.71564
1.01895
1.15391
1.08815
0.936199
0.558334
0.843778
1.69666
0.882161
0.896904
0.75984
1.14944
1.35519
1.01275
1.04049
0.892784
0.265358
1.51819
0.710534
0.666391
0.947092
1.02054
0.952055
0.892228
0.898352
1.1995
0.954678
0.750407
1.39205
1.50134
0.95479
1.55654
1.02347
1.74868
0.997371
1.09654
0.832568
1.21333
1.11239
0.84722
0.994661
0.570971
0.652215
0.996802
0.665067
0.743861
1.12733
1.48572
1.45226
0.962262
0.815301
0.681823
0.837327
0.944108
1.05126
1.08667
1.02939
1.04011
0.9675
0.616039
1.0427
1.72771
1.01551
1.09483
0.856853
0.756682
0.595484
1.10637
1.22997
0.75582
1.45185
1.20514
0.497242
0.749169
1.26075
0.852565
0.922141
0.99887
1.59084
0.598831
1.77101
1.32938
0.645174
0.835184
0.892437
0.780251
1.09812
0.894684
0.916777
0.582477
0.749318
0.489912
0.585238
1.17304
0.929766
0.664894
1.52303
0.923092
1.20759
1.0322
1.01765
0.870277
0.806605
0.652829
1.25256
0.957664
0.916152
1.27446
1.03847
1.1186
0.781159
0.92537
0.736704
1.14821
1.12614
1.41831
0.770039
0.531969
1.4179
0.930793
0.964462
0.885364
0.745902
1.02414
1.3254
0.697534
0.766089
1.30987
0.559051
1.14981
1.28032
0.57952
1.00846
1.1375
1.2547
0.776422
1.00705
0.960351
1.13291
1.37115
0.94889
1.29837
0.735671
1.68482
1.61958
0.449845
1.2748
1.23509
1.84415
1.09609
0.692076
1.22752
0.831517
0.453406
1.14214
0.898274
0.88896
0.978822
1.65894
0.590177
0.997356
1.1287
0.937015
1.85661
0.80396
0.603426
0.899507
1.2043
1.16778
1.33374
1.5189
0.962284
1.29231
2.17599
0.75824
1.18904
0.961894
0.705512
1.30181
1.33343
0.725941
0.936952
1.40858
0.826439
0.66279
1.46892
1.46405
1.36299
0.816755
1.02526
1.36785
1.25769
1.28384
1.16214
0.891615
0.857093
0.844427
1.00554
0.596756
0.86143
0.461985
1.22836
0.774218
1.2764
0.787228
0.631441
1.02419
1.01475
1.38181
0.776496
0.883106
0.930834
0.951054
1.00912
0.94467
1.17324
1.12039
1.29775
0.8574
1.09187
0.686396
1.23895
1.62024
0.879715
0.962784
0.706985
1.51775
0.941541
0.994724
0.701152
1.16152
0.934959
0.814081
0.991352
0.782033
0.870253
0.570321
0.653946
1.87685
0.69299
1.32821
1.30859
1.10194
1.69538
1.30003
1.14189
0.880705
1.14804
0.718054
1.08896
1.19585
0.590897
1.31792
0.984668
1.3189
0.819067
0.862132
1.03095
0.824233
1.48234
0.738482
1.15242
0.904733
1.24966
1.3813
1.45197
0.961853
1.17502
0.52891
0.865325
1.13202
0.776912
0.663838
0.861978
0.897042
0.842839
0.900106
0.915689
0.602127
1.42431
0.775768
0.573091
1.25444
1.15569
1.02325
0.833037
1.11007
0.83153
0.662369
1.01102
0.945235
0.855388
0.850503
0.660314
0.928405
0.366103
0.814823
1.01945
1.27627
0.920351
0.865142
0.893796
1.29335
1.38982
1.32717
0.767824
1.41575
0.987303
1.16861
0.927112
0.542023
1.57575
0.59034
1.08292
0.698427
1.10502
0.820373
1.22361
0.757767
1.00486
1.02934
0.808728
0.753027
0.629929
0.601313
0.872082
0.490767
1.02506
1.12868
1.18942
0.905604
0.871472
1.52962
1.0942
0.38424
0.744332
0.940697
1.57819
0.717068
0.875711
0.945373
0.666907
0.750724
0.563458
1.05769
0.823561
1.25783
0.687408
1.45631
1.20386
0.804655
0.680223
0.934431
0.588513
0.789657
1.41063
0.612575
0.958934
1.1157
0.527789
0.506534
0.838474
0.695744
0.32333
1.46956
1.30288
1.25784
1.29745
0.758802
0.849133
0.855656
1.73082
0.651113
0.544789
0.516042
1.28187
0.590697
0.650237
1.11879
0.698394
1.18409
0.729905
1.257
0.862731
1.34089
0.769626
1.13785
1.10086
0.984442
1.33298
1.47619
0.664837
0.960959
0.902942
0.869266
1.32169
0.632147
0.79824
1.3951
0.660431
1.28121
0.743018
0.712287
0.735185
1.15398
1.14292
1.35322
1.28727
0.745557
0.704779
0.942492
1.54454
0.979557
0.681988
1.55426
0.689205
0.858398
1.17335
1.34912
0.929151
0.80052
0.687136
0.512244
1.48304
0.89224
0.785198
0.708023
1.44401
0.813731
1.41108
0.586811
0.584173
0.806619
1.15516
1.45679
0.62396
0.948437
0.716357
0.790621
0.605441
1.05032
0.561508
1.02975
0.824088
0.680736
1.32119
1.4013
0.75314
1.27364
1.2525
1.14306
0.756851
0.803481
1.14895
0.609646
0.581393
1.14734
1.03116
0.361671
1.03192
0.838498
0.924755
1.22281
0.609006
1.78417
1.15972
1.11348
0.443941
1.00695
1.18147
1.15079
0.534398
1.69003
0.903346
0.380904
0.782344
0.509833
0.86382
0.945292
1.30806
1.02248
0.866992
1.04079
0.428245
0.584084
1.42343
1.36556
1.39812
0.918415
0.76469
0.741101
0.987075
0.926958
1.4544
0.830208
0.562643
1.20535
1.11218
0.596636
1.09586
0.570866
1.65641
0.601212
0.714353
1.41284
1.8724
0.877396
0.928084
1.73208
1.0122
0.964074
0.815513
1.33817
0.681855
1.00043
1.05946
1.38253
0.547839
1.86526
0.982089
1.17764
1.35833
0.901758
1.20228
1.48042
1.33895
1.31051
0.991157
0.672982
1.4786
1.15759
0.961948
1.34687
0.763257
1.36011
0.856423
1.06487
1.37211
1.05474
1.1114
0.616149
1.16591
0.809142
1.15793
0.543103
1.19583
0.850057
0.716575
1.11279
1.09688
0.806796
0.690836
0.745141
0.82008
0.508561
1.69723
1.13517
1.03506
1.20463
0.688921
1.01476
1.22609
0.871535
0.856444
0.928853
0.773835
0.468013
0.933677
0.867187
1.62989
0.911647
1.08506
0.923592
1.09858
0.489002
1.40673
1.50136
1.05148
0.965258
1.49751
0.914046
0.970305
1.0475
0.782333
0.68292
1.34526
1.15377
0.891055
0.477946
0.634883
1.03263
0.647322
1.63863
0.863807
0.674751
1.63356
1.54515
0.723752
0.583725
0.757382
1.21491
1.02951
0.956357
1.37406
1.40942
0.875776
0.881379
0.849893
1.29498
1.76229
1.14116
0.94691
0.543287
1.07524
0.786849
1.26434
1.58727
0.92948
1.38785
1.13111
0.722328
1.28693
1.0343
1.02062
1.09086
0.697886
0.795437
1.13282
1.41373
0.469061
0.763678
0.930347
0.923281
1.97006
1.20086
1.27296
0.982375
0.692174
0.86273
1.61517
1.03217
1.44856
1.47571
1.58562
1.1655
0.832195
0.861982
1.11096
0.640574
0.958697
0.624501
0.889237
1.90082
1.24359
0.991329
0.576155
0.897176
1.32064
1.39569
1.17525
0.716126
0.971491
1.17237
1.33526
1.38847
0.750674
0.618493
1.30295
1.70203
1.23564
1.15717
0.65038
1.34165
0.482406
2.13288
1.04059
0.831486
0.935114
1.42096
1.09161
0.75145
0.707889
1.79629
0.966653
0.589417
0.606896
0.9352
0.71096
0.834623
0.532233
0.7372
1.25102
1.45997
0.945797
1.15463
1.42201
1.61338
1.1925
1.00107
1.28171
0.980726
0.878474
0.903098
0.776071
0.886564
0.906616
1.01457
1.26394
1.12368
0.698412
0.928138
0.942575
0.493465
1.01411
0.838582
0.794398
1.09048
1.16354
0.56793
1.10244
1.19398
0.544545
1.54937
0.867516
0.920572
0.50581
1.03125
0.478043
1.18605
0.625211
0.778388
0.709377
0.798434
0.664677
1.32741
0.963476
1.56584
1.53368
0.940501
1.18821
0.888069
0.751967
0.632375
1.3426
1.16979
0.36544
0.665733
1.08489
0.500833
0.626177
1.16929
1.41991
1.40482
0.709489
1.23748
1.18778
0.89708
0.80982
0.600575
1.25948
0.900358
1.34408
1.05158
0.66558
1.12298
1.2059
1.25702
0.84145
0.757063
1.73381
1.16983
1.06257
1.1978
0.848919
1.24721
1.2436
1.13014
1.02134
1.51022
1.06564
3.15426
0.67354
0.972741
1.75864
1.44304
1.03107
1.47854
1.4746
1.12303
0.890996
1.38451
1.26828
0.835423
0.942705
0.796168
1.27798
0.83219
1.18675
1.09351
1.10394
1.26169
0.78085
1.30518
1.00172
0.929111
1.29453
1.28925
1.01322
0.784704
1.07771
0.724342
1.60668
0.928394
0.594086
0.624805
0.73397
1.09198
0.830672
0.897917
1.20955
0.760546
0.915833
0.757101
0.74732
0.94575
1.09115
1.25002
1.29737
1.39696
0.848883
1.65171
0.90473
0.856116
0.776931
0.802702
0.745651
1.37476
0.954563
0.568572
1.00972
1.95547
0.887754
0.678517
1.49188
1.42584
0.856409
0.881391
0.907422
0.810161
0.87457
1.23628
1.1265
0.765229
0.820111
1.2944
1.3669
1.44594
0.586408
0.787432
1.22094
1.54349
0.579902
1.09103
0.5127
1.028
0.920043
1.45411
1.09482
0.897722
0.962529
0.716294
1.42163
1.45558
0.97451
0.600165
1.13626
0.774328
0.693272
0.923467
0.615891
1.10438
0.91194
0.927361
0.446257
0.733662
1.39047
1.00557
1.79252
0.658507
0.977273
1.18281
0.598921
1.11658
1.10544
0.527387
0.977986
1.02055
0.72682
1.25368
0.934153
1.83149
0.899475
0.653002
0.893082
0.661899
1.49046
1.62116
0.881204
1.08296
1.08945
0.687474
0.883788
0.860289
0.916337
1.22921
1.39866
0.473945
1.01917
1.68116
1.07422
0.992252
0.473614
0.654804
0.690506
1.49038
0.902838
0.938569
0.438827
1.24295
1.44041
1.18291
0.658694
0.900992
0.787919
0.569965
0.768856
0.692592
1.45049
1.18668
0.871348
0.702563
1.18298
1.0461
0.959245
0.609519
0.925492
0.954765
0.690817
1.47752
1.3935
1.24086
0.888633
0.807061
1.33582
1.05989
1.03897
1.40294
0.807533
0.800481
1.54112
0.462428
0.750419
0.871071
0.94567
0.843699
0.962005
1.19799
0.949904
0.784533
0.527589
0.878892
1.3142
0.852718
0.734364
1.29382
0.874281
0.804622
0.805853
1.22967
1.27536
0.715941
1.09053
0.783638
0.455537
1.58376
0.782967
0.807062
1.25308
0.69734
0.711252
0.677041
0.808067
0.922441
0.664542
1.17215
1.0855
1.739
0.947267
0.922305
1.00355
0.701433
1.12239
1.26256
1.19455
1.10362
1.53449
0.750315
0.905921
0.789238
1.33485
1.31016
0.651678
0.855421
1.55
1.35491
1.27115
0.599667
1.46008
1.3841
1.11051
1.22175
1.07348
0.653283
0.988564
0.570644
1.40854
1.27862
0.91599
0.773488
0.86606
0.769938
1.25328
1.0258
0.519425
0.711373
0.677901
0.755578
1.36845
1.50149
0.501345
1.15029
0.947302
0.903636
0.770235
0.69751
1.53888
1.35008
0.971653
1.50742
1.66907
1.7303
1.1318
1.19877
0.817487
0.998268
0.7441
1.16043
1.45045
0.960302
0.544808
0.777632
0.937552
1.33185
1.06081
1.13242
0.734703
1.18098
1.29991
0.868123
1.29755
0.802515
1.08985
0.923004
0.6412
1.06737
0.77289
0.870644
0.698795
1.55422
0.833048
1.26078
1.30127
0.608985
0.72157
0.79429
0.730475
0.776489
1.44688
0.448022
1.27158
0.586832
1.28435
0.625108
1.44699
1.13947
1.02712
0.992095
0.784651
0.907216
0.897989
1.47592
0.825078
1.39516
1.54167
0.977024
0.381936
0.837468
0.981028
1.10141
1.55513
0.881012
1.03239
1.18627
0.67568
1.0768
1.09571
1.21657
0.526761
1.18567
0.945284
1.07283
1.1832
1.35433
1.19497
0.739828
1.16352
1.04418
1.03462
0.939946
1.11069
1.11152
1.36405
1.12837
1.21381
0.711285
0.77465
0.810979
0.940647
1.1605
0.576287
1.16853
1.61856
1.004
0.812546
1.46685
0.8626
1.11403
0.632892
0.759721
0.947909
0.925901
0.730779
0.977694
0.770952
0.428921
1.31285
1.01442
1.45963
0.722265
1.23923
1.08668
1.3302
1.17483
0.680316
1.05565
1.27062
1.0846
0.800016
0.678399
0.856354
1.21298
0.641181
1.63321
0.919448
1.12168
0.679943
1.56013
1.34413
0.809517
1.27708
1.16766
0.945943
0.93979
1.46226
0.66905
1.44231
0.746211
1.11804
0.418007
1.08827
0.883222
1.25435
1.01143
1.14314
0.72179
0.750177
0.930816
0.4769
0.862052
1.26717
1.68606
0.81073
1.00076
0.446055
0.790624
0.877245
0.816948
1.39288
1.02331
0.786745
1.97128
0.9755
1.30867
0.912671
1.07805
1.11989
0.875999
1.22235
1.72795
1.06737
1.22685
1.11189
1.09873
1.72683
1.34362
1.06479
0.849674
0.603693
0.875085
0.865829
1.2686
0.808363
0.659476
1.00696
1.1701
0.929702
0.999584
0.90398
1.28087
0.679398
0.575972
0.734667
1.01967
1.08177
1.39121
1.08612
1.09473
1.14848
1.05649
0.894693
1.20672
1.21396
1.14663
0.588964
1.40519
0.573795
0.973635
0.402381
0.511678
1.33658
0.95367
0.918719
1.31939
1.0923
1.1363
1.26681
0.634408
1.46512
0.755617
0.624407
1.08652
1.21893
0.814712
1.30813
1.34869
0.387383
0.920717
0.464308
1.09895
1.60428
1.22351
1.15565
1.32865
1.24772
1.17401
0.706355
1.13595
0.92124
1.22202
1.00032
0.784503
0.765025
1.54712
1.03559
1.18781
0.346781
0.660949
0.697764
0.54124
1.03772
1.01443
0.69885
1.35572
1.68486
0.845303
0.790924
0.81211
0.993274
0.837953
1.11447
0.874175
0.86166
1.06768
0.651854
1.14377
0.869262
0.891365
0.626074
1.95069
1.39825
0.644905
1.13632
0.961516
1.09708
1.29459
0.582812
0.8478
0.858368
0.907058
0.684118
0.892469
0.570294
0.630321
1.20374
0.992435
1.7693
1.2961
0.657558
0.746264
1.15365
1.61961
1.05793
1.02209
1.11314
0.800504
0.652603
1.17622
0.715394
1.2973
1.08198
0.663279
0.789588
0.954222
1.6078
0.614498
1.29651
1.20195
1.0437
1.57511
0.819408
0.947275
1.52042
1.41024
1.13501
1.07148
1.59767
0.550361
1.95113
0.576046
0.943148
0.571492
0.458495
1.38542
1.54461
1.50165
1.12636
0.93578
0.667723
0.684667
0.711392
1.1153
0.600953
0.581269
1.19956
1.73798
0.959022
0.35034
0.98651
1.49867
1.16648
0.880789
0.932133
1.97271
1.12082
0.901387
1.42725
0.41705
0.645606
1.06602
0.546852
1.172
0.479115
0.779676
1.62126
0.640415
1.04125
0.570281
0.896347
1.08091
1.32469
0.954596
1.46794
1.1746
0.862079
0.958948
0.970087
1.30683
0.482672
0.95886
0.797677
0.882789
0.585298
1.20396
0.757535
1.27712
1.24686
1.75195
1.19872
1.50553
0.873825
0.695087
0.89326
1.14498
0.84536
0.858488
1.24801
0.718555
0.801762
0.887055
0.938189
0.862486
0.755227
1.23085
0.994751
0.719045
0.851352
1.56685
1.09776
1.16425
0.944407
0.93147
0.979544
1.53627
1.15021
1.0314
0.351525
0.506463
0.629677
0.578153
0.54199
0.826901
0.64216
0.770322
0.944371
0.856428
1.01686
1.72563
1.06823
0.937376
1.07733
0.882656
1.03486
0.94811
1.24081
1.16115
1.86428
0.930279
1.0985
0.869939
0.879445
0.951116
0.717316
0.862625
0.719106
0.722155
1.09561
0.899305
1.24445
1.20249
1.17006
0.633952
1.1
0.976985
1.3801
1.00869
1.53633
0.373778
1.48198
0.479131
0.630853
0.873123
0.834689
0.619058
0.885311
1.93711
0.704544
1.13564
1.15972
0.622096
0.735993
1.04406
1.3004
0.781857
0.748192
0.703559
0.930337
1.26498
1.55529
0.964796
0.931732
0.457465
1.24228
0.656117
1.09329
0.855941
1.69095
1.3513
0.750151
0.916042
0.881284
0.755782
1.3294
1.22313
1.02358
0.964967
0.675368
1.56422
0.656981
1.48217
1.06571
0.757637
0.648072
1.59164
0.675097
0.93036
0.602377
0.84124
1.21571
1.03072
1.34828
0.841902
1.20015
1.23674
0.939345
0.860596
0.812224
1.3034
0.916917
0.899103
0.831947
0.715155
1.68648
0.991138
0.609854
0.60004
1.17256
0.971924
0.729515
1.02568
1.64138
0.832174
0.778489
1.3363
1.00798
0.561707
0.779405
1.40887
0.57425
0.793425
1.04983
0.864614
1.18376
1.16804
0.993304
0.803031
0.89864
1.09033
0.747275
0.780802
0.698346
0.905209
0.5624
0.48702
1.04068
1.03937
2.48103
1.15932
1.25149
0.461083
0.558257
1.30927
1.03886
1.10525
0.736766
0.870433
1.13943
1.21229
0.911548
1.48557
1.1629
0.766545
0.752115
0.99684
0.687653
0.559035
0.861851
1.16927
0.986287
1.23925
0.784045
0.675833
0.781005
0.945254
0.463487
1.09541
0.833201
1.33968
1.26163
1.15628
0.852812
1.26592
1.1553
1.29347
0.986729
0.373011
1.07361
1.34544
1.15703
0.6162
1.49484
0.894812
1.11994
1.61675
1.36276
0.66971
0.436312
0.749944
0.595648
0.646707
1.17878
0.961899
1.62669
0.943846
0.875172
1.57238
0.973496
1.68626
1.36876
0.898529
0.998253
0.727569
1.00293
1.16298
1.06651
1.88288
0.870954
0.952114
1.05086
1.39205
0.785306
1.07483
1.39812
0.862431
1.38711
0.897426
0.963373
0.955305
1.37075
0.731565
0.983893
1.26818
1.17738
0.552196
0.889588
1.60058
0.781173
0.893221
0.792664
1.42888
0.991913
0.636832
1.10744
0.89323
0.561775
1.33116
0.961238
0.726804
0.872926
0.663295
1.00949
0.675011
0.997067
0.559381
0.671779
0.717496
0.506502
1.39046
0.789547
0.731236
1.14262
1.21298
0.787804
1.85812
0.627588
0.907207
0.538846
0.616035
1.33107
1.20379
1.73863
0.858099
1.51889
0.891766
1.50328
0.84866
1.27784
1.77096
0.827742
1.23053
0.966521
0.55857
1.06765
1.2041
1.0007
0.892432
0.728881
0.842565
0.938805
1.14813
0.883104
1.99809
0.813641
1.06962
1.10062
0.831813
1.28979
1.141
1.00023
1.36706
0.62964
1.03513
0.796268
0.375581
0.997213
0.661687
0.59917
0.926197
1.00095
1.31874
1.42767
1.08851
0.90592
0.728393
0.619161
1.00551
0.693686
0.948526
0.989325
1.09748
2.08311
1.15511
1.02324
0.680174
1.35589
1.11475
0.825201
0.893917
0.922462
0.645129
0.865924
0.590932
1.18725
1.46354
0.977137
1.2093
0.758661
0.737594
1.21472
1.70905
0.577132
1.06149
0.85968
0.82023
1.10314
0.923527
0.645492
0.886793
0.539449
0.975791
0.610628
1.30167
0.811718
1.0612
1.64143
1.31007
1.18079
1.28235
0.707645
1.06049
1.0266
1.06579
1.37008
1.17102
1.12578
1.23323
1.42135
0.699017
0.730078
0.632117
0.837108
1.05742
1.07068
1.35603
0.820444
1.58695
1.21475
0.801879
1.19513
0.504
1.32024
0.523582
1.4106
0.643578
1.19472
0.509899
1.06978
0.899383
1.02227
1.0481
1.30533
0.906784
1.07152
1.1058
1.07588
1.29375
1.0924
0.819652
2.02984
1.00494
0.937633
1.23309
1.02476
0.912426
0.498955
1.40405
1.69213
0.750359
1.86953
1.20672
1.06365
0.40003
0.822908
0.544684
0.681592
0.654347
1.15319
0.783451
0.965889
0.692289
1.19299
0.352687
0.792674
0.527563
1.05532
1.61107
1.29701
0.520402
1.10268
0.917667
0.886781
0.672664
1.06842
0.96911
1.18757
0.60042
1.60684
0.924092
0.63186
0.962436
1.09308
0.993591
0.612836
1.04322
0.924318
1.40773
0.590159
0.786488
0.636977
1.39576
1.29823
0.938243
1.22735
0.85961
1.79558
0.939548
1.26281
1.62696
1.45198
1.32351
1.17289
1.0785
0.823292
1.01396
0.903867
0.951872
1.72553
1.41361
1.33086
0.810883
0.707938
0.926582
1.55523
1.29658
0.778375
1.17782
1.31785
1.23197
1.1765
0.817079
0.842048
1.24238
0.517219
0.455783
1.23779
1.33986
1.08489
1.15259
1.61263
1.09367
1.3213
1.29233
0.983733
1.55257
1.17526
0.992223
0.753389
0.86424
1.79968
0.672468
0.569293
1.13145
0.99187
0.481084
1.17158
0.941998
1.45684
0.799137
0.98143
0.582596
1.07231
0.66118
1.47421
0.918002
0.785323
0.873768
0.862037
1.00332
1.00858
1.21108
0.780631
0.597051
0.734188
0.592572
1.00349
0.580108
1.12991
1.49725
1.74166
1.10084
1.10499
1.02171
0.525639
1.05383
1.42933
0.827428
1.13525
0.857374
0.936846
1.26377
0.899457
1.04992
0.909511
0.850615
0.860102
1.65939
1.10858
0.682521
0.783397
0.852192
1.03344
1.11936
0.980664
0.716018
1.21513
0.723773
0.503477
1.17636
0.482088
1.33815
0.816586
0.925142
1.44577
1.78557
0.627568
0.973115
1.34354
0.881057
1.47459
1.03061
0.973155
0.740054
1.00153
1.75045
0.908602
1.6721
0.76583
0.815169
0.787402
0.690348
1.63892
1.47637
1.84545
0.524903
0.940459
0.971715
0.812466
1.56906
0.813053
1.0806
0.931909
1.07684
1.07337
1.34767
0.671954
0.491729
0.880812
0.884024
1.75203
1.09837
0.678122
0.581327
0.812095
1.4165
0.785885
0.839733
1.15912
0.477423
1.12058
1.47099
0.996893
0.523342
0.613144
0.547169
1.02398
1.01437
1.07755
1.01208
1.30775
1.05594
1.00758
0.869109
1.05751
0.833676
0.939248
1.03551
0.679495
1.46919
1.17965
1.35425
1.11368
0.959093
1.40671
1.00152
1.01365
0.637945
1.71097
0.703031
0.812214
0.725058
1.05939
0.932406
0.901898
1.52071
1.33538
1.01272
1.03629
0.553986
1.07784
1.58662
0.503994
0.558412
0.713004
0.675665
0.420755
0.93341
1.10144
0.73486
0.994777
0.834827
0.752747
1.21406
0.870556
1.23368
0.909181
1.43519
1.02466
0.92147
0.686808
0.700513
0.684804
0.871803
0.793269
1.08643
1.58693
0.918844
1.2855
1.2007
0.84179
0.455904
0.804546
0.618208
0.422017
0.885408
1.0403
0.802382
1.30986
1.00458
0.917506
1.52563
1.32302
0.890181
0.577119
0.935839
1.72043
1.18339
0.796978
1.18142
0.59988
1.24103
0.820119
1.58328
1.04186
0.993696
0.904807
0.892156
1.00594
0.958981
0.891152
0.95771
0.650507
1.41803
1.151
0.903152
0.816162
1.41296
0.928618
0.998186
0.898693
1.38935
0.714786
1.28574
1.38519
1.0565
1.32594
0.813533
0.817306
1.05652
1.07038
0.991904
0.996732
0.733011
2.14193
1.59727
1.07315
0.802095
1.21903
0.863196
0.723123
1.11432
0.897576
1.03423
1.04163
1.06958
1.21027
0.585908
0.508464
0.524412
1.28256
1.03084
0.657939
1.0527
1.41578
1.40677
1.04963
0.970125
0.828947
0.97773
1.06978
0.960143
1.96627
1.45841
0.87793
0.721632
0.830408
0.554231
0.919228
0.675647
1.50387
0.555874
0.675633
1.08424
0.780442
0.695042
1.61958
1.18699
0.949176
0.88486
0.606517
0.464867
0.87668
0.864901
0.838966
1.27568
0.733529
0.728107
1.01559
1.3063
1.52276
0.988242
0.464998
1.1177
1.25295
0.690955
1.38343
0.869462
1.09608
0.897652
0.506629
1.47793
0.987406
1.00654
1.38635
0.894853
1.78078
1.33537
1.42436
1.49221
1.09507
1.12884
1.06099
1.36985
0.57657
1.61817
0.710008
1.81091
1.07139
0.992717
1.22373
1.02375
0.726206
0.91577
0.753762
1.68261
0.951632
0.92873
2.15477
0.689214
0.820312
1.12171
0.872613
0.904201
0.903662
1.03736
1.09419
0.931758
0.60751
1.03439
0.832164
0.799363
1.28037
0.918255
1.48473
0.655229
0.866301
1.42609
0.662397
0.686439
1.0894
1.02717
0.576725
0.866684
0.938579
1.80291
0.941495
0.944041
0.709277
1.29786
0.897514
0.993134
0.926353
1.1321
1.19835
0.919272
1.0222
0.646049
0.548011
0.912531
1.30853
0.803637
0.712417
1.23705
1.54272
0.940259
0.997534
1.30131
1.1063
1.46165
0.702704
1.11158
1.01554
0.932133
1.36088
0.50686
0.933328
0.46196
0.97001
0.647801
1.01027
0.960691
1.06167
0.723833
1.0809
0.643685
1.44482
0.994527
1.02567
0.500792
1.25994
0.994722
1.07237
0.797592
1.45268
1.00544
0.921261
1.00605
1.03446
0.704517
1.12447
0.717141
0.538489
1.25637
1.87619
0.575604
0.565531
1.11177
0.936569
0.787237
0.579044
1.18712
1.40199
0.87211
1.08096
1.71269
1.13499
1.00608
0.599766
0.677711
0.915934
1.01594
0.903179
0.724151
1.49292
1.49951
0.894775
1.22738
1.04367
0.678439
1.33403
0.803724
1.11612
1.2483
0.643406
1.31375
1.04432
1.06361
0.786248
1.22872
0.665913
0.876884
1.07952
2.05402
0.733633
1.22029
0.663333
1.70977
1.2096
0.536881
0.988976
1.35231
1.52379
1.28392
0.562662
0.940638
0.888861
1.23889
0.702503
1.15151
1.06152
1.01
0.88299
1.17984
0.863783
1.35556
0.96933
1.13019
1.04856
1.01004
1.54301
1.01906
1.27394
0.976051
0.948494
0.625694
0.581629
0.961143
1.0596
1.66837
0.971964
0.610468
0.803221
1.02303
0.57113
1.13049
0.523994
0.608667
1.08406
1.09601
1.05241
1.39674
1.08548
1.2743
0.673596
0.822278
0.825691
1.17146
1.19446
0.732083
1.06305
1.24564
0.836702
1.50889
1.05963
1.14549
0.899109
0.895603
0.665526
0.839515
0.764054
0.944505
0.735123
1.15986
1.06065
0.766752
0.877501
1.42151
1.15979
1.42206
0.881017
1.04394
0.859056
0.489292
1.04078
0.660138
1.12925
0.738238
0.663072
0.999602
0.900257
0.605402
0.832435
0.642715
1.73968
1.24983
0.630653
0.762723
1.34931
0.690032
2.173
1.06441
1.69902
1.21758
1.69623
0.627803
0.609596
1.37932
1.20641
1.64469
1.01196
0.680693
1.01274
1.20633
0.997738
0.58728
1.09266
0.859854
1.93549
0.872511
1.08045
1.06838
0.663672
0.909452
1.14737
1.53282
0.876127
0.972796
0.527327
1.22281
0.907023
1.31707
1.85298
1.06502
1.51124
0.568675
0.840469
1.04302
0.530511
1.21105
1.97854
1.13179
1.11097
1.33875
0.796438
1.01159
1.66056
1.56297
0.786677
1.19171
1.01391
0.986697
1.22479
1.30873
0.984755
1.21836
0.628341
1.48245
0.641821
1.57972
1.20549
1.32852
0.998092
1.31576
1.31238
1.04645
1.13105
0.700192
0.61792
0.851686
0.460772
0.725678
1.61195
0.925254
0.813063
1.56576
0.67498
1.14709
1.11122
0.622381
1.06068
0.563466
0.659277
0.920113
0.879666
1.48878
0.60367
0.879199
1.19631
1.00914
0.468943
0.680238
0.851259
1.12595
1.06126
1.57846
1.48479
0.634539
1.14668
1.08585
1.42178
1.36141
0.990829
0.807633
1.21727
1.33269
0.856866
1.32931
0.959207
1.11925
1.00898
0.925443
0.544756
1.21924
0.742539
0.600151
0.871016
0.546496
0.833258
0.76644
1.0316
1.3442
2.03845
0.835167
0.890889
0.539912
0.774329
1.1425
1.0303
1.07368
0.827132
0.767996
1.71614
1.00547
0.814046
0.619976
0.941238
1.57994
0.741271
1.08313
0.695904
1.43263
0.382299
0.617907
0.516832
0.978949
0.964422
1.02415
0.623493
1.28539
0.438695
0.745115
0.616393
1.04802
1.30421
0.857959
1.51236
0.549973
0.723801
1.25456
0.623675
1.26076
1.04912
0.47288
1.28121
1.03875
1.43739
0.629351
0.583368
1.51384
0.798157
1.16585
1.13948
1.00506
1.07298
1.03808
0.635372
0.644942
0.584674
0.697264
0.640283
1.46988
0.727126
0.807127
0.762891
1.31718
0.964349
0.678519
2.02263
0.904478
0.835269
0.682734
0.874601
0.798528
0.553998
0.761592
1.63903
0.871437
1.05525
0.908536
1.24455
1.30635
1.41218
1.00633
1.23622
0.534171
0.804
0.711426
0.771481
0.861072
1.33094
1.12229
1.54338
0.721845
0.927856
0.665108
1.03782
1.11317
1.0087
0.675968
1.51673
0.850343
0.61967
1.25714
1.03779
1.34909
0.995998
0.890638
1.13141
0.853849
0.760041
1.91156
0.61149
0.970803
0.594634
1.33728
1.00075
0.982306
0.992396
0.727987
0.916753
0.71563
1.15049
1.6016
1.14569
0.698495
0.606554
0.860255
0.656464
0.615534
0.622366
1.0225
0.9511
0.821246
1.14889
1.12743
1.23373
0.973452
0.893101
1.39604
1.02993
1.08853
1.14877
0.943143
1.08522
1.04849
1.27459
0.542698
0.850786
0.850106
1.27614
1.55457
1.00209
0.848952
0.465639
1.27152
0.981672
0.792189
0.741218
1.18744
0.982362
0.735693
0.69579
0.544168
0.785813
0.845701
0.702422
1.28598
1.22415
0.803973
1.15383
0.967406
0.951309
0.881587
1.30435
0.492215
0.555098
0.667756
0.957136
0.815967
0.498575
1.42502
0.890112
0.592588
1.04791
1.49561
0.946138
1.23778
0.53845
1.11973
0.934572
0.562789
0.891161
0.878902
1.00643
0.660116
0.977226
0.995917
1.41212
1.38514
0.792066
1.15889
1.23675
0.949942
1.70143
1.46007
0.956099
0.907517
1.52163
0.648019
1.06701
0.553508
1.30367
0.931485
0.995427
1.12313
0.72968
1.39206
1.68692
1.30363
0.935048
0.671628
1.16101
0.810093
0.933196
0.684846
0.931776
1.13444
0.650539
1.2624
1.15205
0.533279
1.28018
0.965164
1.23831
1.25917
1.04435
0.697259
0.839934
1.05901
0.999615
0.630917
1.10733
1.09248
0.810925
0.491992
0.625928
0.743028
0.793158
1.02739
0.641942
1.00637
0.754667
0.7822
0.938098
0.871451
1.03277
0.830445
1.28752
1.15708
1.17334
1.85559
0.564513
0.794515
0.6009
0.537338
1.46525
1.22787
0.871116
1.06388
0.930041
0.993606
0.590206
0.981287
1.16901
0.855667
0.986792
0.840419
0.474875
1.45622
1.02004
0.826311
0.97213
1.045
0.655212
0.788709
0.901841
0.795194
0.953877
1.09215
1.31857
0.731969
0.97303
1.21969
1.24729
0.676573
0.776366
0.914784
0.817331
0.948612
0.90451
0.517289
1.08347
1.47553
1.43591
1.39539
0.756125
0.697752
1.20131
0.92939
1.12943
0.940743
2.03816
0.937695
1.16363
0.812043
1.56121
0.937625
0.723975
0.471165
1.34837
1.74309
1.27118
1.14297
0.887346
1.12624
1.07293
0.634218
0.9524
0.941996
1.53269
0.83576
1.77433
0.834593
1.06412
1.31154
1.24011
0.998055
0.789057
1.35754
0.690462
1.12791
0.466516
0.779213
0.839634
1.02306
0.704971
1.0245
1.28503
1.10987
1.14011
1.46267
1.40554
1.13076
1.07787
0.863718
1.01717
1.67952
0.620673
0.685278
1.31512
1.37389
0.908778
0.694912
0.681219
0.611617
1.09227
1.02857
0.831092
0.708571
1.02585
1.11703
0.94901
1.05532
1.35806
1.09968
0.740748
0.765435
0.655517
0.900271
0.780275
1.10543
0.90198
1.33776
1.37225
0.85217
0.849068
1.43292
0.663804
2.27193
0.894178
1.23854
1.01793
0.91055
1.20079
1.26739
0.857207
0.626701
0.944621
1.43582
0.993741
1.60156
1.98867
0.796333
0.900953
1.30062
1.06955
0.647457
1.31952
0.458345
1.13235
0.982416
0.729859
1.03453
0.880648
1.25632
1.15202
1.06817
0.869752
0.806366
1.50087
1.45015
1.69732
1.6451
0.729059
1.34316
0.970526
0.738767
0.690421
1.78132
0.987992
1.13111
1.08229
0.624901
1.52653
0.583428
1.60754
0.610181
0.563965
1.3738
1.32165
1.08917
0.888966
0.968328
1.08832
1.18
0.60112
0.496533
1.07306
0.831729
0.18811
0.922468
1.44163
1.19192
1.52194
1.30965
1.19515
0.594164
0.661013
1.39396
0.734555
0.76287
0.918183
1.13166
0.803706
0.834782
1.3756
0.644696
0.48423
0.747796
0.750625
0.825245
0.75266
0.866662
1.01619
0.879052
1.0864
2.21448
1.62778
0.493084
1.0476
0.909013
0.728342
1.49685
0.976693
1.22753
0.65558
1.3564
0.928628
1.41227
0.852231
0.734171
1.28989
1.12977
1.07865
1.03911
0.610069
0.736387
1.19457
1.10268
0.916818
0.918407
0.525857
0.728126
1.16251
0.877047
0.664764
0.698273
0.891324
0.558103
1.36706
1.29979
0.969871
1.29269
0.636874
1.08109
0.6361
1.13467
0.478916
0.906937
0.739409
0.956045
1.11582
1.19212
1.1142
0.608334
1.06646
1.12771
1.33951
1.16389
0.540763
1.41445
0.697208
0.930418
1.00808
1.05098
1.32966
1.11981
0.892568
1.19384
0.84563
0.901068
1.34157
0.936473
0.991611
0.916483
1.09949
0.845925
0.850611
0.856152
0.990009
1.12379
0.800273
1.20747
1.00001
0.897329
0.852243
1.32307
0.972801
1.0088
0.835687
1.00477
0.75305
1.44437
1.50643
1.41702
1.22297
1.10569
1.04297
0.959078
0.775383
0.854967
1.57818
0.941656
1.08635
0.448781
0.802676
1.38996
1.22589
1.13032
0.663674
1.117
0.907741
0.404026
1.1589
0.895867
1.34244
1.12172
0.679087
1.01372
0.921379
0.952869
1.53548
0.954482
1.31706
0.739345
0.639461
0.498511
0.777025
1.59284
0.792823
0.96826
0.416527
0.804456
0.643757
0.970929
0.916745
1.41765
0.92224
0.820547
0.936788
0.763437
0.826792
1.27094
0.86208
0.641673
0.704253
1.22192
0.933336
2.09175
1.05131
1.13954
0.712685
0.848007
1.14276
0.876736
1.00341
0.45902
0.522937
0.740515
1.3505
1.30656
1.14115
0.578129
1.31569
1.41395
0.594464
0.824691
1.56171
1.33057
0.526727
1.6935
1.15309
0.723147
1.31903
1.29525
0.779273
0.782088
1.44148
0.387618
0.775551
1.48091
0.670621
0.450577
0.892667
0.724151
0.635608
0.753737
1.12102
0.68264
1.42844
1.13228
1.02941
1.07109
0.739146
0.842028
0.626233
0.923745
0.555054
0.845591
1.15525
1.29318
1.00515
1.12923
1.0756
1.74611
0.610148
1.07713
1.1218
0.85706
0.826409
1.17341
1.61254
1.85324
1.50371
1.563
1.61204
0.972612
0.554156
0.642303
0.935901
0.823059
1.39194
1.24956
0.906855
1.26063
1.48258
0.706432
1.00676
1.08218
0.64323
0.971684
1.13011
0.824676
1.00848
0.91843
1.16606
0.772405
1.09119
1.56618
1.12763
1.44707
1.04405
1.6114
1.14211
0.814079
1.1442
1.03885
1.28262
1.31091
0.988586
0.484601
1.11369
1.12125
1.18948
1.13821
1.35848
1.01377
0.99144
0.968277
1.14735
0.73627
0.580596
1.00506
0.705352
1.23051
0.620421
1.29532
0.606396
1.53006
0.564146
0.596155
0.802098
0.669748
0.566531
0.87498
0.832481
0.719252
0.727177
1.08202
1.2338
1.17158
1.32751
1.08506
0.625484
1.44578
0.731558
1.15606
1.15692
0.982988
1.01212
1.1879
0.898166
1.28299
0.60915
1.13454
1.65025
1.00596
1.24577
0.671834
1.09519
0.899112
1.53637
0.772595
1.12982
1.568
0.775904
0.95276
0.84164
1.17587
0.622958
1.18166
1.01584
0.928418
0.99612
1.11941
1.10746
1.07599
1.1705
0.679747
0.688716
1.24506
1.01919
1.05935
1.01772
0.608338
1.96943
1.34069
1.00203
0.982281
0.823344
0.852219
0.783027
0.684182
0.911449
0.738377
1.04088
1.03102
0.745537
0.875103
1.23749
1.50808
1.19776
1.24882
1.119
0.597987
1.21161
1.41282
1.3305
0.915331
1.14093
0.821075
1.37942
1.64351
0.802235
1.45084
0.796202
1.1679
0.955125
0.747341
1.29409
0.55041
1.40045
0.811216
0.973152
0.690452
0.812492
0.837134
1.35577
1.33965
1.04928
1.46204
0.927005
1.1323
0.969217
1.48525
0.811099
1.04838
0.838392
0.303529
0.551004
1.32009
0.767351
0.598552
0.717671
1.27452
0.89716
1.38712
1.07049
1.03086
1.23815
0.866144
0.930366
1.046
0.765355
1.51791
1.33146
1.94072
0.751241
1.20262
1.07346
0.634065
0.916118
0.865844
0.969582
0.542765
1.45151
0.515432
0.613719
0.742902
0.807147
0.820749
1.02997
0.92986
1.08746
0.989421
0.672701
1.20868
1.31702
1.34724
1.08541
0.940709
0.904576
0.99193
1.70909
0.935721
1.75671
0.85156
1.12154
0.973344
1.45917
1.13867
0.531274
1.59902
1.16492
1.02086
0.466077
1.68593
0.82024
0.679199
0.861102
1.14144
0.992487
0.744487
1.06491
1.23099
1.52469
0.834043
0.71023
0.845819
1.54926
0.830379
1.05883
0.827804
0.520696
0.931356
0.658153
1.38896
0.70715
0.809436
1.18723
0.940692
1.35139
0.847187
1.04234
1.27034
0.858975
1.42009
0.926979
0.981949
1.48907
0.568095
1.11524
1.24508
1.00496
0.65872
1.20777
1.15598
1.50782
0.814212
1.1079
1.0268
0.96105
0.736495
1.28476
1.2455
1.12421
0.90631
1.23848
1.11885
1.0249
1.24228
1.2781
1.44615
0.652145
0.661261
0.602622
0.914339
1.12327
0.575439
1.04596
0.682035
1.96588
0.591211
1.08998
0.983398
0.612099
0.827136
0.860535
1.03221
0.733078
1.41389
1.24585
1.17188
1.17277
1.22424
0.585458
0.751603
1.20418
0.909943
1.36805
1.25827
0.504032
1.34175
1.03754
1.89747
1.1919
1.23575
1.15923
0.722579
1.45483
1.23549
0.728802
0.920196
1.52723
0.730781
1.26301
1.36289
0.822597
0.821773
1.20894
0.802034
1.28724
1.22752
1.16256
0.763999
0.698376
1.1933
1.18221
0.740684
0.740622
0.886303
1.29831
0.759847
0.733594
1.02071
0.862873
0.844674
0.774967
0.703563
1.1222
1.00809
0.574564
0.879242
0.632215
0.785131
1.22
0.768219
0.699756
1.04166
0.793735
0.837838
0.680588
1.51356
0.774103
0.53186
0.675079
0.784406
1.03734
1.06115
0.395507
0.880989
1.06995
1.08239
0.838504
1.50482
1.31085
1.14727
0.941818
1.74689
0.901072
0.750606
0.777225
0.710537
1.257
0.648234
0.632781
0.805912
0.982538
0.892879
1.07584
1.17627
0.573082
2.00531
1.0013
1.39553
0.614135
0.737184
1.01908
0.579549
1.17071
1.53053
1.25836
0.774085
0.486999
0.732487
1.34435
1.09149
0.788622
0.859673
0.713536
1.08733
1.0312
0.80864
1.08941
1.08726
1.05773
0.988292
0.914903
1.51
1.10901
0.847765
0.994124
0.683994
0.772905
0.982639
0.933953
1.79466
1.00133
0.798894
0.619554
1.53033
0.520848
1.22632
1.07313
1.23361
1.49758
0.946907
0.916642
1.19776
0.891008
0.831191
0.741589
0.877648
1.09714
0.777203
0.787543
0.799419
1.20516
0.941466
1.16314
0.3683
1.04868
0.691767
0.583907
0.622274
1.22587
1.31219
1.47405
1.53211
1.23246
1.48206
0.992831
0.863768
0.754651
0.830889
0.959049
0.892249
0.895103
1.17659
0.738724
0.975262
1.06332
1.04885
2.12661
0.848263
0.729018
0.757083
0.678098
0.984828
0.786057
1.26274
0.787331
1.05659
0.858573
0.876806
1.00241
0.958035
1.34239
0.668474
1.05391
1.04233
0.373733
1.01018
1.05631
0.605577
0.829791
0.932078
1.65941
0.774807
1.76611
1.12334
0.896375
1.45232
0.752554
1.86252
1.31794
0.534495
1.43049
0.397348
1.18952
1.67956
1.52636
1.04333
0.762981
0.747691
1.56277
0.828177
0.865664
1.40896
0.981696
0.467741
1.31411
0.818835
0.850203
0.75778
0.468087
1.09843
1.53954
0.609596
1.36857
0.949126
3.17567
0.845756
0.721138
0.955709
0.659838
1.14314
1.53656
1.45729
1.01674
1.53118
0.902236
0.772525
0.962815
1.56493
1.24175
0.865873
0.624086
1.38479
0.993279
1.51649
1.17067
1.07936
0.693344
0.507409
0.914493
0.689151
0.746341
0.527318
0.941746
1.06816
0.628786
0.881509
0.980852
1.23808
1.13782
1.58258
1.02401
1.2374
1.01846
1.13008
0.945624
0.939191
0.850263
0.94107
0.982566
0.953893
0.943546
1.16368
0.933143
0.70544
1.17146
0.8899
1.27673
1.08811
1.02204
0.538415
0.725785
1.24596
0.560421
0.378443
1.33742
0.890298
1.72841
0.737316
0.583003
0.740216
0.84452
1.14586
0.956319
0.774719
0.703955
0.697105
0.429383
0.799502
0.997502
1.14298
0.453496
1.23656
0.452654
1.16067
0.664894
1.17097
0.982968
1.06732
1.11487
0.832355
1.54345
1.20047
1.03294
1.75636
0.852205
1.35334
0.9223
0.96346
0.630708
0.820547
1.46368
1.80191
0.482743
1.319
0.762234
0.862195
0.782605
1.55286
1.19994
1.18176
0.725438
1.37948
1.30203
1.90663
1.2575
0.59686
0.580956
1.31883
0.521079
1.44148
0.9547
0.880903
0.721861
1.18486
1.08255
1.15894
1.02482
1.03212
0.828581
1.4731
1.148
1.02749
0.957801
1.1043
1.19223
0.420294
1.00673
0.904722
0.816291
2.12407
0.699666
0.549295
0.829628
1.07256
0.890242
0.456943
1.18483
0.652057
0.584542
1.20864
0.953563
0.390815
1.11483
1.51761
0.570995
0.739614
1.17864
1.09656
1.12121
1.58541
0.567718
0.823092
0.845296
0.491807
0.539039
0.897913
0.676639
0.75669
1.1954
0.800373
0.855334
1.06516
0.881066
1.2152
1.19034
1.23541
0.975705
0.853525
1.13571
0.788391
1.01558
0.670779
0.75413
0.667306
1.13545
1.49701
0.875725
1.45442
0.674109
0.538344
0.654328
1.50739
0.985883
0.636868
1.16624
0.559333
1.05585
0.901963
1.26502
0.761943
0.619376
0.685401
0.603022
1.96248
0.97802
0.607465
0.946939
0.753127
1.02908
0.915844
0.745918
0.66638
0.88385
1.47039
1.74162
0.499933
0.584795
1.28733
1.58163
1.04234
1.43067
0.754612
1.33769
0.944902
1.02753
0.976172
0.713254
1.47377
1.25603
1.0189
1.15707
0.821659
0.449678
0.652189
1.11039
0.906629
0.582995
1.01718
0.752077
1.12277
0.88515
0.72193
0.90118
0.633277
0.882103
0.592423
0.914488
1.4772
1.02913
1.13943
0.972768
1.0955
1.52706
1.09468
0.901585
0.888793
1.02783
1.16324
0.978055
0.805291
0.863211
1.57387
1.04185
1.68428
0.920564
1.17888
1.71984
1.03754
0.816281
1.19004
0.643488
0.98415
0.614482
0.951849
1.46069
0.701489
1.10405
0.879506
0.737439
1.38725
0.40619
1.17587
1.3824
1.10047
1.66627
0.590256
1.47597
0.705795
0.529906
0.65803
1.51256
1.15656
1.48473
1.12492
1.33077
1.13955
1.74454
1.01344
1.39203
0.9093
0.340234
1.1921
1.06213
1.16045
1.18851
0.985169
0.594115
0.982751
1.34899
0.549824
1.29968
0.335676
0.743906
0.451313
1.26184
0.985816
1.18968
0.871696
1.15271
0.676465
1.07855
0.863708
1.00606
0.934704
1.5509
0.875779
0.795455
0.882138
1.46417
0.672302
1.10643
0.489501
1.20821
0.536641
0.819743
0.767022
0.868398
1.37417
1.68592
0.91877
1.49151
0.865571
0.988984
1.01791
0.75804
0.942269
0.929053
0.78583
0.83432
0.945382
0.764234
0.823906
0.975833
0.751447
1.43899
0.824625
0.576209
1.35384
0.954921
0.759348
1.26686
1.21568
1.17448
1.0076
1.48209
1.23591
1.05803
0.987841
0.471799
1.20123
0.667104
1.10563
0.933152
1.48405
0.809329
0.953188
0.598173
0.470916
1.02262
1.58437
1.63997
0.803792
0.772074
1.20661
0.790873
0.641417
0.630781
1.20666
0.89492
0.88705
1.05979
1.18033
0.444053
1.10148
1.52584
0.642226
0.876911
1.09553
1.49701
1.0722
0.82086
1.24985
0.872227
1.49104
0.79822
1.39976
1.27857
1.09436
0.876014
1.36951
1.14794
1.00827
1.30164
0.984559
0.898033
0.775364
0.883214
1.30484
0.918697
0.804945
0.527131
0.771333
1.26483
1.01768
0.651719
1.80159
1.14785
0.94711
1.47694
0.769196
0.784346
0.850573
0.604821
1.82233
1.26723
0.730595
0.992914
1.7144
1.12697
1.30022
0.755695
1.08824
0.639878
0.996044
1.12586
1.41431
1.36041
1.06526
0.960616
0.694809
1.39325
1.15655
0.582419
0.885313
0.771977
0.951914
1.25523
0.71212
0.418721
1.02439
1.14622
1.32341
0.721803
0.68306
1.21656
0.941114
0.652709
0.58674
1.2537
1.72796
0.983831
0.746245
0.347939
1.02884
1.17473
1.5104
1.24212
1.14198
1.30066
1.39968
0.659755
1.16868
0.722581
0.787866
0.891179
0.880482
0.620063
0.85384
1.33497
0.982628
1.33159
0.998379
1.15056
1.22866
1.00763
1.22872
1.30785
0.613813
1.00026
0.770612
0.612375
0.521576
0.726716
0.97577
0.50543
0.831949
1.24505
0.901674
1.24767
1.00579
1.36673
1.43289
0.763417
0.542521
0.877979
0.868044
1.39598
1.06029
0.862552
0.986316
0.756925
1.28559
0.823425
0.795337
1.13034
0.92322
1.33488
0.86061
0.888347
0.879454
0.927382
0.795238
0.986019
0.856737
0.938958
0.856031
0.729802
1.43125
0.874877
1.49053
0.993665
1.04241
0.725302
0.698518
1.13089
0.452077
0.863032
1.39821
0.802641
1.33555
0.898743
0.52598
1.91497
1.14778
0.730526
0.857583
1.22178
0.495583
0.584175
0.981296
0.970011
0.51019
0.476417
1.47032
0.613993
1.04535
1.32633
0.990811
0.822537
0.665615
0.779487
1.09219
0.822819
1.75046
0.916439
1.10896
1.30229
1.05544
0.755141
1.69185
1.49907
1.17014
1.03344
0.47129
1.06459
0.840986
0.702154
0.765409
0.558915
0.635245
0.702836
1.18582
1.03738
0.699614
0.471817
0.575832
0.706696
0.507754
0.666262
0.966787
0.469493
0.852405
0.757055
0.882159
1.17479
0.71363
1.71904
1.06379
0.889638
0.639293
1.2929
0.784156
1.1957
0.809655
0.406833
0.539044
0.968199
1.12596
1.11637
0.887706
0.402938
1.33991
1.49588
1.11257
0.944163
0.966659
1.53755
0.702781
0.770713
0.817884
0.690436
1.48166
0.583656
0.859413
0.894258
0.756897
1.14211
0.967622
0.886887
0.561893
1.13652
1.36912
1.08841
0.882519
0.704006
0.559619
0.657805
0.687811
1.61157
1.23763
0.660344
1.16811
0.826698
0.770974
1.09888
1.14286
0.671889
0.829849
0.775163
0.720866
1.03611
0.983338
0.912874
1.0583
1.07956
1.84118
1.25948
0.549002
1.41223
1.03905
0.621886
0.641671
1.27403
0.759097
0.509315
1.08015
1.13511
0.778385
0.704433
0.723655
1.37642
1.09479
1.49383
0.997441
0.557499
1.18661
1.3791
1.04707
0.878535
1.79368
0.938619
0.697605
0.551274
0.763802
1.12473
1.07618
1.23561
0.942863
0.952299
1.04804
0.648907
1.12348
0.87563
0.54376
0.701879
0.949456
0.901479
0.886003
1.08693
0.634455
0.84112
1.00498
0.77388
1.23494
0.952808
1.12715
0.58881
0.637235
1.61993
0.887626
1.16164
0.642766
1.03725
0.964888
1.68672
1.4126
1.2715
0.903654
0.967926
0.979391
1.41169
1.26235
1.34526
0.883119
1.04896
1.44001
0.94464
0.886574
1.63765
1.08783
1.3684
0.995083
1.13248
0.690599
1.06643
1.56811
1.09383
0.597557
0.890026
1.43825
1.13065
1.32937
1.07078
0.929287
1.15282
1.51628
1.30218
0.806843
0.721386
1.20908
1.56743
0.495247
0.613684
0.815733
1.22791
1.10684
1.08265
0.963694
0.697323
1.43768
1.3969
0.7699
1.06106
0.919987
1.31061
0.668929
1.26364
0.637563
0.722956
1.03487
1.21886
1.48822
0.999503
1.2456
0.8787
1.25933
0.967172
1.02798
0.559116
0.824108
1.09029
0.895803
0.487435
0.846921
0.665617
1.39758
0.970265
1.3447
0.595613
1.22132
1.26755
1.15794
1.46372
1.30903
0.549994
0.769673
1.16492
0.639382
0.454576
0.677931
1.51818
0.92602
1.04899
0.741411
0.839839
0.925882
1.83668
1.12388
0.51941
1.11871
0.55951
0.577428
0.955256
1.00626
1.44666
1.6273
0.916599
1.69673
0.381847
0.633511
1.17424
0.758705
0.873797
0.630793
0.67742
1.10137
0.793589
0.908212
0.879927
0.925571
1.12235
1.37742
0.895974
0.510044
2.19148
0.467811
1.232
0.720343
0.723366
0.659713
0.686298
1.25388
0.900008
0.856416
1.00158
0.584674
0.987517
0.892059
1.18322
0.613158
1.05776
1.42663
1.01967
1.06255
0.820408
0.556887
1.36446
1.01784
0.927497
0.707357
1.0931
0.931317
0.821865
0.770967
0.992963
0.662017
0.793753
0.854959
1.17265
1.33552
1.0643
0.380613
0.927229
0.77398
1.37913
0.484253
0.779595
0.96459
0.853769
0.423459
1.51941
1.29008
0.778279
0.634374
0.68102
1.17427
1.26393
1.25271
1.20329
1.5534
0.581325
1.15036
0.805891
0.754627
1.32643
1.27772
1.17979
0.711728
0.828271
1.19696
1.11239
0.84914
1.40176
1.22042
0.970521
0.614405
1.54036
0.472708
1.73728
1.03059
0.543716
1.32949
0.716856
0.509604
0.893325
1.00211
1.77408
1.65903
1.16081
0.850842
1.54938
0.709116
0.417122
0.983312
1.78766
0.647819
0.773805
1.10831
0.813486
0.910514
0.590999
0.812735
0.786017
1.05136
0.569219
1.11126
1.02777
0.839425
1.20577
0.664486
0.568655
1.20463
0.870194
1.00266
0.772336
0.607125
0.412937
1.31811
1.24806
1.15561
1.26401
1.08472
0.870222
1.17275
1.06176
1.18702
0.597533
0.569516
0.859668
0.912754
2.46163
0.827666
1.58951
0.622521
1.61901
0.644121
0.904393
1.46806
0.653423
1.06475
1.24671
2.02262
0.634603
1.25331
0.523199
1.35658
0.978028
1.11249
0.964343
1.25659
0.810141
1.027
1.15295
1.42517
0.66104
0.605262
0.625996
0.892124
1.3802
1.07735
1.04432
0.469932
1.23388
2.14817
0.798229
0.977085
1.23237
1.02303
1.11749
1.10773
0.969736
1.48696
0.646667
1.16923
0.799311
1.13782
1.32154
0.99647
0.562411
1.00278
1.3236
0.882632
0.544457
0.45216
0.901685
1.13058
1.32256
1.30367
0.835095
0.965927
0.672562
0.9237
1.40173
1.42323
0.994029
1.48273
0.773377
0.708667
0.868999
1.03711
0.81008
0.776059
0.835336
1.39619
1.33149
0.878275
0.880142
1.15284
1.02837
0.69559
1.00966
1.5117
0.840612
1.24644
0.765592
2.04699
1.49673
1.28736
0.642193
0.699663
0.810729
1.15995
1.03437
1.20918
0.979822
1.07211
1.05186
0.84578
1.25441
0.832829
1.2176
0.599807
0.86109
0.730519
0.782891
1.07054
0.995257
0.860532
0.945292
0.947155
1.29821
0.990953
1.03963
0.555628
0.667765
1.4668
0.735124
0.849901
0.75377
0.790249
0.983623
1.17139
1.02693
1.06151
1.1593
0.662454
1.04978
1.17872
0.863819
1.01589
0.689555
1.52294
1.22328
1.18983
0.657966
1.73911
0.79542
1.15305
1.75284
0.929654
1.34758
0.495996
0.936999
0.621431
0.696152
0.73129
1.32245
1.08652
0.384933
1.00743
1.78349
1.19899
0.678407
1.04018
0.836936
1.11875
1.06133
1.03629
0.615321
0.531512
0.727084
0.749006
0.530589
1.37959
1.244
0.717912
0.766933
1.7105
1.08673
0.619832
0.781174
0.727097
1.03409
1.2393
0.564866
0.464548
0.576702
0.825112
0.966673
1.00537
0.634299
1.07536
1.49797
1.24121
1.70386
1.32672
1.07275
0.667715
1.09939
1.36389
1.52282
1.60511
1.29476
0.655236
0.782515
0.599831
0.615028
1.1014
1.54444
0.724702
0.819213
0.766377
1.54587
0.926862
0.766439
1.05697
0.731645
1.36584
1.03004
1.34363
1.10349
0.375168
1.60286
1.13812
1.57279
1.34777
0.90866
0.64278
0.836834
1.13386
0.888803
0.671942
0.924582
1.06997
1.22619
0.831108
0.966564
1.55569
1.30579
1.06496
1.19715
0.932303
0.957507
1.16668
1.06794
0.487148
1.4754
0.590388
0.985364
0.410084
1.29391
0.772703
0.858196
1.34995
1.34282
1.45701
0.84654
0.976058
0.766271
0.986462
0.910451
0.792006
0.898311
0.959265
0.99192
0.918778
1.32389
0.924203
0.783233
0.738645
1.5256
1.2108
0.937302
0.782236
1.10833
0.908633
1.26148
1.30397
1.74973
1.35512
0.895871
1.48903
1.2043
0.844284
1.1887
1.43689
1.4967
1.12218
1.02971
0.667267
0.884424
0.953539
0.942726
1.72091
1.37367
0.707229
1.23348
0.844451
0.884849
0.917914
0.947557
1.06904
1.09411
1.00102
1.39137
0.732315
1.18177
0.941237
0.92505
0.629427
1.31811
0.8591
0.678671
1.1428
0.794416
1.22154
0.83343
1.30118
1.04669
0.65317
1.62365
1.40471
0.840497
0.880138
1.54715
1.23555
1.16581
1.1043
0.902541
0.575453
0.942975
1.03045
0.634238
1.70155
1.70239
1.35971
0.814523
1.15751
1.26558
0.727673
0.885945
1.77254
0.711326
1.3461
0.490197
1.00176
0.471435
1.05365
1.30409
0.715866
0.933629
1.13707
0.639305
0.738156
1.01189
1.50577
1.00159
0.919791
0.978569
0.762011
0.96417
0.92471
0.779107
1.28009
0.717475
1.35381
0.645185
1.52596
1.11552
1.11642
0.554432
1.00795
0.823091
0.956564
0.636526
0.740739
0.901607
0.664814
1.60695
1.18689
0.745413
0.91005
0.903815
0.887752
0.722834
0.652287
1.02819
0.795072
1.10603
0.858899
1.0888
1.21252
0.658894
1.10025
0.700008
1.07142
0.96058
0.92971
0.683096
0.817399
0.994412
0.58535
1.39103
0.74013
1.1546
0.820284
1.28528
0.839326
0.806624
1.13042
0.544688
1.10873
0.883654
0.829995
0.888905
1.38044
1.40226
1.22841
1.03156
0.995859
0.629937
0.758932
1.01705
1.17903
0.535591
1.30364
1.30847
1.0069
0.743968
0.489231
2.01353
1.10786
1.13359
1.13796
1.19889
1.04543
1.09484
1.46319
1.19573
1.4622
1.01317
1.16616
1.16024
0.593783
1.15465
1.17677
0.923919
0.86281
0.602813
1.13409
1.38688
0.821149
0.730378
1.00565
0.94002
0.96989
1.02078
0.5486
1.19092
1.3486
0.92848
1.24791
0.943591
0.467053
0.79443
0.980241
0.958296
1.09983
0.694555
1.43852
0.419017
1.12258
0.954494
1.06204
1.06878
0.715864
0.477294
1.62291
0.830017
1.98827
1.43724
0.677661
0.937248
1.01077
1.68101
0.793681
1.01351
1.36465
0.723627
0.626357
1.1206
1.20996
0.725313
1.12379
0.553257
0.692603
0.598942
0.959397
0.745887
0.929491
1.23471
0.461408
0.805117
0.512425
1.15912
0.733052
0.963142
1.32476
1.02833
0.690847
0.842571
0.724852
0.760007
0.968064
1.71415
0.705859
0.441197
0.432782
0.427596
1.22248
0.748547
0.736861
0.680622
0.703281
0.650787
1.22036
0.92825
0.500495
0.721701
0.970024
0.491903
0.434832
1.04711
1.01406
1.46175
1.03894
0.902058
1.00761
0.681712
2.06287
0.71265
0.677105
1.37364
0.626717
1.11552
1.04059
0.875482
1.24249
1.6499
1.24055
1.15155
0.755437
1.32846
1.49978
0.744114
1.42355
0.892967
0.632905
1.81347
0.386628
0.946128
1.52368
0.917878
1.01223
0.921125
1.11945
0.846926
0.985008
0.546746
0.447729
1.49721
0.439118
1.35079
0.47396
0.831796
1.24742
1.3242
1.14922
1.22699
1.98418
1.26029
0.771257
0.833748
1.10203
0.947325
1.45865
0.874513
0.993954
1.14981
1.0084
0.594615
1.49015
0.629713
0.614207
1.09342
0.537335
1.20655
0.906371
1.03577
1.44325
1.02865
1.13404
0.826359
0.891383
0.903291
1.53798
0.502258
0.618671
1.23564
1.05299
0.907724
0.677737
1.0197
1.11574
1.25546
0.944815
0.31701
1.22802
1.57614
1.18574
1.17352
1.19369
0.859717
0.884227
1.27311
1.18373
1.32304
1.58754
1.01205
0.931806
0.435834
1.61255
1.60169
1.13399
0.447959
1.02829
0.378634
1.01738
0.875415
1.56737
0.587071
1.06632
1.33459
0.723785
0.75149
0.958595
1.34274
0.764137
0.810327
0.584499
0.760638
0.683949
1.30602
1.45438
1.38583
0.807016
1.48556
1.34837
1.16681
1.72794
0.741137
1.09003
1.52212
1.64689
1.06558
1.41777
1.05181
0.953585
0.794451
1.39664
1.09136
0.901673
0.774375
1.41896
1.25851
0.638739
0.652841
0.975486
0.665574
1.01179
0.813875
0.810631
0.857558
1.45167
1.46946
0.836954
0.65914
0.855817
0.603003
1.04585
0.786974
0.640317
0.566993
0.857083
0.736223
0.75748
1.2756
0.805588
0.923539
0.585833
0.915859
0.952254
1.31405
1.11278
1.6575
0.767915
1.06534
0.860063
1.37907
1.23797
1.06414
0.664062
0.973659
0.588573
0.9684
1.35919
0.714026
1.02486
0.781703
1.07714
1.04035
0.858922
0.844693
1.28096
0.952599
0.754544
0.54765
0.91352
1.02721
0.883977
0.907214
1.43152
1.81908
1.04942
0.996262
0.992603
0.851642
0.755369
0.867835
1.43966
0.852934
0.67969
1.01011
1.06546
0.948613
1.47454
0.77857
1.06618
0.74472
0.884908
0.620211
0.633265
1.08897
0.618178
1.44537
1.02379
0.689179
0.785352
1.77275
1.57353
0.675877
1.01333
0.923603
0.352462
0.709488
0.822336
0.913757
0.788852
0.804098
0.755123
1.47317
0.980973
0.764786
1.15764
1.44458
1.25205
1.06174
1.50695
1.34366
1.01822
0.905062
0.612394
0.981786
1.19204
1.46125
0.967541
1.09432
0.824206
1.55534
1.02831
1.11014
0.952022
1.00306
1.28108
1.08796
1.01942
0.917877
0.794336
0.7913
0.769405
1.59186
0.872072
0.777416
0.689558
0.98035
0.883996
0.817356
0.828517
0.912947
0.912922
0.979266
0.721966
0.899918
0.81711
1.00683
0.91067
0.540775
1.50157
0.773142
1.04638
1.03915
0.768122
0.840028
1.25396
0.86803
0.597826
1.32224
0.871704
0.894914
0.698748
0.961732
0.890422
1.27337
1.24884
1.25305
1.07211
0.707632
1.13179
0.878772
1.30853
1.04364
0.775364
1.01228
1.05118
1.0776
1.0786
0.599066
0.656569
0.845242
0.946406
0.835626
1.10567
0.89645
0.836378
0.80393
1.13504
0.537887
1.18235
1.4162
1.66745
0.518472
1.10352
1.23428
1.12076
0.636628
0.975051
1.18964
0.927024
0.907146
1.30808
0.894255
0.824602
0.807763
1.02553
0.936472
0.64721
0.949967
0.954768
1.83128
1.16703
0.517226
1.39608
0.767831
0.706156
0.933318
0.836007
1.11827
1.2009
0.960778
1.01507
0.940335
1.69266
1.3773
0.902261
0.411429
1.51536
1.23377
1.12939
0.80765
0.837985
1.18187
1.26538
1.53836
1.2889
0.510867
1.05482
0.982548
1.55208
1.07739
0.872198
1.15138
0.598871
1.09834
1.53951
0.608695
0.787013
2.12579
1.96386
0.986757
1.02329
0.968348
0.87133
1.28587
1.21653
0.911802
0.66373
0.905902
0.491975
1.00784
1.11404
1.03414
1.1654
0.690742
1.0786
0.80461
0.912442
0.747662
1.24144
1.27042
0.698514
1.43017
0.580856
0.509189
1.1311
0.806997
0.722662
0.711694
0.741631
1.0315
0.951116
0.518223
1.27154
1.42937
0.622845
1.67666
0.946995
1.0777
1.19394
1.02199
0.711063
0.851021
1.01533
0.770404
1.38556
1.06567
0.503386
0.965321
1.51463
0.803386
1.62235
1.44039
1.15286
1.15438
0.870111
1.04929
0.903753
1.01651
1.09298
1.49755
0.71695
0.649501
1.25035
1.04632
1.34068
0.878665
1.00725
0.860478
1.01201
0.909938
0.999748
0.594731
0.761235
1.52217
0.532755
0.893874
0.966186
0.84643
0.892942
0.902955
1.64803
0.834983
1.09538
1.02094
1.00426
0.993513
0.97952
1.54871
0.50896
1.11085
1.09173
0.877872
1.15949
1.13556
0.673771
1.14335
0.76503
0.487432
1.02649
0.976752
1.45879
1.04796
1.03605
0.549565
1.31126
1.0746
0.86735
0.624227
1.46408
0.920488
0.540047
0.86496
1.00285
0.765425
0.653565
1.11033
1.08657
0.718211
0.675575
0.918954
1.18426
1.10977
0.788257
0.682145
0.864833
0.8339
0.64823
1.16323
1.07347
0.884934
1.54804
1.37166
1.04112
1.80506
1.35276
0.367044
1.05284
1.51047
1.15956
0.871965
0.972811
0.692243
0.617942
0.855781
0.88112
0.873635
0.773675
0.70779
1.55436
0.63695
0.71485
1.45682
0.674319
0.978483
0.812632
1.01497
0.885288
0.972373
0.720907
0.785448
0.737386
0.694878
0.805139
0.675123
1.27737
0.950818
0.792258
0.769882
0.765318
0.877199
0.908566
0.657922
1.22884
1.00291
0.7887
0.736424
0.890953
1.1994
0.748846
0.754804
0.860317
1.82981
0.668058
0.538363
0.705674
0.948555
1.09072
1.34117
0.636428
0.958839
0.779827
1.12037
0.568444
0.583919
0.722732
0.914106
1.02804
0.784449
0.894839
1.64814
0.814346
0.785579
1.10271
0.590146
0.512409
1.00534
1.04242
1.10449
1.04826
1.29813
1.17906
0.981387
0.942945
1.62153
1.08787
0.996021
1.06486
0.787913
0.89139
0.835296
1.08579
0.885587
1.1138
1.28878
0.682167
1.23435
1.49065
0.713112
1.25766
0.662634
0.766392
1.03585
1.0158
1.18184
1.50446
1.08992
1.33796
0.880139
0.830815
1.46369
0.883582
0.921793
0.998301
1.25751
0.791907
1.09008
0.700218
2.05622
0.622935
1.35525
1.06092
1.39208
0.686345
0.258099
0.860518
0.594853
0.924595
1.3649
0.517022
0.263787
0.453644
0.688653
1.01215
0.634022
0.64974
0.972006
0.774913
0.704229
1.08125
1.25261
0.720188
0.951492
1.08391
0.971237
0.852282
0.702196
1.39117
1.11079
0.668482
0.902209
0.697017
1.84404
1.22544
0.472759
1.49457
1.46351
0.512034
1.14824
0.789902
0.751525
1.18112
1.01951
0.616281
1.11582
1.31556
0.940837
0.674019
1.27576
0.607551
0.584917
1.06221
1.31253
0.913108
1.06683
1.55577
1.34571
0.279707
1.13591
0.766027
1.45086
0.97399
1.31651
1.22501
1.81567
0.686332
1.71628
1.15039
0.819756
0.939921
1.09182
0.725541
1.08703
1.2079
0.616621
1.18596
0.743433
1.63456
0.575182
0.805032
1.24701
0.635558
1.6366
1.07454
1.42912
1.36269
0.680345
1.2088
0.884076
0.655747
1.30297
0.579042
0.987129
1.12871
1.16318
0.998541
0.733398
1.72221
0.311134
1.80305
1.1722
1.67273
1.2023
1.02082
1.35123
0.901333
0.938199
1.21656
1.04859
1.51654
0.735149
0.780833
0.990339
0.878374
0.973084
1.98714
0.731854
1.44877
1.29746
0.789709
0.797086
0.557671
1.09332
0.674605
1.04234
0.969624
0.864796
1.48497
1.17784
1.23679
1.32476
0.967509
1.39547
0.539839
0.628215
0.709261
0.759228
1.3671
1.17138
0.669171
0.684945
1.24937
1.20098
0.73953
1.05457
0.884665
0.969175
0.762049
0.933157
0.909554
1.11294
1.36412
0.720731
0.862044
0.991723
1.88251
1.2697
0.999974
0.662451
1.48675
0.824823
0.740171
1.03268
1.09672
0.927394
1.31198
1.19093
1.23296
0.992461
1.04435
1.2377
1.28406
1.1192
0.751528
0.597681
0.950123
0.955354
1.18966
1.17341
0.939513
0.748497
0.647936
0.859077
0.810221
0.742798
0.737052
0.894331
0.878713
0.759284
0.912267
1.00726
1.02263
0.645831
1.52147
0.694179
0.589864
1.04889
0.871675
1.2479
1.40082
1.40039
0.936071
1.1515
0.606543
0.693428
1.57549
0.470892
1.40242
1.43967
0.731569
0.69037
0.739385
1.27848
0.850895
1.10656
0.872934
0.573046
1.27717
1.54979
1.44691
1.21666
0.80101
1.11795
0.853884
0.982924
0.655056
0.66409
0.791648
1.4874
0.842096
1.00538
0.406919
0.785681
0.764823
1.09943
0.936288
1.80978
0.847999
0.430279
0.667039
0.354616
0.593175
1.33157
1.31916
1.32701
1.33941
0.931534
0.920792
1.57174
0.727967
1.66716
0.712588
0.949639
0.803488
1.48623
0.932653
0.658595
0.686582
0.787964
1.36656
0.93612
1.22552
0.717146
0.853302
1.04486
0.567611
1.02332
1.24456
0.842955
0.846195
1.31073
1.54148
0.658459
1.60461
0.617905
1.00089
0.926761
0.851384
0.677418
0.746769
1.27768
1.34232
0.560245
1.01073
1.0274
0.901139
0.50136
1.43866
0.664149
0.731201
1.00497
0.696695
1.05072
0.691316
0.730082
0.950905
0.828497
1.20374
0.59803
1.2982
1.19978
1.15196
1.30068
0.954681
1.22861
0.709827
0.77739
0.55598
0.717453
1.21178
0.857427
1.51749
1.10261
1.47612
0.552462
0.943523
1.3854
0.694642
0.737649
0.706342
0.824115
0.507409
0.804619
1.06507
0.945493
1.18569
0.883879
1.00832
1.10529
0.630938
0.927205
0.859255
1.00719
1.01509
1.50863
1.30865
0.549796
1.16566
0.78197
1.13836
1.05837
1.0721
1.64055
0.937248
1.20844
0.418792
0.661236
0.839599
1.31321
1.31069
1.0761
1.42524
1.25741
0.59774
0.909348
1.30483
1.23341
0.938441
0.719921
0.958769
1.24154
1.03148
0.795615
0.755339
0.617578
0.725753
1.31813
0.864399
0.597643
0.574684
1.30442
1.39378
0.729752
1.20556
1.0692
0.597013
0.766337
1.32732
0.669813
0.689201
0.423442
0.809045
1.44358
1.36605
0.668153
0.624898
0.783933
1.08189
0.739833
0.797735
0.995887
0.471246
0.908543
1.02299
1.17032
1.478
0.853415
0.521086
1.0867
0.718288
0.761252
1.17281
1.73724
0.91058
0.980114
1.74625
1.05423
0.489025
0.653283
1.49701
1.16773
1.01968
0.853619
0.500415
0.892533
1.43127
1.30929
0.708219
1.16373
1.66034
1.20637
1.05646
1.59174
0.846852
1.18354
1.0486
1.7893
1.2565
0.856604
1.05079
0.809598
1.41555
0.71564
0.94753
0.695308
0.992576
0.908867
1.11381
1.16132
1.00775
1.23705
1.2428
0.801119
0.61334
0.693747
0.624616
0.902297
1.98928
2.14742
1.27893
0.82108
0.770439
1.02604
0.520474
0.942167
0.830309
1.74678
1.13158
1.54786
1.38304
0.744768
1.31964
0.982717
0.707074
0.794353
1.03993
0.959188
0.92335
0.558303
0.853326
0.803906
1.01209
0.859758
0.754425
0.934597
1.38006
0.976183
0.556509
0.357599
1.25686
0.721748
1.35132
0.92155
0.471242
0.808688
1.24678
0.727497
0.947715
1.22179
0.859845
1.84483
0.662646
0.517596
0.915247
1.2228
0.747232
0.746114
0.848929
1.43097
0.973472
1.16451
1.14304
1.05568
0.968586
0.69779
0.832748
0.884506
0.916263
1.36918
0.668044
1.20308
0.564523
0.840904
0.830352
0.843487
0.75914
1.19618
0.826775
1.0641
1.02159
1.44586
1.12187
0.935236
1.04187
0.782808
1.26042
1.2834
1.23247
0.811488
0.905932
1.30024
0.886584
0.665524
1.27079
1.40828
1.08804
1.13537
1.44842
0.794594
0.504497
1.35535
1.39737
0.81413
0.759824
0.816789
1.05563
0.895249
0.82284
0.830174
0.991727
1.0941
0.771328
0.960934
1.16762
0.845405
0.942006
0.604056
1.21953
0.827759
1.03277
0.562649
1.19713
0.510032
1.08158
0.84551
0.751276
0.548288
1.2021
0.658713
1.01853
1.24439
1.07975
1.56612
0.645188
0.934676
0.633214
1.29068
1.33824
1.19433
1.50139
0.845118
0.672709
0.723586
0.95947
0.974809
1.46519
1.2214
0.958293
0.558328
0.678154
0.974865
1.33887
0.887465
1.24498
1.0319
0.915381
0.512
0.782363
1.0185
0.681002
1.49494
0.828399
0.838334
0.605514
0.750617
0.536709
1.42717
1.13667
0.821667
1.57229
0.768435
0.841757
0.665287
0.950637
0.427581
0.922218
0.590857
1.01861
1.26673
0.71947
0.459095
0.517454
0.687514
1.08974
1.37417
0.961622
1.63663
0.857872
0.588176
1.15492
1.48652
0.968887
0.728006
0.774048
1.25399
1.26234
0.669912
0.790744
0.767506
0.722955
0.616388
0.992393
0.901391
1.26558
1.15115
1.13085
1.093
1.07623
0.828688
0.91067
0.561102
0.900458
0.83178
1.08131
0.857817
0.776154
1.32027
1.53424
1.36293
0.776795
0.800865
0.795892
1.07578
1.11717
1.20316
0.910995
1.23721
0.525703
1.74149
1.07171
0.71909
1.8825
1.00683
0.619987
1.23652
0.99463
0.616763
0.845951
1.15988
1.00695
0.760512
1.10939
0.716906
1.14193
0.911665
0.855868
0.850746
0.477309
0.857838
0.874741
0.344787
0.343692
1.1622
0.964552
1.11738
0.996294
1.40819
1.23083
0.673345
0.98646
0.843201
1.12369
1.13417
0.895722
0.994775
1.03191
0.831848
0.999811
0.956045
1.09979
1.32915
0.593372
1.17142
0.881577
1.09643
1.1238
1.69058
0.791236
0.724141
1.02081
0.736224
0.573503
0.873679
1.41811
0.871807
1.22358
1.17937
0.775098
1.24063
1.32583
0.772341
1.29345
0.673191
0.565267
1.35483
1.24139
0.864672
1.07185
1.69033
1.00308
1.67123
0.849998
0.873
1.74978
1.08942
1.15111
1.14109
1.02997
0.535911
0.83743
1.23407
0.631411
0.685409
0.608386
0.856053
1.443
0.720982
0.62473
1.10576
0.525809
0.480162
0.851159
0.980304
0.764268
1.51273
1.61887
0.88629
0.803382
1.08191
1.20454
0.919267
1.02737
1.02022
0.924559
1.1076
1.74347
0.812595
1.0805
1.00504
0.948453
0.890029
1.15468
1.04933
0.806497
0.883988
1.00002
0.806451
0.711915
0.791793
0.829651
0.594663
0.474224
0.623029
0.785749
1.38519
0.667631
1.13195
1.01402
1.04849
0.989939
1.17032
0.812449
0.562859
1.30819
0.997838
1.17529
0.969766
1.1456
0.604046
0.590254
1.04695
0.845033
0.703482
0.922285
0.797452
1.14217
0.695036
1.09637
1.16389
1.10878
1.18118
0.713211
1.10008
0.746105
0.822293
0.905926
1.3304
0.430368
1.39497
0.682193
1.28799
1.07669
0.776023
0.812151
0.563412
1.00202
1.03598
1.49862
0.60275
1.06802
0.679207
1.07168
0.949935
0.961807
0.61495
1.1589
0.935197
1.31699
0.835654
0.867602
1.41861
0.708329
0.80204
1.11513
0.937483
0.982344
1.28897
1.17225
1.36891
0.854316
0.568088
0.763823
0.724687
1.71151
0.814605
1.1661
0.879612
0.729075
0.64327
0.906958
1.36996
0.812289
0.973511
1.0805
1.13516
1.12756
0.794544
1.17044
1.44684
0.827081
0.73986
0.887795
0.699295
1.15297
0.92076
0.838736
0.72229
1.06639
0.786264
0.515499
1.55337
0.809232
1.05486
0.949902
0.962067
1.22271
1.09224
0.467785
0.889705
0.931079
0.866605
1.18757
0.936251
0.948686
0.780071
1.17939
0.746941
1.71993
1.30355
1.14731
1.1402
1.06008
1.0636
1.01003
0.635482
0.693559
0.798782
0.60191
0.446536
1.16454
1.03389
0.953132
0.946352
0.549187
1.12533
1.35984
1.10307
0.842773
0.550816
1.13766
1.15035
1.00596
0.931736
1.19744
0.550554
0.897252
0.950712
1.50095
0.766628
0.812464
1.4391
0.948743
0.841845
0.884261
1.5675
1.03963
1.14362
1.07808
0.910106
0.862141
1.25649
0.327717
0.583544
1.15359
1.07521
0.89312
0.645578
0.84885
0.934908
1.28592
0.774052
0.577198
1.20956
0.677109
0.73027
0.87221
0.918371
0.551749
0.958856
0.756022
1.0769
0.818104
1.27528
1.06317
1.12469
0.795629
1.04349
1.32972
1.18555
1.16733
0.654497
0.832878
1.02326
0.93648
0.782356
0.882119
0.857284
1.161
1.41507
0.660416
1.0464
1.04201
0.744296
0.994662
0.685549
0.940243
1.35562
1.20122
1.15546
0.446597
0.903659
0.682168
1.48787
0.673591
0.674787
1.52712
0.704912
0.867155
1.06932
0.473091
0.956836
0.811674
0.808466
0.919457
0.858805
0.863021
0.89412
0.995382
0.807999
1.07577
1.55184
0.727489
1.0515
0.976741
0.769149
0.747017
0.500422
1.27496
0.709734
0.825664
0.861714
0.549117
1.09019
0.945851
1.47674
0.737998
0.41492
0.95234
1.03941
0.854798
1.7459
0.776913
0.986409
1.1652
0.568153
1.53837
1.32869
1.12134
0.766707
0.495875
1.34693
1.70362
0.525012
0.561517
1.0715
0.618754
0.613611
1.72845
1.1296
0.767123
1.0519
0.733571
0.754715
0.872523
1.43609
1.55175
0.746042
0.665613
0.940498
0.919409
0.741261
1.29421
0.831209
0.591893
0.7323
1.05041
1.11797
1.19591
0.865337
1.15212
0.826604
0.577158
1.28756
0.925119
0.913078
1.09464
0.843888
0.761827
1.34743
0.876033
1.3871
1.72316
1.21443
0.789064
0.904489
0.752054
0.988156
0.906259
0.917493
1.01991
0.859351
0.706459
0.544816
0.39759
0.544833
0.712366
1.24165
0.837163
0.767666
1.09487
1.33589
0.988771
0.461899
1.5747
1.47448
1.22832
0.78955
0.923546
1.10017
1.03519
1.34886
1.54308
0.871036
1.85142
0.834928
0.441311
0.686676
0.95599
1.38019
0.931025
1.03161
0.958531
1.09448
0.933082
0.725928
0.995204
0.92557
0.312903
1.48399
0.602787
1.01867
0.964055
1.22764
0.708306
1.24217
0.898386
0.968876
1.52313
0.746579
0.632344
1.27113
0.925397
0.981043
1.25916
1.10179
0.925325
1.04571
1.07813
1.31094
0.593511
1.29977
0.774215
0.962999
1.28181
1.02319
1.83578
1.54004
0.603428
1.17077
0.879149
1.21683
1.08579
0.775944
0.746563
0.907869
0.652239
1.85114
0.52304
1.28992
1.17401
0.767915
0.818366
1.3741
1.03231
0.73693
0.64301
0.542453
1.27316
0.96923
1.47271
0.894608
1.42283
0.988336
0.941659
0.838754
0.489937
1.28454
0.973057
1.16649
0.96247
0.676912
1.57809
0.937608
0.720329
0.94344
0.835012
1.0504
1.15863
1.10742
0.770902
1.38678
0.65421
0.748939
1.77196
1.44325
1.14392
0.689006
0.985728
1.31875
0.714351
1.09516
0.860976
0.846378
0.478111
0.746137
0.487359
0.481387
1.28639
0.818261
1.65569
0.953701
0.961493
0.72608
1.19487
0.772547
1.24394
0.938641
0.842426
1.03023
0.610075
1.18299
1.04623
0.491726
1.54772
0.649136
1.10189
1.33078
1.0768
1.06864
0.692444
0.957592
1.49415
0.834498
1.22574
0.780525
0.723887
0.768016
1.27248
1.15662
1.4041
0.814119
1.00878
0.628302
1.25651
0.941883
0.623486
0.781371
0.773978
1.29138
0.643771
1.02618
0.826584
0.92364
1.53265
1.08696
0.93667
0.58522
0.763672
1.15125
0.432515
0.575875
0.670497
0.845765
0.800764
0.676096
0.786132
0.75355
0.970108
0.791513
1.17673
0.85598
0.776771
1.11532
0.807668
1.18903
0.742001
1.37149
1.6049
1.65513
1.21622
1.67425
0.659645
0.571883
1.35133
0.949014
0.964136
1.03091
1.00016
1.36228
0.728598
1.01696
0.617169
0.670116
0.982818
0.698449
0.885295
0.958077
0.620723
0.720622
1.10437
0.80479
1.07965
0.554567
0.659392
1.54724
1.04383
0.765038
0.81749
0.997808
0.979031
0.871027
0.801983
0.807653
0.907941
1.2429
0.869792
0.905554
0.681482
0.791799
1.20324
1.46353
1.01178
0.844014
0.780408
0.773937
1.81815
1.54745
1.19174
0.834414
0.574626
0.885948
0.518813
0.894886
0.695919
1.65792
0.572653
1.09844
0.572492
0.64045
0.575099
1.05372
0.964565
1.53622
1.05646
0.741232
0.853947
1.06629
0.708393
0.77515
1.09431
0.894548
0.733197
1.18994
0.702461
0.884097
0.494927
0.724398
0.618876
0.607448
0.639138
0.691464
1.11643
1.02821
1.38684
0.66858
0.987081
0.628495
0.758735
1.01652
0.788534
0.564608
0.900729
0.676663
0.980632
0.647035
0.835781
1.24166
0.65109
1.71216
1.0159
0.784504
1.17611
1.22085
0.833775
0.851819
1.12617
1.352
0.959039
1.57377
1.40016
1.58742
0.873503
1.17957
1.35376
1.94843
0.979076
1.58356
1.03548
1.14842
1.6183
0.912754
0.645505
1.19435
0.612591
1.1347
1.01662
0.387677
0.716753
0.856997
0.728018
1.09933
0.843766
0.854582
0.663023
1.12985
1.16729
1.87574
0.536978
0.95321
1.22244
1.34621
1.34112
0.992082
0.888299
1.68937
0.614441
1.05308
0.762569
1.02192
1.50504
1.125
1.38303
1.26368
1.22374
0.803766
1.16266
1.51399
0.616734
0.89573
1.42584
1.44317
0.858634
0.801544
0.689755
1.10661
1.97264
0.755819
0.61451
1.22881
0.55857
1.08434
0.71063
0.644094
1.82175
0.780241
1.80176
0.743504
1.28005
0.73479
0.614756
1.36591
0.942395
1.51046
1.11614
0.938253
1.86998
1.11132
1.20688
1.72231
0.918249
0.699236
0.876913
1.27188
0.86406
1.40274
0.465569
0.662166
1.04127
0.503511
1.02361
0.963064
0.96387
0.692333
1.21551
0.979829
1.52795
0.67146
1.54338
1.08927
0.715603
0.844
0.92188
0.841797
0.990967
1.31259
0.938252
0.991999
0.651708
0.722417
1.48145
0.552935
1.30891
0.849784
1.15771
1.11121
1.30373
0.737255
1.416
0.701364
0.993589
1.3365
0.799612
1.10312
0.654234
1.03129
0.747912
1.02728
0.953409
1.09469
0.553503
0.331742
0.718804
0.516741
0.849656
1.15008
0.778166
0.904665
1.03199
1.44084
0.931084
0.499618
0.851978
0.999902
0.489216
1.20384
1.55168
1.71035
1.02884
0.826616
0.910936
1.01455
0.859138
1.2826
1.14286
1.01886
0.490395
1.02033
1.16779
0.749536
1.06247
0.773313
1.45245
1.28028
0.769966
1.53502
0.833827
1.29485
0.402235
0.367569
0.957122
1.21508
0.558619
1.1332
0.877258
1.0812
0.933263
1.53992
1.04223
0.89783
0.557581
0.493117
1.19235
0.685967
0.780402
0.964166
0.517982
0.620861
1.03065
0.988887
0.930233
1.26631
1.19184
1.28498
1.21592
1.52751
1.09775
0.409985
1.14281
0.853172
1.55033
0.906931
0.743481
1.05445
0.789221
1.18836
0.90072
0.318381
0.789572
0.862804
1.22039
1.11309
0.919994
1.05391
0.565818
0.822547
0.774166
0.75543
0.603044
0.745691
0.986903
1.73045
0.982762
0.836795
1.02801
1.17197
0.81126
0.948118
0.806024
0.610698
1.18721
0.926592
0.556318
1.24413
0.936032
0.910196
0.987901
0.857577
0.823413
0.73161
1.2128
0.472167
1.10238
0.574184
0.792531
1.05963
0.889661
0.876929
0.664606
0.971859
0.660495
0.436202
0.85085
1.05274
1.12579
0.662689
0.948508
0.340638
1.54705
1.2421
0.540954
1.03941
0.732159
0.665432
0.840372
0.78471
0.782881
1.35831
1.81683
0.765393
0.973539
0.568522
0.766993
0.615569
1.23857
0.773606
1.10667
1.29556
0.969539
0.730083
0.993482
0.683945
0.861351
1.27516
0.868221
0.590004
0.762872
1.3493
1.32994
1.06393
1.05201
1.07339
0.87924
0.698302
1.01884
0.526492
1.00563
1.02784
1.06414
0.711145
1.25589
0.869518
0.926282
1.36275
0.894144
0.698317
0.964428
1.2681
0.777847
1.25991
1.68205
0.742021
0.871391
1.62637
0.781771
1.34762
0.67691
1.19785
1.02604
1.42442
0.581788
0.680361
1.19078
0.431786
0.902057
0.808095
1.20676
1.04056
1.05207
1.07248
1.308
1.05529
1.28604
0.913241
0.95968
0.580922
0.73228
0.640423
1.29522
0.974436
0.516002
1.82613
1.22862
1.14508
0.864674
0.594716
1.12947
1.08631
0.980416
0.838291
1.03318
1.37318
0.997118
0.759907
0.816768
0.72479
0.551256
1.10069
0.860223
0.544539
0.972605
1.09885
0.783852
0.916774
1.03071
0.511303
1.24514
1.15148
0.650663
1.03596
0.480353
0.869003
1.26173
0.743977
1.38594
0.797247
0.454679
0.731045
1.19465
1.30637
1.14144
1.20555
1.06686
1.05451
1.13694
1.03002
1.14694
0.608447
1.69099
0.889818
1.17504
1.99599
0.546987
0.771569
0.527296
0.92619
0.729709
1.03754
1.25466
1.29294
1.49556
1.20566
1.28603
1.05183
0.68634
0.994088
0.902106
0.764282
1.56153
0.434446
0.783947
1.1952
0.908386
1.85647
0.675824
0.449532
0.594824
1.09038
1.00569
0.482757
0.856462
1.12643
0.826234
0.691945
1.22617
0.829813
1.50746
1.3695
0.954853
0.885961
0.999783
1.3062
0.549896
0.972112
0.822819
0.980863
1.11354
1.07671
1.36802
1.08398
0.524815
0.806949
1.2833
0.797243
1.41349
0.955364
1.17517
1.14975
1.34741
0.727061
1.20853
0.856437
0.925754
1.25707
0.930446
1.26878
0.846814
1.2728
1.29424
0.96266
1.49183
0.754439
1.06993
1.39477
0.690585
0.62598
0.733173
0.893212
0.658922
1.29678
1.29335
0.884414
1.32704
0.9483
1.28991
0.910269
0.763408
1.19872
1.27698
0.78752
0.678172
0.863027
1.39985
1.15052
1.52544
0.93824
0.740899
0.936537
0.994269
0.891424
0.930533
0.777161
0.398329
0.825603
0.808241
0.927428
1.09036
1.12716
0.741894
1.10378
0.88237
1.28008
0.725628
1.18911
0.70695
1.26785
1.16289
1.42054
0.968967
1.13279
0.825191
1.24916
1.15285
1.45847
0.76374
1.52712
0.613374
0.968933
1.14929
1.0686
0.897566
0.99933
1.21562
0.765557
0.783671
0.504287
1.28881
0.909443
0.412932
1.36289
0.986035
0.411895
1.36196
0.941551
1.19298
1.07293
0.676143
1.09112
1.40858
1.7537
1.22876
0.94861
0.794556
1.08046
0.891518
1.35042
1.07786
1.05805
1.15012
0.84461
0.60302
0.724376
0.98697
0.675812
0.95945
1.42473
0.943866
0.958455
1.06192
0.678321
1.38848
1.36837
1.01229
0.61273
0.798289
0.467359
0.859464
1.28021
0.660656
0.905257
0.665
0.512947
1.03359
0.505411
0.773712
0.934922
0.483925
0.799747
0.928957
0.994184
1.16369
1.0488
1.38392
1.34228
0.810942
1.14102
0.733673
0.817626
0.703977
0.958305
0.949967
1.43187
1.10768
0.929657
1.66423
1.0131
1.08989
1.12208
0.662378
1.26927
0.700627
0.876977
0.625
0.920075
1.27712
0.968264
1.13825
1.20729
1.29446
1.50074
0.606697
0.496828
0.595716
1.60247
0.984279
0.665593
0.941742
0.795334
1.29671
1.20782
0.762322
1.55836
0.548435
0.990747
1.01956
0.898564
1.48133
0.706157
0.952653
1.21905
1.25447
1.7024
1.55581
0.841858
0.801597
0.670745
0.521068
0.973553
0.991976
1.19502
2.00447
0.492344
0.914257
1.47315
0.815462
0.589777
1.08736
1.36857
1.11439
1.57327
1.66613
1.01465
1.58255
0.839327
1.28157
0.570298
0.935208
1.02554
0.823378
1.00765
1.29373
1.59209
1.07845
1.53651
0.96685
1.08219
1.20561
0.785292
1.18065
0.651039
1.05552
0.842625
1.44828
1.33243
0.584305
0.626663
1.18822
0.797181
1.21548
0.794888
1.04114
0.795758
0.766696
1.45696
0.852157
0.563843
0.77043
1.39068
0.902355
0.870382
1.31129
1.26332
1.23758
0.659263
1.26426
0.996816
0.560846
1.06533
1.25902
0.410116
1.33098
0.843155
0.970167
1.15775
0.956565
1.70463
1.26655
0.632023
1.00222
0.99901
1.33414
0.675864
0.868755
0.7216
1.38651
0.775643
0.869702
1.35565
1.24085
0.938201
0.711652
0.956475
1.10499
0.779707
1.02969
1.05612
1.38483
1.04696
0.717848
0.654856
0.734077
1.02231
0.919186
0.773392
0.88485
0.688313
0.82783
1.28915
1.14547
0.978125
0.964604
1.32662
1.753
1.14906
1.24465
0.415081
0.789312
0.979937
1.01383
0.833549
0.757075
1.08622
0.853678
1.02045
0.737581
1.26867
0.815314
0.951321
0.955985
1.82139
0.461476
0.60446
1.02215
0.820429
0.367937
1.03467
0.651187
0.720179
1.17029
1.21883
0.866987
1.52883
1.4015
0.476939
0.710982
1.08381
1.32374
0.826163
1.06781
0.782751
1.15325
1.32509
0.67479
1.10663
0.741274
0.657123
0.771106
1.47874
1.28452
0.571961
0.801888
0.688765
1.27573
0.87735
1.64906
1.00532
0.822746
1.43216
1.31405
0.860233
1.9567
1.44067
0.997248
1.04453
0.897745
1.58053
1.46572
1.01004
1.32607
0.825192
1.67236
1.36928
0.489468
0.530712
0.723588
0.47441
1.37364
1.4093
0.70125
1.38963
1.41872
1.26876
0.978298
0.722968
1.00265
1.25209
1.46565
1.35926
1.78562
0.750585
1.0052
0.5377
0.778965
0.681433
0.778142
1.47973
0.747896
1.24237
0.892938
1.38721
0.976798
1.02225
1.18499
1.2958
1.04483
0.488935
1.00787
1.46107
0.915186
1.22901
0.413603
0.630331
1.53704
1.46309
0.72725
1.57011
0.74954
0.912657
1.105
1.13879
1.00824
0.460453
1.38536
1.08847
0.470081
1.40835
1.0229
1.23729
1.06853
0.981392
1.0342
1.23035
1.29482
0.78529
0.926999
0.791795
0.973089
1.21308
1.27134
1.0368
1.12058
0.831638
0.622617
0.317773
1.04262
0.901663
1.2718
1.20583
1.07122
1.16881
1.23725
1.41445
1.21534
0.820914
1.22572
0.301124
1.39154
1.15754
0.515512
0.904655
1.27944
0.867962
1.08423
0.659751
1.6809
1.50513
0.533421
0.72036
0.667944
0.832258
1.62783
1.10087
0.970739
0.933677
0.685705
1.09959
0.689275
0.843209
0.977615
0.606134
0.561206
1.20164
1.46453
0.957891
0.94004
1.0274
0.736831
1.12389
0.840449
0.655062
0.70445
1.61959
1.25123
1.49627
1.05423
1.23684
1.02476
0.515466
0.820937
0.836626
0.903178
1.18022
0.910203
0.63326
0.787418
0.832048
1.08713
0.781842
1.04673
0.658684
1.60302
1.2848
0.520471
1.59482
0.79534
0.764664
1.42116
0.88084
0.549396
0.884527
0.686944
1.29949
1.12101
0.779675
0.739094
1.39928
1.19541
1.01495
1.23419
0.643
1.64285
1.52607
1.61041
0.889641
1.5495
1.11121
0.828098
1.32257
1.16557
0.551173
1.23774
1.04261
1.18749
0.592985
1.39582
1.22779
1.09494
1.12805
0.748896
1.40933
1.06451
1.46338
1.02257
1.2123
1.10426
1.48388
0.970477
1.24727
0.893158
0.46386
0.751046
1.05561
0.96611
0.663502
0.998242
1.11044
1.30961
0.606475
0.824693
1.47476
1.57725
0.738187
0.946491
1.00397
1.47438
1.33659
0.735104
0.763991
1.49599
1.28185
1.10099
0.968385
1.22086
0.551685
0.884941
1.49848
1.36462
1.17433
1.34642
0.961594
1.07816
1.08684
1.02227
1.03391
1.31267
1.03572
0.727087
1.06417
0.844719
1.44598
0.525776
1.11097
1.10946
0.955439
1.89222
