-50.3585
0.324749
0.0449069
1.15854
-2.73556
-7.28578
7.78292
0.163594
0.492571
0.3265
0.243402
-0.676619
2.28114
-0.343386
1.30295
-1.44803
-0.815847
-0.177093
-0.133477
-1.30228
-11.2629
0.124394
3.01736
0.371259
1.5349
-0.060311
3.68933
1.41968
-0.988676
-0.0514928
-0.35055
0.274583
-3.10766
0.797348
-1.31254
1.38098
-0.741835
0.755485
0.0970528
0.455531
2.09486
3.06476
-1.2839
1.00856
-0.263137
2.70746
-0.571461
144.03
1.51561
1.47831
0.675155
-1.89074
-0.69009
1.43516
2.62321
0.339277
-1.11507
0.0664144
0.222717
0.65424
-2.41113
1.31206
-0.0619067
-4.07705
-5.76974
-0.0178878
-4.57243
-0.188311
15.4886
2.29558
-0.663095
18.3584
0.830686
-8.44151
-0.231607
1.08836
-3.14791
0.135398
0.00899486
-1.27919
4.9576
-0.0285818
-1.5358
-1.3001
-0.0966255
-0.594704
-19.6699
-0.123055
1.88145
4.60226
-0.545982
0.0447502
2.61363
-0.953674
-1.02929
2.76566
-0.694052
-4.08822
0.272902
-0.303566
-1.7135
0.17817
0.659223
1.86408
0.343715
-0.108696
-24.8037
-5.74429
-0.719809
-1.79982
1.49865
1.4691
-1.65284
-1.05207
-0.0266177
1.03928
-0.272876
5.63827
-0.719447
-3.33473
269.841
-0.910383
-3.4225
0.370344
-0.489634
0.71374
0.268889
-0.352684
2.2172
0.810208
1.6993
2.80237
0.530156
7.39349
-0.181614
0.470571
2.73607
-0.673167
0.733395
2.79243
0.27765
2.25497
-1.25707
-0.2932
-5.65933
4.40667
1.40956
0.591944
-0.819556
-0.654422
-0.108522
1.56707
-0.277307
-1.20815
1.13657
0.947819
2.38499
-2.07456
-0.456611
-0.811846
20.259
2.9919
-1.4628
0.574745
1.42953
0.605139
4.45058
1.8308
2.41195
-0.143217
3.92467
0.908481
-1.09971
-1.6755
39.8844
1.70209
-3.67839
-0.483082
0.935787
16.2973
0.835072
0.529018
-2.30206
-0.8135
1.7712
-1.36424
0.0474516
0.418178
0.680475
0.352309
1.49078
-3.64339
-0.0929615
1.27652
-1.34185
2.44097
6.10926
1.02041
-0.845413
-0.0378715
3.32163
-1.55105
0.148018
0.886763
4.93071
0.636837
-2.38865
-2.13411
0.0201672
0.121843
0.320646
-1.25584
-0.29106
0.280999
-0.0866203
-0.681674
0.860838
0.344945
0.13702
2.72324
4.40852
-0.710889
-0.72183
-2.69996
-2.28316
-2.54709
-2.58903
2.20326
-1.39459
-0.974132
1.3027
-10.7088
1.42398
-12.5583
0.249648
-3.36611
0.167919
-2.3353
0.224531
5.42062
-0.197363
1.03995
-0.11497
0.0171546
0.206568
0.138861
0.513187
-1.26098
-0.340564
0.250319
-1.93451
-0.994102
-1.93425
1.5126
-0.598226
-0.959339
-9.48044
-2.73352
3.34906
0.566691
0.404427
-0.465271
0.529894
-0.588065
9.0992
0.530295
1.47693
1.60003
0.116767
1.23445
-4.98266
-0.123101
-0.208171
-1.19186
-1.08093
4.02458
-4.0537
-0.52817
4.488
-1.64726
-3.63195
0.593985
0.640855
-0.314322
0.585013
-1.54604
-1.09943
-1.15799
-2.62708
0.202568
1.27019
0.411419
0.503528
0.562566
-0.268589
-1.45529
2.38315
0.640965
1.36045
-0.0255985
8.83983
-0.562449
0.933523
-0.691636
-0.389575
-4.06889
0.990131
3.20486
0.245266
1.11715
2.95249
1.20834
-8.32406
-0.086405
-0.938666
5.58299
1.21412
-0.651769
0.134171
-4.88348
-0.489312
4.71285
0.94902
1.83287
-0.167425
2.88706
0.578553
-0.403704
-1.04906
-1.21435
-0.119516
-6.00015
2.26394
0.879372
-0.367873
18.2614
-1.81226
-0.426187
3.2993
2.9699
0.167385
-1.96983
-3.71393
-2.09656
-0.475564
-0.364362
2.34057
-0.454245
-0.762345
-1.76278
1.2224
-1.2943
-2.2086
5.3802
0.296706
0.0351276
2.10979
1.67466
-0.898728
-0.694804
-3.82704
-0.115695
1.92412
0.0609648
1.16696
2.2916
-0.913551
-0.00415177
-0.0819665
-8.76596
0.29808
-0.498776
-3.39597
-1.42605
-0.627551
-0.385759
-0.336976
0.96365
-0.747406
-0.226067
-2.06072
-0.959617
0.131525
-1.06694
-3.84317
-5.49061
-0.669004
0.0144629
-0.132731
-0.198144
-1.95069
0.363933
1.23
3.64361
-0.174431
-0.124211
0.75098
0.499383
-0.0205054
0.54882
0.0474946
-0.368643
0.260668
-2.61862
0.639396
-0.170052
0.331321
-1.25958
-1.35643
2.27906
1.3024
-1.57358
4.32662
0.000700893
-0.197487
2.40439
0.571703
-5.74623
-0.331362
1.29012
-1.27353
1.6303
-1.1201
-0.483099
0.207912
-2.21041
-0.273762
0.670287
-9.58872
0.770471
0.699149
-0.387672
-1.22849
7.66645
0.467068
-0.360587
3.6334
-2.03027
0.0429962
-0.607453
-3.52439
-0.315574
0.0264324
-0.456443
-0.477436
0.666002
0.0937375
0.0474999
0.369043
22.9784
2.30852
3.66657
-0.0297103
0.161361
-2.33024
2.18657
8.35762
0.136945
0.308045
-0.654614
-0.250923
8.74248
-9.10547
1.43893
-1.86441
-0.0760934
0.1847
-0.169277
-4.42604
0.201373
2.52064
1.71259
-1.23748
-0.478591
-0.168675
1.98908
0.485247
-3.15331
2.38982
0.891822
-0.298566
-0.659005
0.941822
-7.85381
-0.782878
-0.83273
0.882574
10.1531
-0.52157
-1.68849
-2.20208
-0.0879987
-0.508288
0.33521
-4.49163
-0.0749326
0.548586
0.482453
1.98445
0.0623193
1.08408
-2.08525
1.63387
5.56075
2.75848
1.78355
-1.55095
1.45374
-0.330429
0.293816
0.0943123
14.173
-0.640043
-2.42983
-1.30495
-0.168014
9.67646
0.353386
5.11828
12.1612
-0.185594
-0.0985137
1.54336
-0.36501
-0.544097
-0.317821
-0.620624
0.237658
0.366749
0.638718
1.20008
-1.61019
1.85409
1.7157
0.866802
-0.405759
-0.141341
-0.417331
2.95891
-5.19795
-1.7862
-1.18786
0.0298142
-5.81437
-0.023321
-7.32674
-2.34997
-15.0481
-0.374459
1.04309
-0.0600777
-2.30695
0.884967
-1.10357
1.19977
0.0561594
0.820487
-2.72177
-4.91681
-1.94699
1.37247
-0.1273
2.53915
5.32163
3.4647
0.849309
-0.546938
-0.406716
0.174767
-1.06093
0.152886
-2.42659
-2.23529
3.08476
-255.709
1.01462
1.50568
1.53549
-0.36423
5.29754
-0.45609
0.354518
-0.104127
0.174552
-0.455783
0.721119
0.154188
-0.0200392
-4.58113
-0.23281
-0.083943
1.89681
-1.19663
2.07257
24.4724
0.150924
4.0321
1.33391
0.11218
10.6899
0.0215067
0.264976
-2.6667
0.0732883
-0.264188
-1.96155
-2.78382
0.0832535
-3.06914
0.236502
-1.27265
0.864546
0.915322
2.58283
0.0550619
-0.193443
-0.0288761
-1.3195
-0.600503
-15.6253
0.723797
0.9773
-2.15746
10.4416
-2.04486
-1.61085
0.0461085
-0.224882
1.94942
-0.319637
-1.0958
0.468337
1.02564
14.1786
22.9314
-1.10153
1.83007
-1.67629
0.18703
-0.0836366
-0.987392
1.54091
-8.87199
-0.281729
0.79332
0.354547
-1.68613
-25.0184
-2.44586
0.244229
-1.48818
-0.248029
68.1326
0.0336187
-1.16279
1.90801
1.17603
0.181845
-10.2857
0.627754
-0.183202
0.560421
-0.383515
0.548004
-1.62786
-26.0007
-1.71023
2.3562
-0.898642
13.8043
0.672295
-0.725702
-0.370963
2.01276
-0.407463
-0.351321
1.27995
1.05964
-1.12262
0.101421
-0.952192
-0.195902
-1.16764
2.80816
0.383629
-0.0862765
-0.749886
-2.30309
1.31339
-1.90849
-1.49854
0.895084
-0.192179
18.0684
-0.031753
-0.520687
-1.00201
0.322964
3.43252
-0.155973
-64.8963
0.734069
1.46982
0.504601
0.514179
-1.39743
-9.708
0.129703
4.17628
-0.0605075
0.681233
-0.20572
1.09449
-0.15875
0.520882
-0.0403981
-1.06313
1.21888
0.160865
-0.668233
-5.86565
-3.11214
0.281997
1.41831
-4.13887
-0.283903
-1.10676
0.829717
3.65877
2.1759
3.0631
-1.12627
-2.94158
5.80283
-7.59581
-0.645713
2.69023
-3.25637
-4.58335
0.213962
-0.448401
-0.201983
0.435884
9.15384
-0.214114
0.366912
-0.228428
-0.876864
-0.341118
-1.86379
-0.164568
0.180169
-1.02267
-0.731481
-2.82363
-3.68462
-1.5858
-2.68918
-3.44595
-0.73823
-7.02415
-0.438104
-0.166471
0.983435
0.0547009
-0.759194
-0.0658161
-0.979788
0.644228
-1.03471
-20.3285
2.23965
-3.41184
7.21338
0.386168
-0.45744
0.00869765
6.39868
-0.390593
0.971821
-0.77895
-15.6321
-3.86356
-1.16003
-3.33765
-0.200017
2.18009
-0.627293
-4.0535
-0.779767
1.82024
-1.44815
2.27965
-16.7582
-0.13238
-0.535837
-1.83729
0.156344
140.625
0.915308
-0.395865
-0.736988
-2.91074
-1.06155
0.477589
-3.92546
4.98083
-0.151259
-1.46392
6.93131
-8.67562
-0.643408
1.23019
8.01552
1.83737
-1.4937
-0.539688
0.412701
0.443747
-0.103934
0.524134
1.43083
-0.0280247
-0.191957
1.56958
-0.182709
-0.140656
-0.898325
-0.6541
-1.34033
-1.32194
3.40168
1.23143
1.21342
0.192807
-2.68417
1.32952
0.618828
-0.156968
-4.26
0.226848
0.28383
0.194018
-1.1253
2.81684
1.65301
19.5974
-1.22165
-0.529407
-0.291178
-5.74975
-0.719055
-1.26618
-22.2545
16.1571
-0.210543
-1.90801
0.858998
0.193035
1.02024
2.0675
-0.412291
-0.36189
1.15212
0.145677
2.33502
-0.00726617
27.1578
0.777107
0.932644
0.688229
-0.0224649
-14.063
0.0405166
-0.0285695
2.92657
1.13898
-22.4652
-0.0621412
0.694016
7.35642
-0.984287
-0.516071
-0.102926
-24.1622
-3.4068
0.88112
7.75761
4.83487
-0.623673
0.645896
-1.52722
0.232814
-0.950888
-2.23363
1.73852
-2.12288
-0.426379
-8.26023
1.6272
-0.394787
-26.3764
-34.768
-7.69565
-1.11959
1.73211
1.55614
0.309852
-0.229354
0.529891
2.42827
1.15906
0.899162
-8.65725
0.425671
-29.7739
-2.98933
2.19636
-2.14206
0.718031
-0.650274
-0.351997
-0.236966
1.5887
-3.39681
12.4044
-0.361079
1.43436
-0.754605
-0.672615
-0.00103246
0.351203
0.00705739
0.401315
-12.4704
0.410439
-6.19018
-2.585
1.43225
-1.15747
0.412745
1.75159
1.70612
0.62026
-0.42643
5.08427
-4.7537
-5.67852
-0.591172
1.48847
-2.73429
-0.563679
8.25552
0.0358795
-0.126924
3.87672
-1.88268
-0.0929811
-2.1353
3.48951
2.24041
-7.11243
8.46509
2.34326
-7.30483
1.70201
-0.832239
0.458004
-1.09628
-0.532048
1.99185
12.1108
1.34464
0.737962
-0.965781
1.10673
-0.79354
0.0557513
0.326732
1.30591
1.34565
-1.64513
51.7097
-1.023
-0.400761
0.7337
-0.647521
0.89326
3.68618
0.724189
-1.93943
1.60048
-12.7082
-3.03876
-0.528603
3.09436
0.250716
-0.736397
-1.30499
0.57795
-2.60814
0.600516
1.21952
-1.66094
2.31085
1.87106
0.00841023
-3.94216
-0.128074
0.222171
1.08115
0.0678533
0.609498
0.593956
1.30445
0.628373
1.91686
-2.33751
0.0650779
7.60524
0.432189
0.266324
0.369521
-16.8677
0.240386
3.87621
-0.27719
0.918271
-0.583353
-0.462087
0.23611
-0.2339
-4.74161
-141.689
0.807137
-0.922741
-0.330358
0.774625
0.144936
-4.15482
3.32863
-0.235369
-1.80641
1.01206
1.0286
0.388962
0.860684
-3.59619
0.589452
0.0845893
-0.666063
2.60618
-1.55737
0.0966756
-1.35887
0.163989
1.48711
-0.400201
-0.652034
-1.13404
6.13928
-4.33906
0.517271
-3.16136
127.446
-2.0617
0.819045
0.378573
0.679865
-1.08205
-0.225278
-1.58022
-0.908975
-0.0552891
-1.73165
-0.763281
-0.63105
-13.1865
0.184138
-0.0567188
-1.32955
-8.35617
0.926069
5.70578
-1.15029
-2.49952
-0.148771
-0.899976
0.614711
-0.576548
0.970356
-2.25616
-2.06451
0.809996
-3.42042
0.8037
0.401812
0.242508
-1.99813
0.611567
-0.43453
-0.49747
-10.6843
0.736292
0.47422
0.282452
-1.28094
-0.771824
-1.27425
-0.185886
0.393222
-0.136172
1.61979
-0.0563473
-0.915418
14.6598
-0.246331
0.60061
0.997046
-1.51839
1.76065
-2.24036
-1.1622
-1.30743
-1.05959
0.294731
-14.9481
-0.709193
0.230434
5.72676
0.238764
3.18526
1.04839
0.319284
0.0248035
-0.18525
-0.603524
-2.77837
-1.22768
-9.48451
-0.460073
0.199695
-0.918434
-0.6628
4.31184
1.8367
-0.81971
-1.17802
3.57872
-0.0473887
98.2217
-0.360037
-0.56638
-0.332674
1.66633
0.943252
56.2602
1.05571
0.341899
0.556631
-1.35495
-0.312351
-38.936
-0.520332
-1.16078
-0.805467
-0.0620859
-1.07036
-17.6494
0.992884
-0.431406
1.3063
-0.791293
-2.41613
-24.9074
-1.35537
0.0522511
0.866208
0.0756035
0.629132
0.768825
-0.0137806
0.327928
2.69265
-0.291367
1.45676
0.364192
1.32826
0.439641
-1.19346
-5.64475
-0.404452
0.0537263
2.55768
0.535116
-0.0574785
1.41579
1.09125
-3.1548
0.658678
0.371218
-1.5777
0.092961
0.642099
-0.323607
5.4602
1.60338
0.676645
6.18976
-3.43877
-2.36596
1.95371
1.33691
0.255972
-0.700798
0.834504
-0.516395
0.85087
-0.245254
0.504672
0.333651
0.611728
-0.343481
-0.613462
-2.374
1.21314
1.91593
1.32011
1.15131
-2.9248
0.7907
-3.81549
-17928.7
0.46662
1.02278
-0.0378124
-4.99793
1.76264
-1.00031
-3.55015
2.24081
0.172805
0.44922
0.270086
5.23685
-2.36108
0.0602603
18.8433
-2.19318
0.528696
1.0155
1.47307
-0.00727943
0.846389
-0.947193
-0.672248
0.00044765
0.868403
1.31757
-0.941121
1.98906
0.0401897
-9.46875
-27.5635
-6.91111
1.89679
1.02829
-0.222737
-0.450896
-3.1527
4.11063
1.17637
0.0541991
0.209241
0.0136268
1.31289
26.7232
-1.23816
0.0960758
0.709833
-1.58311
0.321382
0.978703
-0.413279
1.32675
-20.4505
1.40479
-1.17998
0.203119
5.94082
-0.831623
-0.239217
2.97185
-1.10441
-0.253564
2.94776
-2.88741
0.314376
-1.02926
-0.341305
0.912742
1.49152
1.359
0.952276
0.556908
-0.0900764
-0.670609
0.0447805
0.379737
0.677131
0.0704706
-2.59274
-1.91622
-0.105393
-2.87195
-10.8495
-2.50707
1.54959
-2.07763
0.86804
-1.94563
-0.251682
-1.30612
-2.29731
1.33178
-1.57673
-1.68229
-0.355531
-0.993964
-38.4993
-3.0473
6.32517
-6.07471
-0.05739
-4.35757
1.97005
-1.21794
0.18887
3.25494
0.0668134
1.01363
1.3044
-0.883394
0.0864002
0.345499
8.73043
-1.43669
-1.85007
-5.46717
-0.702866
1.92164
1.44116
0.47425
0.910363
1.2182
0.142216
0.131084
-0.000202663
0.827642
8.19954
6.59165
-3.29568
0.160364
0.162845
7.20641
-0.65346
3.01703
-3.05618
-11.8199
-0.318145
-0.868381
0.461797
-2.20666
-0.842534
-1.03318
0.694215
13.7418
0.274699
-1.59712
-0.560516
0.853308
0.0402222
1.65259
-0.381616
1.80901
0.117255
0.610302
-3.16949
0.683957
-0.536345
-0.15117
0.773839
0.63215
0.15114
-0.548978
0.337484
3.05012
2.87845
0.514768
5.48236
0.626183
-3.118
-0.393653
0.703125
-0.138816
8.07868
6.22736
1.29471
-1.26663
3.11496
-1.52273
-6.87754
0.776364
-2.1296
0.698635
1.42504
2.05371
-0.359066
-0.148336
-0.163363
-4.08092
1.35463
0.189895
0.226822
-4.37344
-3.07416
-0.800791
1.08731
-0.121835
0.715308
1.27678
0.537028
-0.242352
0.705984
0.695829
-6.48598
7.91648
-2.82457
0.198387
-0.290716
0.0666064
-0.43653
-1.27641
0.853022
0.715075
-0.385244
-3.86761
-7.38206
-0.175682
1.88357
0.390283
3.65892
-0.694192
3.00231
-0.603081
-2.23918
5.07802
-0.400454
-3.62379
-1.05155
0.440544
-12.2173
0.406887
-1.30655
-0.476852
0.55808
-0.0296215
4.13505
-0.321571
-0.454093
-1.3872
0.181428
3.41218
0.250471
-2.63611
1.01765
3.84193
-0.340792
2.5449
-0.371131
-0.855239
1.66515
6.38821
2.23314
0.253944
4.63166
-1.42396
0.850363
2.15072
-1.4188
-2.04795
-17.5505
0.701159
2.19081
0.040116
1.10084
17.1662
0.684966
0.691943
1.15927
4.55015
6.44131
-0.187008
-0.447381
-1.64529
-0.424586
0.80763
-4.41636
-3.42623
2.29089
0.022335
0.067457
-1.32807
-2.45439
0.649552
-1.5519
10.3331
-5.05603
-0.11857
-1.96799
1.60328
-0.772059
-3.38627
0.711505
0.62147
0.178683
-114.42
-2.49414
-1.46025
-6.88202
0.0476919
1.2175
0.035035
-1.06967
28.1706
0.225924
-0.119189
0.319292
2.52861
-0.28829
-0.196824
0.883791
0.0494168
0.274681
-0.918211
-0.323925
0.0428569
0.561379
-0.214318
2.62222
0.457958
0.0787292
0.0516042
0.183021
-0.657832
0.578488
0.735943
0.385564
0.731708
-36.0414
-8.99859
-3.44529
0.666644
-0.824982
-0.183686
0.157635
3.16413
-2.4092
-0.331391
-0.147978
8.88255
-0.59637
-1.15684
0.0884295
0.3962
-0.456201
1.04029
-1.10025
2.23704
-0.863631
0.415329
2.2784
0.0194884
1.48507
-1.92557
-9.87843
-12.8748
0.208262
2.36451
-3.0848
0.872211
0.50177
-0.471949
0.746861
0.278664
0.464162
-0.291337
9.78845
-0.801713
-0.354865
-2.14174
-1.27689
-0.126714
1.39772
-0.787034
0.466874
-0.1419
0.56911
-1.70035
7.93896
0.399858
-8.49761
-0.888362
-6.19671
6.57089
0.275358
0.949095
-5.95758
0.358462
-9.71008
-3.74536
0.0615347
2.06223
-0.06902
0.434193
1.93065
0.00874301
2.16205
-2.2855
-0.00304295
3.4409
0.0115671
-0.802282
1.58009
-1.95016
0.217307
-0.407733
-0.634413
-1.04748
1.30782
0.670541
2.56053
-0.189993
1.12168
1.15303
0.546777
-0.683149
0.6961
3.66357
1.79293
-0.110131
0.29964
-1.99056
-0.387746
-2.48653
1.73317
0.00859016
0.411113
-1.6103
-0.606799
1.84625
-0.218208
0.580522
1.22207
-1.93615
-0.125375
-0.0985761
0.675398
-5.71131
-0.26346
-0.969304
0.870452
2.66267
0.251178
-1.06712
-1.25188
0.55792
0.706018
-2.08615
1.2699
-0.240812
0.754147
-0.600683
-0.0162156
2.95001
1.04774
-3.063
0.439646
-2.46817
1.20528
-0.648973
-0.132173
-0.549914
-0.248936
0.513135
-11.4668
-1.25036
2.24301
-3.28498
0.162801
-4.55989
1.53084
-0.212021
-2.43405
8.42338
-2.76407
2.40757
-0.451369
0.809912
-0.694678
0.0210651
17.675
-1.43562
1.56258
9.008
0.0545461
-0.0577369
0.452378
-0.097391
1.31822
1.59551
0.431428
-2.97142
-1.01532
7.0381
-0.336193
-4.06768
-4.4268
-2.81532
-0.50961
-0.28701
21.3609
0.426867
2.53078
-0.718851
-2.46946
-0.697487
1.43641
0.326593
-0.086762
-2.5167
-1.72376
2.17938
0.232203
-0.315603
-0.186314
1.32177
-0.633043
-0.0585157
-0.51126
0.121326
-6.53475
0.509535
-0.110101
1.24614
-0.0570788
-2.90161
0.542208
-1.47291
1.36099
-7.21599
1.57907
1.89425
22.9346
-1.9965
-0.176344
0.616294
-1.15875
0.477335
-0.313157
-169.448
0.912294
3.49684
-0.7959
-32.3498
-0.326249
0.789048
-1.66444
-15.9829
1.92276
16.6853
0.919563
1.16771
-0.240311
0.489497
0.0181872
-0.396207
-2.0793
-2.22152
0.761205
0.539459
16.0652
0.830464
0.41847
1.40367
-0.275352
2.41422
-0.200995
-1.99615
2.61446
0.0132395
-0.298728
-0.648566
0.0437899
0.906866
-0.945891
-4.676
-0.70467
-1.11003
22.2804
0.728232
1.70887
-0.988494
1.72968
-0.524126
1.13719
0.378774
-0.187294
0.460697
-17.3338
-8.07313
0.286016
-0.279224
0.491881
0.13073
5.41163
0.377426
-0.458852
0.682562
0.677573
-1.44555
-22.7013
-0.912207
-0.892335
1.0059
1.38696
-0.475997
0.153262
-0.590942
-8.03365
3.50989
0.481695
-2.58136
-0.242736
0.337934
1391.3
0.182071
0.224754
1.82632
-0.212281
9.00972
-9.84756
5.82504
-1.78108
-1.61756
-0.293277
-0.587175
0.372173
24.4827
15.9069
0.09002
-6.90798
-9.46544
0.218746
132.415
-1.23343
-1.21716
5.27614
1.79434
0.0525132
-1.84215
-4.63178
0.867096
-0.604711
-1.37915
-6.02943
0.114021
0.160292
-1.9916
8.55132
2.86524
-0.319281
0.955654
0.500624
2.97697
-4.39023
-1.34484
-0.796906
0.00322973
0.438179
-0.0646921
-1.2816
21.9667
0.317957
-1.10563
-0.187586
-0.600736
-0.0935535
-0.0385634
0.154792
-0.485268
0.207154
0.583202
0.0292713
1.23568
4.62617
0.433516
-2.19836
-4.58812
0.720125
-2.80452
1.96318
-0.0712465
0.904572
-1.5973
1.73871
0.14146
3.96032
0.20042
-0.425212
-1.17135
4.11032
0.941781
-1.05081
0.878806
-1.55072
-0.532903
-3.53264
0.932092
3.41956
8.73925
1.71115
-0.728191
0.463969
-1.65495
40.347
-0.0515449
-0.293147
0.851567
-3.33392
0.678882
-0.741458
-0.162776
0.433828
3.65133
0.499622
0.615787
0.0527065
-0.349022
-2.30103
1.8999
0.791999
-0.922463
-0.161431
0.178031
0.392264
0.315881
-6.26109
-2.85285
1.87933
2.14217
-3.59733
-0.515147
2.15981
6.2337
-0.666428
0.128628
0.315594
-1.89806
1.13183
-0.0675059
6.68653
2.48207
0.797215
0.242661
-4.10884
-2.36992
-23.2709
0.717875
-0.74494
0.799949
0.678025
0.374142
1.28404
-2.08979
-0.150137
-46.1755
-36.3496
-3.13936
3.08613
22.7403
-1.2432
4.5059
0.51434
-2.60483
-1.15751
-0.26665
-2.55405
0.535469
4.64068
-0.009405
-1.22249
0.224571
1.16292
-0.121809
0.688494
3.21206
0.856626
0.373024
1.92742
0.103256
-2.72312
1.16498
0.105914
2.48496
28.4591
0.0842385
0.19853
-0.747779
1.36848
5.85237
0.544981
-6.40551
-0.359327
1.00814
0.415278
-2.66795
6.91148
-10.5677
10.022
2.17688
5.50303
1.53394
-2.14478
-0.617036
-1.73845
1.7945
0.267848
0.340007
-3.57142
0.704807
-0.818088
15.0259
-8.51857
-0.409031
0.949679
-1.49082
-1.53622
-47.6301
0.376859
-1.10896
0.0881681
0.103654
6.66046
-3.2132
-1.97028
0.283056
-0.627768
-0.971518
-4.42545
1.63333
-0.0773463
1.09527
-4.37033
3.04122
0.625021
-0.62639
-0.192599
14.901
-0.0589349
-5.70822
-0.519465
1.67916
0.305725
0.103035
-6.89866
1.98585
-2.21186
0.487505
3.07083
0.232956
0.768207
-0.694231
14.5121
5.75413
-1.25098
0.16367
-0.926765
-3.35161
0.703723
0.331157
0.989392
-0.449797
-1.39606
0.651103
-1.28334
-2.21111
1.07251
-54.1248
3.18311
1.05731
0.880759
-0.985697
12.2653
-1.35986
3.15541
2.66962
1.94266
1.35605
-0.223972
1.45491
-1.00841
-0.441603
11.1182
-4.42811
-0.34379
0.648979
-0.301104
8.36006
3.69421
0.73743
-2.31573
0.20087
5.03407
6.78067
0.0559092
3.86428
-3.88021
4.32978
-10.3403
0.532648
1.88464
0.0982233
0.101611
1.30556
0.429878
1.7273
0.103936
-0.853129
0.408227
0.26761
0.907011
-0.88249
-1.35047
-0.182067
3.13927
0.848195
-15.5209
0.78361
0.0911896
-0.748031
0.455728
-7.2738
0.591584
21.8339
-2.53719
2.98296
1.84003
-0.190741
-0.802527
20.7187
-0.79003
-7.6773
1.09718
9.52982
9.65272
-0.599414
0.164359
-0.425249
0.457947
17.1994
0.72934
0.745283
9.69925e-05
0.954846
-0.869893
-0.658478
0.647841
-1.4501
0.130699
38.8012
-0.249755
-1.64481
-2.44809
0.848034
-8.96633
0.551135
-0.0286837
7.92267
1.22982
-2.72197
-0.0972919
0.0469243
3.29472
-1.27479
-0.0332763
-0.723959
1.66155
-1.8742
0.807684
-0.556313
1.65289
0.878648
-1.21998
0.607664
1.27036
2.42883
3.28872
-0.222755
1.21184
1.06306
0.380773
-0.0786656
-0.543862
-0.664796
1.66989
-6.51115
-0.529181
1.95939
2.52911
0.792228
10.9143
-1.26775
-0.810185
-37.8849
1.6745
-17.2346
2.09675
1.31148
15.5438
0.356886
2.80144
0.713284
0.0168726
-178.864
-0.96557
-9.93726
-2.23616
-2.60077
1.14937
1.46835
0.395833
-1.7841
-24.0584
10.7742
-0.937191
-18.9272
0.54469
0.545986
1.23301
98.3736
0.506229
2.65258
-0.0736244
0.451627
0.544726
6.68114
-0.408956
-1.94061
-2.22442
-0.756841
3.98649
0.391583
-3.1073
-0.0215802
0.695503
0.781391
0.289116
-0.630623
0.824747
1.74884
-3.76435
-0.33944
-0.0764705
-3.19559
-0.940131
2.85327
3.88614
-0.47793
0.0973591
-0.939252
-0.0895187
-0.608974
-1.08039
-0.924407
-1.26623
-0.477315
0.315026
-20.671
-0.19979
-1.09838
0.627521
-0.093902
-1.18875
-6.10473
0.412271
0.478461
0.0511417
0.124031
0.21751
-0.811381
-2.97981
1.05711
-0.254016
-0.26788
0.699745
2.64769
-5.2455
2.14545
0.954957
-3.55814
4.99699
-2.11413
-0.182679
0.338607
0.385994
0.883776
24.4618
-0.657259
2.14543
-1.33094
-0.329329
-2.74375
1.18985
-8.42764
0.50819
-1.23567
0.287791
1.91364
0.0229888
14.8127
-0.796053
-0.3322
-1.53436
-1.81819
-0.457427
0.684941
-0.574807
-2.11751
4.52305
-0.489997
1.85335
-0.476003
-1.94328
-7.15184
-0.444141
2307.77
3.89158
-0.145725
-137.238
1.48033
-1.18617
2.68963
-6.23434
0.378333
-83.6947
-0.312298
1.80771
0.390724
-0.18383
0.592767
1.00399
-6.21896
-3.88164
-21.7528
0.945801
0.364097
-0.754175
-0.722672
-2.76338
-0.618572
0.618295
0.0495488
-0.906133
-0.370187
6.06263
1.4948
-0.0908746
-0.408415
3.00749
-1.50597
1.02534
0.497823
3.92461
-3.13416
1.13069
0.738274
5.73735
-1.93263
0.335639
-0.170497
-0.685842
3.32875
1.33275
-0.0994835
-1.14079
1.53016
0.671322
9.07371
0.101702
-2.05964
-1.51301
2.80123
1.62413
0.58648
0.0155387
-0.360571
1.22928
-2.72217
2.86068
-0.633428
-0.789661
0.306997
1.20586
0.20692
6.71261
0.178808
0.664575
-0.876161
1.01299
-0.02423
-1.60812
0.820092
-0.522931
-0.0734799
0.841976
-1.61856
-0.462152
-13.6072
-0.0716768
-0.323134
-5.67577
1.31048
-1.50772
-0.680503
-3.54611
0.365706
0.488715
-1.36825
1.91315
-0.670859
-2.10471
16.3205
-0.702565
0.370138
1.11486
-17.1841
3.71459
5.06447
0.00887951
-0.551379
3.8671
-0.602054
0.927808
-1.57069
0.714387
-0.0613476
16.7561
-0.795124
0.383422
0.0756211
0.54832
-0.0453005
-0.361665
0.473333
2.40478
-0.0246594
2.11088
-0.523266
-3.13151
-1.41117
-2.0869
0.700305
38.4897
2.91877
3.48626
2.51066
-0.0333472
1.48128
1.03201
6.02976
4.44718
0.373764
0.27756
-2.3802
-0.180118
0.960914
2.55541
3.982
-0.974611
-8.5487
-0.8058
-0.53244
2.85746
1.85247
-0.279559
-0.824594
-12.4567
0.198786
1.04759
-1.31136
-9.82288
0.660137
-3.83175
0.900874
2.51861
0.788704
0.17704
1.21961
1.14114
-2.12262
-4.67153
0.867166
-0.02959
-1.27652
-2.23556
0.157814
0.426398
-0.828211
-0.124757
-0.885545
-2.26384
0.576652
-3.63699
1.43086
0.492211
-2.12902
-0.581937
-0.704672
1.4551
-6.72819
0.371194
2.28583
-2.11924
-2.16919
-1.90306
3.50713
-0.134496
-0.225397
-0.00291787
-7.58058
0.102296
-0.462132
0.0212853
-0.741003
1.55694
0.0516418
-1.11238
0.147017
0.224755
-3.21671
-3.08724
-0.0115099
-0.169645
0.956854
-5.00305
-1.41234
0.114691
3.58602
-11.8556
0.67956
0.0556485
-0.597733
-6.77103
-1.46467
1.27144
15.4941
7.76635
0.97502
0.135489
-0.140472
-1.56068
2.25102
0.175456
0.321255
32.3911
-1.03148
-1.52435
-1.85709
0.539908
1.34031
2.07079
-0.288194
0.835322
2.26676
1.91921
-0.0219032
-0.282487
2.59353
3.99699
-0.483474
-0.417897
0.800541
-0.306815
1.95527
1.60605
10.5753
0.520295
2.43969
-0.905563
0.012446
1.25048
0.13232
0.558797
-0.134276
-2.48201
-1.03841
0.176834
-75.6519
-0.365028
-1.96854
-3.09098
0.122346
-1.78751
-0.0359147
-4.5281
0.796636
-0.177565
-5.08107
-2.51897
1.77404
2.45444
-2.65939
1.66885
-0.365653
2.43611
0.26154
-12.9462
-2.37381
32.6285
1.70614
-0.900405
-1.20133
1.46028
34.7378
-5.32933
0.194715
0.0833846
4.54421
2.29031
-0.230378
0.403768
-4.83122
1.89031
5.67848
14.3896
-0.220503
-0.0486125
-1.0533
0.650071
1.53444
-0.513263
-1.13783
-0.476297
-0.143247
-2.4398
-18.8896
0.994381
-0.832474
1.80872
0.497544
-2.01454
-0.778647
0.00063613
-1.93409
-1.33377
-1.81725
0.0852703
2.44611
-1.05885
4.19552
-0.0654523
-3.59555
-1.57891
0.398704
1.70244
-0.743379
0.570524
-0.541441
-3.03893
0.807181
-0.699483
-0.709415
-1.61509
-0.256065
-0.253742
-0.272654
-0.178892
1.70176
1.711
0.359048
1.52953
-35.8737
0.420551
0.779565
3.42374
-0.924079
0.0892281
-2.54864
-0.623992
-5.1206
-0.296253
-5.23286
-3.60527
0.39642
-0.887652
-2.44376
-1.17714
-0.964893
-1.80852
-1.70745
-0.236839
-16.4098
-0.488521
-1.13655
0.462138
-0.504963
0.601906
0.124432
-1.34951
-0.379406
-8.63507
10.7158
2.14153
0.17784
9.06283
0.293113
-0.241011
-0.649545
-0.207115
-0.539025
0.235971
0.255009
-0.746976
1.13682
-0.588337
-0.35113
-4.96517
-53.4954
-2.67027
1.24524
2.16472
1.6811
0.280624
-24.7226
3.617
-69.4595
-1.16771
1.62969
-0.599237
0.329679
1.16002
-7.31826
-1.61376
-1.31872
9.09402
-2.45515
-0.21295
-0.536523
-0.549878
0.190416
0.0727737
-15.8734
3.11601
5.56537
-1.88979
2.65147
3.16839
0.750148
0.16066
-0.676822
0.358244
-1.40398
50.5138
5.17361
1.02724
-0.960139
-1.78959
-3.6151
-1.90787
2.49294
0.894901
-0.488533
-1.24863
3.42112
0.980782
-0.475008
-0.881521
-0.138053
-0.216283
0.636119
0.701023
-0.520422
-2.34469
-0.0598742
0.570036
-0.105952
-17.3752
-0.224561
9.27058
-3.14085
0.406109
7.50042
0.659473
2.51234
2.5264
-0.350842
3.12688
3.1617
0.0909098
1.5752
4.75911
63.2152
-0.498806
-2.26695
-2.9846
0.232857
0.760545
-0.0585574
0.343064
-0.113813
-0.509924
-2.44675
-0.823996
-3.7602
-0.610678
1.90181
-0.789426
-0.0220674
-5.09922
-0.417986
-0.427287
-0.975431
-0.237309
0.155724
-4.95078
0.153762
-2.99806
1.02873
-0.335573
0.966649
0.382464
-1.67362
-12.3394
-0.191966
-0.186098
-0.648012
-0.708562
-2.42377
11.5356
0.423374
-1.56609
0.0320232
-2.90696
6.85697
-73.1578
-0.59703
0.933504
0.340989
17.8966
45.2881
-0.296881
-0.324172
1.53665
-29.7908
0.911525
0.480123
-3.34707
0.385165
-0.504243
0.906981
1.20433
-0.956182
7.52702
1.08309
0.392555
1.66367
-0.233464
1.63845
0.19198
-0.401667
-2.05712
-0.926145
-0.0778279
-1.1833
2.19197
0.16538
0.525957
-0.186293
123.61
-17.2164
0.288633
-0.651456
-2.01241
2.92632
1.57014
-1.69369
0.383745
-0.479049
-1.4245
1.36778
0.734284
-0.477605
0.178975
0.680744
-1.04062
-0.304591
-0.565609
-1.05212
1.14974
-3.19327
-0.0117178
8.34403
0.129624
-0.892641
-0.415351
0.475797
4.24995
37.144
1.86081
-0.55173
-1.00709
-0.231437
-1.31542
0.773741
36.0081
42.076
0.691938
0.56319
0.612416
1.10075
-1.48904
-0.108848
-2.63341
3.43335
-0.227595
0.673903
-0.555159
1.30808
0.108653
-0.0357612
1.5225
1.00692
-0.985201
-0.190873
-1.29285
1.41261
-100.096
-0.782197
-4.267
0.0872073
2.35313
-1.17683
5.0985
0.809848
-2.64265
2.09154
-1.85839
-0.183986
1.12553
-0.509151
0.880276
-0.375457
0.189211
-1.43388
1.12544
-0.149587
2.17584
-20.2166
-2.31529
-2.83526
-1.03707
0.0613222
-0.926667
3.8541
4.66002
2.92366
0.059248
-0.504924
-4.47557
0.475217
-0.132957
-0.708433
-0.0852437
1.57881
0.091466
-3.48034
3.49714
-0.161192
-1.01105
0.390335
0.400699
-0.484838
-1.21803
0.101303
-0.543914
-1.435
0.0657009
-8.84026
-0.802749
6.33594
-2.96911
-24.137
-36.2197
-0.689914
35.3715
2.48562
0.683818
0.723434
0.247619
1.25968
-0.307176
-0.171812
-0.185714
-14.7068
3.68491
-3.20494
-15.9769
1.3711
0.364719
-1.43965
-1.12333
-1.78431
-0.587938
-6.49233
0.335297
-1.55249
-26.4576
0.230916
-4.06048
-0.198273
-0.468168
0.432313
0.871832
-1.78215
10.0088
-0.197336
0.0184229
1.11949
0.694839
0.198154
1.02591
-0.707813
3.78602
-2.77457
2.21923
0.131923
-8.02485
0.997982
9.36079
-1.52438
0.0242478
-0.704187
-3.12289
0.126116
0.658529
1.1771
-2.02865
8.07998
-1.11438
4.60646
-0.255591
4.12913
8.71531
-0.354856
0.999315
3.84707
-1.57174
-0.359595
1.49777
2.98805
-1.77903
0.0402637
1.24667
0.749102
-2.21657
-0.542285
-2.15385
0.862073
-9.55541
1.1425
-1.324
2.05521
-6.71375
4.63669
-3.49567
0.735714
-1.15963
0.953829
0.00951301
2.01919
3.73563
0.61918
0.996127
1.88921
-0.450417
-0.220282
-3.92457
-0.919962
0.463867
5.47004
1.59429
-1.42691
-4.21127
1.19763
0.0809533
0.0501235
332.682
-3.79462
-0.196351
3.21558
-11.3596
-0.654892
0.440099
-1.0954
-0.280151
-0.268128
-0.322896
119.936
1.5006
1.92841
-0.491583
8.17075
0.368105
0.369469
-0.0100662
-1.24998
-3.2702
-0.0419925
-11.7886
0.391981
0.537336
-0.394711
-0.318683
-2.12655
-0.282784
0.594825
1.55562
-0.833358
-1.27802
-0.322854
-0.545369
0.682135
-0.0744019
2.50626
0.654852
4.99249
-2.02937
-0.14501
-2.30637
-0.0587178
-0.240716
3.3122
-2.56055
-0.0298434
-6.74705
-3.06896
0.355132
0.374246
23.9838
-0.827236
-0.517915
-1.07095
-0.625584
-0.584509
0.402578
-0.297404
-0.270767
0.702154
-3.54158
0.0865756
0.451589
-0.481728
-1.00963
-12.1108
-0.0120949
-0.144936
-1.10745
-0.672015
-0.0173647
27.4458
1.1056
22.5019
60.6363
-0.342528
0.665125
-0.787615
0.743676
-0.370136
-1.87894
-2.6052
1.13094
-0.531982
0.114601
-0.792418
0.252862
-0.593713
0.170474
-66.6304
0.647848
-0.271028
-1.20882
-1.7219
-0.707694
0.171731
0.310104
0.884645
0.161853
0.302647
-1.44667
0.809479
-0.525865
1.48294
0.62725
0.380072
-0.261116
-0.254595
-3.63004
-0.912238
-0.0475324
-0.637633
4.82015
-0.800253
-1.26411
-1.32677
-4.60201
0.0337651
-7.05723
1.53987
0.233273
0.433398
0.230616
0.663414
1.14929
0.597532
-2.59057
0.824029
2.32863
2.11347
0.245182
2.7722
-2.31083
3.21329
-0.247579
-1.96765
-0.872148
0.231467
0.400936
1.59965
0.30039
0.69538
-0.966482
-0.846859
2.09722
0.45426
0.363519
3.51884
-0.0345444
3.18951
0.607852
-0.10765
-1.03577
-1.12853
0.220637
5.33412
0.693691
-0.833585
-10.848
0.129235
-1.26148
1.11274
1.63276
0.511224
5.14062
-0.192291
0.15614
-0.433521
-1.17517
-1.72413
-0.13121
-0.889036
-0.457142
-83.1885
0.0353924
2.41604
0.590972
2.17762
0.191479
-0.897747
8.9385
-0.0216047
-0.477657
-2.98192
0.493914
0.570717
0.762404
0.569599
0.399079
3.64265
-0.83447
-1.60177
0.853645
-3.89576
-0.108701
-1.11083
-1.33714
0.744268
0.118844
3.76822
0.703007
0.439289
-2.03263
0.429813
-10.1973
-0.504644
0.760589
-2.39229
0.663193
9.44778
1.24671
-0.296322
1.63312
-1.20627
3.51902
-1.67782
0.512311
2.80267
4.12219
-1.34957
-3.50753
0.931568
0.333621
0.258159
1.31398
4.6626
1.22208
0.480038
1.11623
-12.435
4.34365
0.623551
0.542821
-1.68509
-0.432499
-1.08764
1.70073
-3.00479
0.996182
-1.21633
1.55137
-0.824968
-0.129494
9.13606
0.407531
-2.96814
-2.64579
0.32608
-2.14451
-2.69851
-0.0131642
0.00655474
-0.236408
-0.161331
-0.897759
0.138485
0.386122
0.514891
0.689227
1.08002
-3.02979
-2.79626
0.637016
-0.199542
-1.88332
-1.14654
-8.91412
-4.95865
-1.74207
-1.05133
8.32599
-13.7563
-0.0587024
1.75584
2.86905
-3.6264
-0.656727
-0.934592
0.601374
0.875202
-1.3069
4.67545
0.39551
1.88703
-6.91171
0.403038
-0.996347
-2.7358
-0.145535
0.294269
2.4845
9.57672
-0.577812
4.64265
-2.41299
0.493764
-3.37227
0.293684
-3.11962
0.63412
0.694853
3.82948
0.642141
0.250972
0.712671
-0.0270325
1.08236
-0.606012
-0.774439
0.795159
0.830108
-1.41849
-1.93891
-3.24605
1.05844
-32.7512
-0.0469362
-1.27156
-2.20006
-0.108728
-0.430437
1.2824
0.103189
1.94488
-0.59252
12.2821
0.937024
0.643103
0.122983
-1.54422
2.36036
-0.179958
-0.361004
-1.458
-2.51121
-7.77289
0.22077
-0.203279
-0.0414394
-75.4618
-1.00884
0.0430547
0.534783
-0.44906
-0.215568
0.472825
-0.0914212
-11.3266
0.426858
0.616112
-1.87174
2.14346
1.41093
1.09896
-8.07817
-9.97173
1.90207
0.593558
11.0863
0.872251
-0.845879
-2.04983
-0.741133
1.88799
-0.547262
2.51608
0.242225
6.40243
0.0778072
-1.62696
2.79642
0.161214
-2.29037
-1.24486
1.68345
-1.18976
-1.82561
-2.26321
-0.563137
0.085442
-1.57876
0.156938
-3.28416
-0.472344
1.30888
-0.807824
1.42736
-0.224119
39.0746
-1.21829
-0.325622
-1.54228
-2.34462
0.457518
9.24849
1.18249
-0.327171
-0.905093
-0.234301
0.391577
-5.01418
-0.734424
1.09813
0.0229187
1.27578
-6.89728
4.53269
0.501794
0.171322
-1.34477
-4.13301
1.08897
0.205394
-1.05199
-0.0250859
0.148942
-0.0703135
-0.885129
2.22411
0.0645727
-2.14799
0.26126
0.239852
0.375138
0.560031
-1.8885
-20.8952
0.167339
1.65802
0.768263
0.497331
0.0550328
-1.29445
2.83166
-0.0371823
-0.640758
0.6741
-1.62346
1.13532
3.64914
-0.0452815
1.36497
-0.324394
-0.196401
0.0579798
4.18911
-1.0299
-8.42901
-0.077037
1.88349
-10.7284
2.29351
-2.34601
-0.499094
0.388199
0.671362
-0.791885
0.0126651
-0.164457
0.411841
-5.48398
0.556686
-0.129236
0.440517
-0.2306
0.708406
4.73601
-0.732622
-3.68171
0.651211
6.63181
-1.26973
-0.931401
0.238618
-0.971166
-0.505063
-1.23373
-0.801237
0.304719
-0.756497
-0.297747
-1.77966
2.94071
-0.331519
3.02765
-1.54823
0.287832
-0.496626
-1.87123
-0.150998
-0.186628
-0.0210395
-0.00341518
-0.301256
-0.382907
15.3906
-37.7658
-1.07169
-0.952847
-0.142426
0.404088
0.958915
-0.0567801
-0.173453
0.648277
-0.192961
0.0767989
-1.40469
0.47481
-0.289693
-0.615026
0.00850828
-1.26531
-5.38238
2.9231
18.9406
-0.874644
3.98074
-3.65908
0.556005
-0.134621
-0.324378
-4.08574
1.95597
-1.73613
-0.774191
-0.847884
-0.112708
1.26742
-2.68495
-1.03209
-0.228003
-0.408154
-2.13181
3.08066
-2.94076
0.715236
0.991074
-2.75965
-1.87687
0.234731
-0.81823
0.624004
0.246256
4.16522
-0.612082
0.186752
1.81431
-16.7586
5.40363
-4.03047
1.22504
1.59567
7.19592
-0.533808
-2.65075
3.51243
2.49796
1.37253
3.72687
1.94431
-0.671104
1.89054
0.163828
1.13218
-0.487465
-1.9199
-0.0283625
0.161845
2.07793
-1.58245
-0.674475
-0.131076
-1.71765
-0.900203
0.42033
-0.309193
-1.03094
-0.364869
-0.0379793
0.707801
-0.122029
1.28172
1.32381
1.94856
0.4125
-0.970358
-0.68362
-1.83569
0.813779
0.866979
-0.420723
2.2916
1.57301
3.51096
-0.0924709
0.067802
-0.63112
2.30548
0.548162
-2.8007
-0.235356
0.234186
0.797439
-0.661126
0.139688
-0.344137
-1.36944
1.09201
-0.681726
-0.480956
0.687232
0.211391
0.145648
-17.0616
0.675893
-0.353329
-10.516
-0.830279
0.0194867
0.499356
1.63192
0.709466
-1.27662
-4.80283
-0.393904
0.471852
2.48999
123.346
2.63342
-5.74657
2.38103
0.983866
0.35958
-1.48148
-8.82704
-0.316284
-4.71411
0.882227
0.658819
1.14001
0.525846
0.442389
1.44826
-1.69231
0.826652
0.81666
0.983631
0.0194187
-1.31388
-0.828116
-8.22664
-2.83219
1.88312
-1.76374
-2.42443
-65.1764
1.13307
-1.83857
1.48711
0.606901
-0.365463
-0.588416
1.58347
0.754673
-0.232684
0.441256
3.48497
2.32145
0.741845
-1.4388
-7.08307
-8.10136
0.100338
-3.45205
-1.83733
-0.417691
-0.450722
1.41753
-1.40551
1.00018
-0.99132
2.93432
-2.20622
-0.157679
3.5359
0.362568
-2.72903
1.85647
-0.156605
0.337041
0.857119
0.708892
-0.290333
-0.574037
-0.183866
-7.3447
-1.65437
-7.01911
0.634464
-0.0679073
-0.657959
-0.689428
-1.55483
-1.34822
-1098.24
0.646029
0.0402941
-0.653109
-0.328568
0.112215
0.413085
-3.13264
-15.438
-2.39903
-3.10025
0.243231
1.30835
-0.200574
0.239679
-3.04357
-0.177494
-0.100624
0.117625
-0.168172
-5.49046
-2.26389
-3.02497
1.14981
0.197149
0.683751
1.62491
-0.272687
1.61532
1.38119
-1.85167
0.275626
-0.299025
-2.50061
-0.530817
11.7875
0.479158
0.332905
1.15718
-0.251536
-3.23224
-1.17565
-1.09337
0.680344
-0.659213
-8.33943
1.31015
-0.691125
3.9301
-2.15886
0.376551
7.69051
0.463832
-7.34605
-0.0358806
-0.257725
12.143
9.11839
-1.79428
5.60069
0.269684
3.73208
-6.46801
-3.88938
-0.689498
3.3596
-183.78
0.138135
0.212838
2.46126
3.77132
3.59309
0.433354
-0.727835
-1.33029
-1.07492
0.143569
0.499352
-0.0106391
-1.18683
-0.206541
0.167966
1.72648
-0.205576
-0.182453
-6.22206
-4.03498
-1.72927
-0.743203
-0.0100573
1.62054
-1.5652
-0.221765
-0.521731
-0.694062
-0.3497
-0.243698
0.381008
0.703967
0.592079
1.60503
2.95017
4.01852
-3.51848
-0.481828
-0.567905
3.1235
-0.16853
-0.114012
0.174819
-2.74037
-0.299563
0.0160455
-0.708611
1.13909
0.718043
-5.06677
-0.981452
3.06715
6.28311
-4.39317
-3.13809
-6.52668
1.56402
-4.73581
0.761952
-0.188941
5.79496
0.437649
0.469012
1.02638
-1.78271
9.31039
-2.85586
-15.944
0.864491
-1.70717
0.814096
-2.04824
0.0584496
3.30166
-0.893189
0.383382
0.505838
-9.21025
-0.0674114
-0.168092
-5.87225
-2.44524
-0.742305
-1.02721
2.00318
-38.5313
-1.36393
1.61106
0.758007
0.884362
-0.356001
-2.44959
-0.602195
0.0405514
-0.157258
-3.11438
-3.83012
0.434798
1.6402
-0.106088
-16.3641
0.539623
3.17769
0.100935
0.853111
-0.271965
-0.724023
0.337638
-1.2385
-1.6245
-13.7466
-0.0345657
4.30815
0.757131
0.788589
-0.108106
-2.4283
-1.46174
-1.72062
-2.48184
0.878051
6.27052
-0.706133
-2.68581
2.02857
-1.32972
-7.68758
2.44342
-705.325
4.74382
1.28648
-0.137789
-1.41858
-1.83882
0.490997
-0.423656
1.12733
-8.51521
8.49726
-0.213475
0.0213327
-2.1408
1.56944
0.636493
-0.88524
-0.387455
1.30535
-2.55095
2.99724
-0.804375
1.31649
-0.158102
1.026
-0.327539
-1.61177
2.42369
-0.950456
-1.75982
0.593626
-9.98847
0.190636
4.14541
-0.226004
0.742777
-1.53913
-0.0401441
2.0132
0.843273
-17.9012
-1.77128
9.12002
-1.73449
-3.31151
-0.681111
1.33175
4.69969
-0.378707
1.93551
0.933574
-0.849592
2.06144
2.37312
2.72875
0.729252
0.931481
0.995928
0.627286
-0.424665
-2.5466
-3.35229
5.27924
-0.161429
-0.847072
-1.76416
-1.03843
-0.881661
0.338896
4.28851
-0.356081
0.660075
-1.34915
-1.41549
-9.86986
1.96841
-10.0787
2.05572
-0.607413
-1.44305
-0.541242
0.847606
1.52745
-1.91202
2.50947
-1.20244
-0.0836362
-0.420794
0.48696
-0.922882
-0.0197412
1.05578
-1.11447
-0.0377553
2.0768
-0.206233
4.42137
74.8021
-3.79943
-0.911017
28.6353
0.925239
0.135841
1.52749
0.483632
0.599823
-0.95463
-0.860377
0.372109
1.12108
-0.205921
-2.9094
0.540782
-0.882844
-18.6024
1.43819
-0.657234
0.799649
1.16276
-2.01537
-2.18232
0.970233
0.00287934
1.12597
49.0527
-0.257511
4.68701
0.736407
-1.40842
-1.16899
-1.73963
-0.686545
-0.422331
0.00117728
-1.06446
-1.19814
2.69729
-0.0413903
-0.851343
0.372608
-4.14707
0.215118
-3.75969
-1.37378
0.790203
0.0704321
-1.96179
0.524549
0.179529
-1.21005
-0.208649
-7.08285
-0.542812
2.05257
1.76175
0.346327
0.383359
-1.82105
-0.506933
1.87791
3.79399
2.76695
-1.96066
-1.644
0.828273
-0.147744
1.57242
-0.485061
2.35126
-4.41583
-1.5193
0.447567
0.312086
-0.948772
2.10128
1.06753
-9.7202
-0.112199
0.678576
1.21744
-0.0812898
2.69483
-1.13896
-2.11037
2.12566
1.23619
0.990581
-5.83069
-12.7915
4.58603
-0.242053
-0.497346
0.189708
-530.242
0.37743
0.795084
0.354787
0.060081
-1.8106
-0.402463
-0.361266
-0.568202
-1.16259
-1.08008
0.664213
2.09744
0.013796
1.04883
-0.372369
0.982271
-2.12578
-7.65613
-1.60747
0.165963
10.6962
0.785672
0.839017
-1.65479
-0.961005
1.44697
-4.50851
0.98573
0.697923
-0.379785
-0.322872
0.777418
0.533158
-0.173121
0.860349
-2.90051
-0.0971838
1.44999
-1.32119
19.6017
-9.61439
0.920352
-0.725817
0.118691
0.14707
0.871377
0.178
2.2041
-3.0763
-2.20426
-0.771128
-1.2453
0.33647
1.12024
7.21768
0.285313
-0.396263
0.192442
0.166243
-0.359887
0.598655
-3.50038
16.1595
0.577663
0.927013
0.111629
-1.67111
1.09524
0.100519
2.44658
-2.40828
0.071518
2.20493
-2.34655
-0.05976
0.418636
-9.91548
-0.464436
2.65124
10.5722
-0.400561
0.450865
-0.801587
0.0171609
0.744491
-1.04243
2.32951
1.14544
0.50032
2.35081
0.983625
-19.5406
1.29048
0.41392
0.0728085
-0.491975
1.61962
-0.731343
-0.805146
-2.27087
-0.346745
-2.00507
0.211364
-1.18235
-1.41249
-0.616703
20.3186
0.37736
1.39745
-0.446129
0.244256
0.0822285
0.194029
0.209743
-0.806498
-0.782706
-0.603165
-0.310695
-2.40964
-0.959025
-3.15843
-0.574072
1.25358
-1.55259
1.79904
-0.0853515
399.755
-0.932074
-1.60478
-0.330888
1.04386
-1.13985
-5.20574
0.221109
-1.50376
-0.439968
0.349645
-2.48274
2.86112
-3.21273
-0.0454088
0.310621
-0.0782216
3.99428
-0.0301327
-3.88145
-0.860263
-2.49142
1.41638
-0.168331
0.741644
-8.7438
1.19682
0.37688
-0.370295
2.98931
-0.347051
-0.513182
-0.904397
3.89062
0.0105546
0.951416
0.0499869
-0.166508
-1.67778
-1.42895
3.11789
0.02629
5.43575
-1.67844
-0.534024
-1.11235
1.32913
0.0246198
-0.762592
-0.327963
-1.03966
0.822506
0.868677
0.423053
2.56955
-2.64802
8.50173
-0.998456
2.30724
0.685029
0.305198
-6.85537
-1.00496
0.832467
3.44943
-2.90423
-0.588041
-0.633217
4.46685
0.601553
-3.1413
-1.36877
-33.074
-5.20606
27.8553
-0.740701
-0.82558
3.47027
-7.34396
3.54377
4.70304
13.4299
0.194293
1.11978
2.57644
-0.358245
1.15057
2.02749
0.202781
0.160603
-3.25785
0.296683
7.42701
0.00727129
2.59741
-0.257743
1.03734
1.17083
-6.58672
-25.2566
1.48724
-1.42086
0.362519
0.122848
0.000161475
-0.571021
-2.85329
-14.2034
4.03533
0.24732
0.391535
1.73875
0.92749
-0.859236
-0.46597
15.5613
2.42342
1.56013
0.0304561
-0.536659
0.7698
1.43272
0.370258
-49.4013
-0.279646
5.82002
18.1051
0.492475
1.36182
-2.13265
0.380443
-1.52481
-0.8152
-15.3719
1.5975
0.0095355
0.938846
-0.822748
1.63414
-0.54725
-1.10255
-0.0971645
-0.786413
0.756078
-0.613753
-1.25812
-0.259349
-0.437004
-2.17277
-0.434762
-0.367977
-5.60508
-0.236743
1.95735
-1.77349
0.802418
-1.43167
2.11394
-15.1113
-0.317205
3.69292
1.68296
-4.13017
0.830822
0.403581
-2.75674
1.6691
1.89674
1.8345
2.5746
0.660187
-0.0268075
-0.793115
1.37126
-3.95673
-7.94852
-1.16369
-0.224276
4.76342
-3.61601
1.70592
101.075
-1.20776
-1.63231
-0.550597
3.00044
0.65969
0.132039
0.709692
-5.70543
1.53608
0.363633
-0.25738
-15.0919
-0.000296158
5.69882
22.2505
-0.204137
-1.24607
0.890186
-0.0388844
1.86544
1.14016
23.5459
2.2591
-19.0248
-0.271742
12.7174
-1.97362
-0.685257
1.00224
-0.00579484
1.31183
-1.2699
-2.04658
-4.34493
-0.207623
-0.0533758
-0.479141
-43.8729
-0.483212
-2.78722
0.977758
-58.2656
-0.495509
-34.4016
0.88037
1.22603
-0.247989
1.15279
-0.505722
-0.0883189
0.562301
-2.20433
-1.03367
-0.873345
-4.26736
0.260283
0.499421
0.264212
-1.70632
-0.814143
0.590743
-1.11904
1.17914
0.156471
-4.17925
5.08426
0.877131
-1.45207
1.40683
-4.56046
1.53876
-0.514034
125.463
0.905607
1.02323
40.3415
1.33405
0.787431
3.58134
-3.3293
-0.455576
-1.15948
-0.584876
1.11297
-62.8717
-0.0437497
-13.7036
-5.37729
1.59426
16.0681
0.915273
-0.284084
-3.5972
-1.11321
-2.58776
-2.16709
0.90288
2.08354
-3.45175
0.652124
2.22662
-0.645321
-1.34822
-179.265
2.48723
-1.05239
0.637732
1.61403
0.113997
-1.85995
-8.83347
2.25986
-4.85436
0.0231879
-1.70765
0.739237
24.6962
4.02801
0.534637
0.432139
-1.27857
3.41315
0.901919
0.342377
-4.29472
2.60045
-0.0526291
-2.04133
-0.298103
0.278192
-2.22921
-1.06602
-75.3153
6.91189
4.62699
0.169353
-2.50272
-4.74683
1.46686
-8.71323
0.213576
-0.861319
-0.190875
1.2221
6.49803
0.321741
-0.575171
1.69613
-0.662787
1.84093
1.48385
-1.77677
1.49928
0.688882
-0.973347
-0.252612
-0.937764
0.392869
0.618188
1.54495
-0.00956219
-4677.19
-0.442378
1.73665
-2.42896
0.477552
-7.33421
1.20371
-0.558612
-14.4428
-1.08266
0.077982
-5.84355
0.295841
-0.451034
58.0194
-0.875513
-1.15181
1.67357
-1.45602
1.06948
-1.13298
1.59531
0.122112
-1.5045
-0.559035
-0.686536
-0.138232
0.207292
-0.0828199
0.403959
-5.26588
-1.77444
-1.69885
-0.728877
-0.0109792
-0.864064
-0.137575
0.0559908
0.421873
1.53304
1.2946
0.314924
-4.92061
-1.53974
-0.675732
-2.03145
0.197197
-2.79842
-1.53802
-0.373682
-0.727176
0.532252
-0.635653
0.503963
0.115731
-0.127268
0.299735
0.0555331
17.2031
-0.0425095
0.233775
-6.51013
-222.889
-1.23508
-4.64062
3.77324
-4.83367
-0.211757
1.52601
-0.899125
-0.0725361
2.95162
1.58725
-7.30821
0.414483
2.39447
-0.319993
-5.17165
-2.16353
-0.251224
-1.84234
0.169815
0.828919
0.960663
2.22375
-2.97595
3.77367
16.0875
-4.71758
1.83141
1.57727
-2.25109
-0.344884
-1.64285
0.345292
-10.3524
5.22836
-0.279986
0.916601
77.4327
-1.87849
-16.6943
0.0374138
2.53116
-4.01499
4.52818
8.8933
5.57224
-7.54973
0.0365451
-0.127083
2.21382
2.94414
-1.23715
2.09747
0.990218
-0.901685
0.763796
0.159253
0.173541
-1.18059
0.343142
-0.0181034
1.81873
-13.1382
0.315463
-1.00654
-4.1133
-548.13
0.0937638
-0.227715
8.13737
2.2753
0.246316
-0.0622014
0.650408
-7.86482
-0.493385
0.469418
0.46918
-0.0509977
-0.755083
-1.14778
-1.29914
1.3879
-8.69655
-10.1717
-1.17309
1.21234
4.10003
0.34213
-1.57096
2.27149
-7.62317
-0.249262
0.722253
1.78767
2.07973
3.34115
-1.2
104.336
0.667519
0.433018
-8.02656
-1.4323
0.145444
3.19834
3.45541
1.19755
-2.98373
-0.404191
0.789175
0.226452
-1.91667
0.534434
-2.10359
-0.334798
3.03551
-0.32507
-1.02872
-0.309469
0.234985
-1.29663
-1.70255
-1.10955
0.842216
1.09511
-2.38546
11.0803
2.19057
1.66283
-2.34014
1.1063
1.10281
20.7377
-0.31532
0.771759
0.746901
0.870651
0.381542
-0.712134
1.60947
0.40911
-4.72638
-0.314788
-0.256616
-0.1576
-0.0579752
3.11557
0.23827
-1.10802
9.85244
4.26275
44.5237
-0.104795
-0.496415
-1.57348
0.280591
0.798488
1.46199
0.425431
0.545755
-1.10387
-0.46273
0.519643
0.0043556
-0.167665
0.624614
-18.2609
-2.27499
1.95533
-2.22632
-0.556203
-1.38629
-2.60876
0.0974958
0.833238
-81.1242
-1.18441
-3.5145
0.587674
-0.250768
-0.231665
-6.45374
4.48038
-1.11759
-0.895263
5.5623
-2.80558
1.38191
-0.767343
-1.26536
2.08804
-0.112535
-0.284543
-0.264393
-0.968445
2.75368
-6.82326
-3.97919
-0.813599
-1.39091
-1.04192
-0.0771494
5.69305
1.91724
-0.0989548
-0.26266
-8.58097
-0.138467
9.62371
2.09374
-1.28271
1.20538
-2.42743
2.84406
2.3016
-3.6473
3.71689
-1.30148
1.1571
-1.92105
6.88476
-0.542623
0.857593
-5.09426
0.0855894
4.38751
-0.756219
0.988072
-0.956555
-1.47206
-3.4961
-5.48708
-1.97997
0.174503
-0.338176
-3.5351
0.816166
1.20293
-0.219923
-5.60999
-2.29284
-1.69719
-0.143458
50.1053
0.6694
-0.524639
0.15366
1.74486
-0.242851
-1.11132
36.7114
-2.60349
-1.33491
0.110371
-0.150363
0.369918
-1.1641
-0.300752
1.07104
2.10266
-7.24467
-27.0835
4.64378
2.97125
0.307555
2.26755
0.0404426
-3.24593
0.0366117
0.972236
0.55712
3.96679
0.436684
-3.30114
1.74668
-0.686124
0.901122
-0.589857
7.95529
-0.755638
-0.934922
0.246275
-116.008
-0.104061
0.691612
2.5216
-0.18995
-0.0278509
0.237441
2.97057
2.74231
-1.05749
-0.941877
1.86266
0.0334561
-0.919139
-1.53651
4.446
-0.787088
20.7545
-1.0584
0.837519
0.749842
-1.08536
-1.208
-1.57516
1.27319
-0.684633
4.87889
-1.32166
-5.42024
-1.07575
-1.3823
1.17405
0.700917
0.775968
0.698886
-0.817694
16.4414
0.25331
-1.18725
0.0224295
0.766299
-0.615621
1.46745
-1.56069
1.43825
1.71512
-7.04912
87.0312
-2.04222
-11.3254
0.423956
-0.373372
-0.194553
-0.145729
0.282411
0.0589071
-0.86508
0.182449
1.08604
0.0685749
1.77111
-1.94575
-0.849154
0.538052
-0.820275
-1.80023
0.05187
1.42925
2.19025
-0.552944
-0.927302
-1.33859
0.551707
0.223646
1.14011
-1.51885
-0.809919
-3.1262
-0.238833
0.14848
0.696002
-0.148787
0.90399
196.209
0.552682
0.301985
1.14857
-3.34192
-0.809483
2.96423
8.98783
0.370355
0.418093
0.937037
0.0554322
-1.3822
0.204578
-3.5533
2.75255
6.59219
-2.32819
-2.81537
-9.58352
0.3496
-0.420263
-0.323789
4.21891
-0.656962
-0.976222
2.90914
-2.42886
-0.186173
12.0735
-2.2814
-0.790034
0.589291
0.177197
-0.407985
-0.331556
3.17674
-11.8084
0.97139
-9.21826
-0.0457983
-0.962691
0.824745
-1.14007
-1.41181
0.658009
2.02222
-0.42313
-0.324295
-0.254322
0.52632
-2.14788
1.33431
1.09252
1.3613
-0.561241
-0.951635
0.312676
-1.87473
-0.857025
-0.865388
0.897099
-18.6997
-27.5986
0.306866
6.48505
0.82243
-0.21596
-0.47112
0.978038
0.717287
0.138456
1.27372
20.1986
1.10601
-2.11955
-0.0782232
-0.7991
-0.0124189
-31.0398
1.61694
-1.40721
-0.0739381
2.15727
2.89379
-0.531702
0.0782027
0.429081
-10.0824
0.700614
2.77195
2.03024
6.43616
-1.15984
0.0529527
-2.21175
1.54173
-1.37226
-1.12191
0.213212
0.819133
0.470854
-0.312164
-0.377658
0.562152
0.826492
0.281025
-2.28372
-5.67441
1.70134
3.21076
0.401106
1.00334
-0.459571
0.405586
0.476356
-3.99027
-17.6954
0.350028
-1.26998
-0.234886
-16.1605
-1.82997
-0.827326
-0.0412275
-1.28894
0.473472
110.295
-0.0942876
-3.66955
0.331705
-1.5532
5.20926
-1.23544
0.108272
0.00629397
-0.544291
0.777124
1.96705
0.739521
2.36495
7.00826
-2.15309
-6.65796
-0.554121
-1.65721
0.289679
-0.0106263
-0.171854
-1.53898
0.518002
0.333187
-0.680734
0.483251
1.97884
-0.329383
0.16974
0.602355
-0.716114
-0.711499
1.943
-1.19061
-1.33222
-0.160718
-0.732199
4.31088
-0.316992
-6.82228
2.61172
1.94318
-0.534863
-0.50148
0.732962
0.386891
3.63324
6.29381
0.786992
-0.263421
-11.4771
-0.1143
-1.64759
-0.955337
0.0308503
5.52529
0.162344
0.283909
-1.32573
-0.179688
2.09005
-1.12422
-0.150389
-1.14321
20.8844
-3.23482
-0.199634
3.07106
1.1662
-41.5632
-0.011095
-0.309763
-23.2304
0.902315
0.798134
0.061785
-1.45277
2.43699
-1.55031
-0.807442
-0.335265
0.369146
0.515205
-5.94822
-3.7535
-10.5038
0.0755628
-0.196115
-1.13607
0.410032
-10.4079
-0.950812
0.0407123
0.312802
-0.343987
0.118237
0.0524858
-1.60309
0.551573
0.0374856
1.09764
1.85124
-1.27004
0.403386
-1.94043
-0.909274
0.557518
-0.123907
0.0237636
5.49693
1.06296
-0.0554647
0.874519
0.416147
0.0175051
-0.748314
-5.28647
-0.537739
-0.537473
-0.386893
-8.39825
1.20683
-0.621384
-2.28647
-0.356712
-0.24557
3.76973
-3.1586
2.84411
-4.63451
-1.26952
1.31088
-2.69974
1.55231
-1.76784
0.284068
0.0976141
-4.40763
0.171465
0.696318
25.6791
0.614438
-51.9444
-4.51122
-7.4015
-0.462981
0.869023
3.06413
-0.339535
-0.978724
-4.58576
0.408275
-1.22177
2.31375
4.23961
-0.599484
-0.205985
2.45571
4.39001
-0.228669
2.86452
7.30901
-2.72686
-0.0794061
0.764388
-0.40657
0.30323
1.00524
-0.513299
1.47041
16.9516
-0.472942
-5.69479
0.839399
-3.29108
-2.34812
-1.0488
-0.666726
-3.76711
-0.298858
0.729422
-1.41155
-0.204885
1.80501
-0.511603
-0.658265
2.40645
-3.45015
-2.00191
5.98819
0.454383
0.918568
5.91454
-0.0853346
0.016136
-2.67835
2.38431
5.47547
-0.482031
0.535488
2.28142
-0.601868
0.750049
8.24342
0.803996
-1.39045
-10.8409
0.75624
-0.58614
0.340238
2.14677
7.21245
0.166197
-2.54232
0.571163
0.280104
0.278146
-4.21817
3.0926
0.78371
4.16275
0.419044
-0.589048
1.10897
1.59507
-0.248464
-0.337964
-0.925545
-1.50758
-1.42103
1.81426
0.372566
0.582247
-0.459747
-23.473
-0.340587
2.39881
-1.41315
-18.5238
0.51012
3.94759
0.493561
0.41068
0.622864
-3.65672
9.18829
6.38163
-0.134082
0.0246773
-1.07108
0.508788
-0.402663
0.321782
-0.994093
0.0460638
0.451244
1.49508
-0.106237
-0.197858
-1.65797
-10.2115
36.473
-0.334944
0.556899
1.08598
-0.602628
0.220954
-1.02675
-3.22194
1.02871
-1.6301
-3.02758
1.46119
0.137323
-1.17537
-0.454157
2.81506
6.87765
-0.581114
-1.39595
6.07208
-0.554432
-0.971843
-0.496141
4.18594
-48.8042
1.21709
0.128227
6.06938
0.98027
0.145559
1.27925
0.260786
0.345255
-0.167152
-1.28698
-0.581634
-0.559292
6.22501
-4.66853
0.700221
0.572856
3.87818
69.5753
4.85223
-1.65337
-1.32419
-1.55476
-43.3842
2.35793
-0.850351
-5.11722
2.32916
-9.97134
3.67381
-0.988557
1.12554
4.60815
1.51959
-5.20382
0.423997
-0.920876
0.937766
-0.267058
-9.14949
-2.6065
0.149414
-1.27264
-4.06746
0.341246
-2.75372
1.74466
0.102684
10.7776
-1.75363
-0.968511
-1.86655
-0.148628
4.13758
1.03365
-1.53174
0.280924
-1.99957
-0.711443
-0.265563
0.19544
0.156304
0.313504
-5.9335
-0.365487
0.417967
-0.432315
-4.28569
-1.39521
21.9016
-0.244849
-1.23379
0.390138
0.569194
-0.646732
-1.94012
0.482766
0.909761
-13.1249
-0.052307
-0.907091
-1.31936
1.5667
-1.69861
-1.37129
0.221519
2.91034
1.84331
-13.5398
0.602698
-0.392655
-1.83841
5.894
-2.29236
-2.09577
-3.04003
0.708797
1.14688
-0.466016
-0.0396474
-0.60683
0.468127
-2.07397
0.947442
-0.18999
-1.01891
-0.573074
-15.7468
-1.12647
-0.567957
0.336353
9.67146
-0.437792
-0.31588
5.36466
-0.841559
-0.715452
0.151763
-9.9361
1.15787
1.02127
-0.131661
-1.21607
0.590173
-1.41154
-4.78109
0.437496
2.68303
0.727952
-2.73063
0.842062
-1.56538
-1.60138
0.0884423
4.21106
-0.480432
-0.382687
-0.841972
-0.17307
-0.789056
-0.880365
-1.08191
0.542092
-0.359983
-0.0917878
-0.0355972
-0.341254
0.908738
0.291012
1.46794
-0.519019
1.4071
-0.0210317
1.74229
0.510498
0.107858
-0.161024
-1.22525
0.851913
0.858783
-2.65012
-0.424568
-0.235681
-51.4093
-1.26399
0.217019
1.93477
0.0195136
-0.826486
-21.2184
-0.328804
1.27211
-0.387576
2.54625
1.76369
0.621632
0.762053
6.24797
2.21105
0.622614
0.206642
32.1988
-1.72009
-1.67898
0.830796
-0.10658
-0.280009
10.967
-0.294296
0.837931
-0.969057
6.20919
-0.937078
1.00035
0.54529
-0.503539
0.802473
0.42405
1.01439
0.297119
-52.4991
2.92536
1.69757
-0.325446
0.696861
-0.139685
3.37961
0.504933
-0.219227
0.489649
-4.57863
5.41801
1.77796
5.66183
-0.421021
43.3925
-1.10317
-1.52622
0.555067
-0.138765
9.54292
-0.0746673
-3.13627
0.359689
-0.401453
0.938303
1.57234
0.814181
0.0785513
-0.426418
-0.106371
-2.5076
-1.24051
1.77468
0.346966
0.889711
-3.74956
5.16048
-2.52896
0.235958
-0.607322
-2.6914
4.37318
-0.321048
4.29391
-2.28865
-0.965426
-0.758965
2.60593
-0.119869
52.7845
0.894016
-3.50298
1.11686
4.81104
0.281731
-0.807695
0.700419
2.03735
-0.080475
-0.86331
-0.843988
0.197746
-0.562771
2.85769
-0.0989431
1.91388
0.274303
1.93278
0.169531
-0.836649
-0.125719
-9.61724
0.057497
0.241912
-1.68306
-0.626427
-2.04971
0.608223
0.927062
-0.025504
-0.130961
-0.633882
0.703257
-5.43242
13.4443
0.43902
1.03889
0.184563
-0.470371
-0.200385
0.672346
-1.23049
-151.539
1.13476
0.352811
-5.20949
-0.41303
-0.249167
12.4638
1.10955
1.54647
4.28805
5.43261
-0.65868
0.789905
-0.31359
-0.581713
2.38536
0.555786
-1.40764
-0.475682
-1.21746
-20.5247
0.822302
-4.384
-6.22573
0.74365
0.133426
-1.13095
-0.131841
0.845748
0.881536
0.307732
0.664337
0.0808349
0.394173
-3.89747
1.44349
33.6161
18.8538
-1.31222
0.538046
-0.749727
-1.15252
-0.0139987
-0.183729
-1.5301
-4.18639
0.103415
0.760132
0.847362
2.04579
0.628651
-4.42592
-1.42872
0.419098
0.332715
1.15626
-2.10859
-0.249818
0.957864
5.91742
-0.528413
1.66725
3.23581
-0.200492
-0.965016
-1.05973
-0.956745
0.0623611
-0.367967
-2.25862
0.747309
-0.245094
0.0392506
-1.07557
-1.66223
1.43339
1.87097
3.92085
-0.817492
1.69796
1.94521
-0.00762598
4.5251
1.1532
-0.662543
4.48607
-0.641945
3.26244
0.243403
-7.06706
-0.363918
0.607014
-0.392052
2.64709
2.09595
0.165235
-0.0346018
-1.03502
3.63129
-1.53861
3.44873
-2.29333
-1.91819
0.635135
-1.02176
3.18088
-3.85405
-0.319041
-1.05771
0.360475
-1.69059
2.52108
8.73509
-0.292511
-2.02512
-0.187346
-5.53896
3.02518
-0.248705
-3.54785
-0.0511057
20.5403
0.967376
-0.180437
-0.31339
-0.899587
0.90458
0.0605326
1.66221
0.862089
-0.366648
1.09507
2.12174
-3.0494
-12.1807
-1.33926
-0.556524
0.415437
-1.77536
3.95098
-1.91712
-1.90383
-0.649161
1.08483
-1.584
-0.520026
-0.682229
-0.722004
1.14189
-4.47868
2.3152
1.52121
1.45897
1.19515
-0.731445
0.309812
-0.143255
-0.0531183
4.17761
3.94585
1.47941
-0.546542
-0.007062
-0.774248
4.67147
-1.9778
1.20527
0.0489047
-1.22433
2.82733
0.171712
1.25225
-0.759966
-0.785182
3.41069
0.699683
-1.75917
1.00493
0.290354
-0.508329
-17.9369
-0.455338
-1.97291
-0.43879
-0.0873789
-0.17383
-7.31663
0.794556
1.08011
1.11485
0.902415
19.3919
3.07092
-0.362443
2.35484
1.59434
0.453279
0.996219
-0.696445
-0.72233
-5.02046
-0.919424
2.64102
-0.0923483
-2.27466
0.479056
0.337243
-0.122353
-0.258084
0.0346464
-4.24866
0.203446
0.452864
-0.257795
2.20372
0.117513
-2.86784
-2.10006
-1.07537
1.14204
-25.6453
0.149223
1.18885
1.51448
-2.06225
0.792211
-1.82806
0.33514
0.634525
25.1944
-0.204606
0.432635
-1.21678
1.75717
0.905075
-3.3579
1.57291
-2.08647
0.0547498
-0.561944
0.60686
0.644716
-1.0963
-1.83489
0.11275
-2.32046
-0.347438
8.02875
-1.30812
-0.857505
-0.339314
-0.385678
-2.32981
-0.549818
1.12772
0.488281
-1.46722
1.71136
16.9841
-3.51115
18.3712
-0.233766
-0.176141
0.662604
-1.07186
2.66016
2.86537
-3.03813
-1.9669
0.72279
-1.06538
0.519564
-2.99168
-1.65266
1.72252
0.88782
11.0669
-0.368614
-0.194168
0.271065
0.904721
-0.529732
3.68038
-0.216389
1.09098
-1.37032
1.69873
0.260033
-37.4597
-12.7042
-0.0135081
-2.25497
-0.386759
0.0333671
0.379705
-0.0420645
-0.859671
-1.13112
-3.01516
8.31235
-0.378395
14.3471
1.03236
-1.04621
7.57048
0.489053
9.94663
0.306267
2.35111
-4.48242
0.618783
0.67275
-1.15745
-9.06837
-0.179248
-0.360176
-121.555
3.9469
-0.825643
-0.481995
-1.46925
-0.563037
2.27935
-8.73042
0.54873
-0.394314
-0.200814
-0.717958
2.54115
0.845077
-0.853178
0.295284
-0.193305
0.807967
0.171154
-0.335952
-4.50121
-0.105314
0.887739
-1.11248
-1.5855
5.46037
-4.58609
-0.74806
6.67429
-0.99439
1.16686
2.7876
-0.698998
0.733144
-0.125726
-3.50824
0.72792
0.972376
0.342799
-3.16598
0.732371
43.312
-0.54036
2.96944
5.7165
0.357883
0.473253
-4.79899
-1.08219
0.772848
-0.4932
2.02274
-0.0860267
3.13686
-0.503538
0.908962
0.0947149
-0.268756
-0.379724
-0.0298795
11.0345
-2.74923
8.26062
-0.682634
-1.61945
1.97016
0.227154
-0.424313
2.15218
1.4075
3.2508
-0.835641
-1.34151
-0.00676535
8.39574
0.577902
-1.40072
1.00257
5.35674
-170.091
2.42227
-272.566
0.718832
-0.772281
0.270101
-0.602634
0.607884
-1.54571
4.80875
-1.07911
-1.78187
1.32059
1.02695
-1.46301
0.946008
0.212522
2.69733
2.99473
2.71684
-0.978296
0.727879
0.253016
0.43113
2.69442
0.0375429
48.832
0.402653
0.00620244
5.22394
1.28239
0.945075
-0.545573
0.312301
2.44823
0.67398
-7.99158
0.335074
-0.45193
0.168893
0.790727
0.0566159
0.806905
-3.83153
0.534825
-0.425405
-1.48216
0.840707
-0.890372
-1.97157
0.336732
0.434
0.185249
2.40341
-0.938731
-1.42708
4.10841
5.00287
0.0969201
0.924625
-1.22465
2.12837
117.229
-1.05549
-0.762184
0.557984
-0.368645
0.419022
-15.2092
-3.15983
-0.524378
0.465088
2.70784
0.727392
-0.819271
-0.800574
-0.508551
-0.143726
-0.0398163
-1.82787
-2.85527
2.42886
1.91345
13.7326
0.996275
1.63104
1.09261
0.394724
113.196
-8.5941
-4.78698
-0.683735
-0.115892
1.85315
-0.376948
0.09168
1.77934
1.052
0.639858
-0.884681
-3.2081
-1.71477
-0.572195
0.41773
-0.905138
-0.272966
0.614477
-1.03489
1.17781
0.851012
0.61467
86.3244
-7.29808
0.340758
-1.46833
-0.571318
-1.32212
1.69098
-40.5516
6.1359
-0.592757
2.1974
0.0904019
-2.42413
-0.162848
-0.203787
-15.9383
0.586599
-2.41899
3.12007
-1.98279
-0.396655
0.0139144
-0.862293
-0.632883
-1.77427
1.70891
-0.220946
-5.38743
1.17687
-20.6737
3.02295
-5.09427
0.173135
0.850655
-0.491633
-0.279342
1.69013
1.19145
-0.46721
-48.9326
-0.546734
0.249845
-2.3109
0.412182
-0.604066
-0.466486
-0.755649
1.6186
-1.26644
-1.39363
2.13757
-0.0615598
-0.884185
1.6193
-5.45979
-14.6772
-0.325328
-0.251269
4.00101
0.136877
-1.1869
0.415973
-0.363744
-0.745261
-0.104979
-0.836198
-2.95945
-2.14306
0.558965
-2.07135
0.251619
-0.192056
0.361585
-0.174938
-1.71717
1.23724
-2.34105
-0.357776
0.473098
-3.53939
-3.88326
-1.31786
-0.746899
0.428012
0.22807
-0.553173
-4.40898
0.453847
-1.00223
1.46194
-1.05537
0.469646
-0.308355
-2.60424
0.128956
-0.259007
1.48781
-0.320551
1.8338
2.36548
-3.14472
1.64773
-0.398709
1.10061
7.43271
0.611624
-0.120308
0.180567
-2.26778
2.65463
-0.0334362
0.132528
-26.718
-0.435457
-3.60239
-2.58961
0.343633
-1.95114
1.1203
-2.97155
-1.94373
-3.86592
-0.126437
-1.31339
-14.6838
0.641277
-35.2493
-1.6051
-0.763695
1.27238
0.4465
0.302259
-0.853765
1.0378
-0.115024
1.15485
1.23283
9.01097
0.444854
-1.59529
-0.216176
0.74565
-0.229178
-0.0345278
0.657165
-1.86676
0.692497
-0.610436
0.0225647
-2.53045
0.903638
-0.770478
-0.357337
3.07517
-0.817056
4.0964
0.803255
-7.77696
3.6903
-0.200649
1.11795
-1.41813
-0.782468
-1.51339
-2.03351
-4.05509
0.26977
1.13541
0.896092
-0.213895
-2.53445
-0.6758
-1.13718
0.42493
-26.4459
-1.22795
-1.73702
-0.0449988
1.76771
3.43452
-0.820492
0.637351
0.149033
-2.85802
-0.348317
0.344944
-1.65014
2.47327
1.42452
-1.09306
0.532276
-0.963891
-4.29631
1.23677
2.24862
0.130963
0.445154
3.39998
0.0816429
18.1191
0.838064
-0.83311
-0.346421
-0.414892
0.449713
-0.225668
-0.485119
0.0684942
1.19459
0.593022
0.41232
2.06103
0.588047
-0.198264
-6.25695
-0.660518
6.34825
0.584293
3.50747
-0.336751
0.770648
-0.295583
0.575425
-19.9329
1.24852
-4.72911
-0.289959
4.67739
-0.782759
-0.349003
-269.59
-0.996088
-2.00577
0.0178372
4.46894
-0.180886
-14.6281
0.598822
11.077
1.2661
7.98046
-2.14473
-0.00356949
-3.73207
3.67141
0.638185
-0.550249
-3.32181
-5.74983
-0.125916
-2.37902
2.01537
0.494975
-0.836483
0.739484
6.54482
-0.57118
-1.24326
4.2876
1.45643
-2.77118
5.06707
0.420018
-0.807578
-1.96578
0.0841083
-1.5567
-1.13244
-0.252781
0.784226
0.974135
-0.846982
0.483224
1.92192
-5.88439
-1.43907
-1.96662
4.63976
30.3746
-0.426321
0.382278
-0.219989
3.41219
-1.92805
-2.73257
1.46977
0.214156
-0.0766878
0.166125
0.525931
-1.39891
1.45047
0.280844
0.16978
1.22772
0.918932
-0.0274593
0.686217
-1.6321
3.02714
-0.200584
0.803466
0.420832
-0.653064
-7.32789
0.213997
-7.45288
-3.54402
-0.932543
7.68175
1.20397
0.771153
2.87287
1.03608
17.3372
0.964836
0.541286
-0.334791
1.43335
-0.457179
-0.24228
0.41956
-8.26275
1.20157
-0.627248
-1.1383
0.612456
1.25631
0.502498
-0.115942
0.773942
-0.395237
0.160202
-0.135216
0.263702
-1.25937
-0.393711
-1.331
-0.168667
-13.5074
0.628823
0.302657
0.586513
-0.383708
7.77286
-0.754533
-42.3366
23.7444
-1.41448
0.425814
43.0854
0.444252
2.76413
-0.356229
1.87948
-0.317221
1.6006
-0.0909323
-5.12331
2.9896
-4.99378
0.47283
-4.64866
-0.698871
-1.84244
-1.47908
0.924272
-4.4446
0.274895
-2.49813
-2.70091
0.946242
-0.136156
-3.47896
0.491727
-4.32966
0.246321
1.06598
-0.472668
1.05129
-0.875374
-9.23391
-1.80596
0.288981
-0.546657
-1.34802
0.57861
1.38003
1.71547
-0.635375
0.0785984
0.174077
0.569223
1.08184
-0.661352
93.8165
2.89442
0.920488
17.9475
-1.27549
0.481174
0.469726
-3.44557
-0.275482
-0.0187878
-0.0334596
0.0106735
0.0144883
1.68785
-1.77672
4.24311
0.488483
4.75582
-0.876415
1.61393
-4.01547
0.510393
-2.92467
-13.773
0.770451
2.6485
0.372852
-12.0439
0.273045
-1.20945
-0.225699
-0.173811
-0.561292
2.37786
2.43448
-1.61737
5.57871
2.69973
-3.91767
-4.28993
-0.519235
0.635908
0.595241
1.08969
1.09557
-0.834488
11.0461
-0.170024
2.87339
-0.606063
1.51887
-2.78368
-0.137812
0.24672
0.835145
-3.0949
-71.5515
-0.731385
-0.329704
0.782082
1.23039
0.243386
-3.47072
-0.511848
0.425492
2.41585
-14.6153
-0.124162
-1.30433
-0.394534
-0.680499
0.351426
-0.412112
-0.13415
-2.32617
-1.34152
0.0762973
2.47101
3.38928
-1.44087
0.628169
-0.17585
-0.181214
-0.692321
0.177175
2.23354
-0.578136
-0.821866
1.53919
-2.64135
0.447192
1.00665
3.81871
-1.13662
5.23438
8.54272
-3.71272
1.40613
-0.149352
0.7451
-1.55789
-0.259249
-0.612374
-0.329547
0.0788244
1.60223
2.07742
2.39556
-0.173388
-4.96683
4.18248
-0.515775
-21.1786
0.296645
3.02087
-1.68712
-1.5807
-0.1366
-1.54369
1.63984
-3.52171
-0.35034
-1.22468
0.108849
4.36056
7.77683
-1.79215
-6.23196
2.89634
-0.932499
-0.682994
-0.575604
0.957727
-0.17577
0.937659
-0.520795
0.586811
-0.134095
2.14647
-0.356952
-2.22865
-30.776
1.25496
0.236436
0.022123
-10.7453
-12.6538
0.416197
-0.346079
0.787912
-4.90736
-1.06689
0.253276
0.921177
-0.129549
-1.98983
1.95669
-0.926486
-0.723468
1.05519
-1.43227
0.30718
0.865095
-0.835262
-2.61609
1.30835
0.943972
1.06739
-0.0936942
-1.07831
-0.0140099
1.36291
-0.0793461
1.35267
3.16724
-0.816813
0.0624066
-0.322466
3.22355
1.60501
-0.499255
-0.872899
-3.04114
-0.116651
0.313379
-0.522991
3.23238
-6.20391
1.00088
0.2024
-0.781473
-1.41986
-0.979517
-1.09325
-2.18663
0.787737
-0.783739
4.40566
9.13261
0.292128
-4.02668
-0.613821
5.69266
-0.837518
0.354944
0.613815
-0.0930463
0.910734
-1.70848
-2.75637
0.696345
0.337737
14.7999
-6.17563
-2.08628
0.429294
-135.689
19.7208
-0.616435
-0.436974
-0.280774
0.656463
-0.389872
3.19973
-39.7224
-0.546581
1.28305
-8.27784
0.131198
1.27195
4.77357
1.12008
-1.00938
-1.41063
0.554359
-2.29627
5.21654
0.807765
0.645302
-0.155341
-0.293687
5.66147
-0.437497
-0.88239
1.47707
-3.5665
1.31652
1.70336
2.29778
-0.0109127
-0.323512
2.54938
0.665559
1.65857
-1.70871
0.253062
-0.230005
1.46618
0.495891
6.02017
-3.07132
-1.36998
1.24323
-17.7988
3.17715
-0.621965
-0.00317851
-0.542136
0.551151
0.509392
-1.06187
0.684757
1.77377
-1.95433
-1.12828
0.671296
0.79253
-0.501426
-3.5267
-5.20523
-29.1306
-4.22179
0.644201
6.45569
2.4741
1.76601
-0.262621
-1.79012
-0.376164
2.91709
-1.28511
-0.689191
1.67442
6.26427
0.414416
0.807518
-37.4337
-1.62948
-0.275009
-0.417501
1.07189
4.02965
1.56323
0.295612
14.4774
-0.590812
1.76497
12.4677
2.69574
1.73666
-1.24705
-1.40993
-0.482869
0.981412
-0.828798
-0.28261
-1.69317
1.21875
-13.6958
-1.07146
0.153045
-1.011
-2.55768
-0.144447
-0.87481
0.856304
27.9863
0.357461
-1.35648
-1.44101
1.43711
1.82543
-0.156653
-2.05057
0.712046
-1.78763
-0.96625
-2.66736
-2.64387
-0.255228
0.0922037
-7.47229
1.07259
0.905308
4.6998
-0.443216
-1.4697
0.0364477
2.14373
-0.41536
0.548285
-0.394162
-1.10938
0.82046
0.244508
0.772926
0.617804
2.09358
-0.750674
-4.51239
0.610833
-1.3817
0.797724
-2.01401
-0.12632
-3.53314
3.07555
-0.108529
-17.4028
-0.411329
0.822254
-1.42958
-0.294788
1.06302
-0.219143
0.143972
0.228557
-1.60284
-0.0439886
0.360093
-26.7926
0.0230467
-0.206953
1.01715
-3.6675
0.601718
-8.73968
-0.00850157
27.1609
-7.05672
0.370571
-0.964925
0.178301
-61.9644
0.350303
0.88703
-4.6603
-1.19359
1.6119
-1.47029
-0.680111
-0.422745
-1.37887
-4.84543
2.80487
-0.590809
1.56423
1.37422
0.794723
-0.653458
-1.82754
0.513025
6.79627
3.04931
-5.78181
-2.47865
25.5468
-2.96643
-0.494142
-1.02298
-2.27821
-0.15104
0.964381
-3.61082
0.279261
-0.435768
-5.70867
2.53279
1.32291
0.54527
31.1808
-0.873019
-0.53492
-0.219009
-0.472264
-0.102987
-1.12484
-0.590236
0.335955
0.762936
0.356779
-0.183071
-1.74743
0.646544
3.46838
-3.63508
-1.17512
0.946268
-1.00711
-0.0135237
0.205267
3.54374
0.457981
0.976345
-0.102587
-1.09622
3.93197
4.25309
0.606901
-2.82027
0.294143
-3.56483
-1.51185
1.789
-1.97453
-1.0208
-1.59956
-1.00945
14.2068
-0.381729
17.2056
-0.326301
1.20226
0.860831
7.29078
-2.39383
0.093188
-8.33629
-1.84315
0.308243
0.857704
6.76531
-0.585953
1.56015
-0.0579474
-0.340324
0.479975
-1.28341
-15.372
3.52835
14.7987
0.533355
-1.09306
-1.67353
-0.69679
-1.55637
-36.5238
-0.590876
1.17108
1.18059
-0.0869347
0.135047
5.06111
0.703194
1.40235
-0.911339
-0.764246
-0.488413
-0.592621
0.607605
-0.58353
0.523754
0.828458
0.132624
0.496409
-0.115096
-0.226412
-0.482957
-0.41095
0.351833
0.588137
-0.820298
-0.310367
0.936717
0.678215
-0.9247
0.243043
1.39495
-4.2697
-0.161183
-0.102025
-2.21016
-2.58309
-1.2958
-0.670382
12.7117
-3.30023
0.556018
8.73833
-0.516701
1.42994
-2.85962
-0.534612
-0.39895
0.613694
0.0779878
2.74722
-0.304949
1.36318
-1.3722
-0.15876
-24.2811
0.614544
0.361219
-11.2699
3.72667
-0.213149
1.82535
2.60515
0.396726
-0.808987
1.49377
-9.48733
-11.4746
0.551153
0.254705
0.620939
0.791522
21.8053
1.33311
-6.04071
2.93285
1.13206
0.0467172
5.18568
12.3082
0.791339
-0.382383
-33.3268
12.9283
-1.72623
0.202886
-0.380136
-1.33556
2.80247
-3.02765
24.1082
0.0469944
1.5533
-1714.04
-1.09259
-10.014
-0.104585
-4.7651
-0.0915362
-0.28342
2.65118
-1.05073
0.595113
0.726113
-1.07692
4.43828
0.585427
0.816425
0.488528
-0.96098
-0.362112
-1.13903
0.36972
-3.55004
-1.12361
0.0581285
2.27995
-0.242553
0.161667
1.05037
-2.4284
1.20227
-0.742784
0.323524
-1.02038
-0.936441
-2.21286
0.765083
-0.337459
-1.67166
5.02777
0.632553
-7.2055
-1.83326
-116.643
1.12163
-0.297568
0.203547
0.699347
-1.15367
-0.495756
-0.230264
-0.723449
0.496991
-0.805038
0.275061
1.02216
-0.412608
-1.73856
-1.45215
-2.89071
-1.77724
-2.09524
0.115217
0.0982927
-0.279102
-4.86873
-0.78654
-1.94074
0.559648
0.710381
-0.914051
-9.81324
0.774167
-0.0312646
17.6793
-1.85865
0.499024
20.7502
1.03083
1.7469
-7.99668
-1.73236
-0.0338202
1.89813
1.96413
-1.26424
-2.21226
5.05956
-1.49624
-2.47044
-8.95159
-1.08808
-25.0486
-0.195354
2.35372
-2.78624
-0.627967
0.381237
-0.29267
-11.6322
0.71398
0.153186
-5.51874
1.00745
-1.61659
0.850129
0.0468239
0.0219963
1.76286
0.296597
0.274257
2.83951
-0.186309
2.52204
0.0686048
2.72239
-1.00498
2.35737
-67.8104
-5.68902
-0.971984
0.163702
-0.409903
-0.755472
-0.270747
-0.501515
-2.30677
0.62469
1.96972
0.538213
0.000650678
0.925721
-3.31133
0.205979
1.17938
-0.349212
-1.29978
1.63305
0.676712
-49.2512
-1.5948
2.51108
1.97403
0.0222863
-6.37019
-0.222215
1.72998
1.49293
-2.26916
11.9051
2.13658
0.780321
0.793068
0.739518
1.05295
-0.54932
0.0783154
-2.75957
0.735416
3.56463
-10.8072
-0.432774
-0.158687
-0.183283
0.506165
-0.608018
-0.178103
2.66778
0.855384
0.636926
-0.511933
4.5712
-2.73377
-2.78171
2.93453
1.67248
-1.4564
1.74059
-1.76651
0.0851308
-1.37574
82.736
-30.9379
1.31793
0.514597
2.20876
1.82366
1.94873
0.586681
-3.48852
0.641134
-11.7551
-1.18033
-6.31055
-0.37951
-0.80608
15.2035
0.452244
-14.4381
-0.813375
-0.627757
-0.208047
1.69682
9.09995
2.12054
3.6489
-3.22333
-0.581312
2.67585
-0.572588
0.922677
-3.2265
-0.52358
9.10555
8.07645
-1.05605
-0.937264
-0.360011
0.131116
-3.12268
-0.34211
-84.107
0.139566
-10.5712
1.13217
1.38261
-5.19633
-2.09895
-0.332219
7.60707
16.7429
1.06597
-0.837797
0.462767
-0.615389
-2.40287
-0.249184
-0.483204
-0.93386
0.821978
-2.2962
-1.62972
-0.069282
-1.47102
-9.73506
4.94593
1.31312
-1.76593
-0.34223
0.259036
-4.21557
1.23826
0.227251
0.566239
1.17824
-17.6139
7.32455
4.15715
0.169753
0.22052
-0.756253
0.483
3.95462
0.389374
-2.65017
2.32963
-0.747353
0.157429
64.5634
2.50359
1.10147
-0.295853
1.02742
0.892602
-0.707017
-0.831006
1.41096
3.90635
-4.75227
0.298463
-7.25622
-3.07668
-1.22595
-0.793603
1.16312
-0.814888
26.781
0.37939
-2.93285
-8.5962
-0.2529
-0.559584
1.15471
-0.356056
-0.535869
-0.825799
-0.0209217
5.04029
-0.0849369
-0.948815
-0.162672
1.58425
17.6634
2.31398
2.45023
-1.69373
0.822347
0.544319
-2.97794
0.635364
7.92876
-15.5201
-0.172515
-0.166148
-0.244397
-0.0480924
-0.239592
0.895238
4.17236
0.706104
-0.321516
6.69294
1.86296
-4.4038
-2.58828
-1.82828
-3.63474
345.168
3.64363
3.10425
1.22287
-2.22035
-0.17875
-0.605164
0.0136257
-0.691342
1.13264
-2.64155
20.3583
1.83197
2.09384
-0.405311
0.338593
8.69241
0.264874
0.0744548
1.36693
-0.629759
-0.877454
0.504155
-8.77698
1.71369
1.91282
0.525686
-1.60317
0.186967
-0.878028
1.07557
-0.675603
-1.93603
-0.197235
-2.36661
-1.42771
-0.352688
5.2364
14.5494
1.82814
-0.367121
-0.014797
0.813688
0.416912
0.0466931
-5.66536
-0.61132
1.16504
-38.8459
0.237119
3.03507
-3.47303
-1.56432
0.709704
-0.80727
0.891476
-0.235611
29.435
-44.4206
-2.78084
-0.148981
-1.51846
0.473934
-0.887969
0.140383
1.7001
-5.0237
-2.13052
-1.66128
-2.61842
0.293074
8.2261
-0.975308
7.77362
0.488276
0.782089
0.480307
2.89889
-0.385293
-1.16905
-6.04877
-1.24972
-3.01362
0.932375
2.75125
0.0987068
-0.276605
0.0396784
-0.830516
-0.460191
-3.02455
-0.413845
-0.312662
7.06946
2.49394
1.01836
17.3481
0.554467
32.4641
0.46869
-3.76106
0.198237
-56.5393
-0.576921
0.684405
0.984523
0.803423
-9.71278
1.06922
-0.227659
0.975982
-5.69633
-25.2034
1.93531
0.13927
-0.0402581
3.69473
-0.528443
-0.30964
18.4862
0.482527
-0.200302
-3.26155
-0.378989
0.358257
-24.8652
-0.355774
-1.72383
-0.112379
1.55795
-0.471244
-7.14512
-16.898
10.5748
-0.297407
-0.813779
0.798704
-0.93017
-0.328048
1.96483
7.19251
-1.45731
145.06
0.622026
1.42913
1.97059
-4.82722
1.79389
-1.99101
-0.0297044
-2.77656
0.27641
32.392
-1.42646
-3.00424
-0.840169
0.965858
0.977028
-1.32598
1.25487
-5.92498
-0.268827
-0.120382
-0.976496
-0.128453
-1.28053
-1.65444
-2.36184
-15.4331
-2.26256
1.03004
2.09467
-0.402849
0.730484
0.0345702
1.82019
-2.46439
-0.419727
1.54751
-1.48345
1.96767
5.01771
-1.13653
-1.68037
5.71694
-0.716798
-0.0951017
-0.993553
0.591239
11.2449
-1.84956
0.471902
0.0335462
-0.699475
0.136429
-1.23822
-0.532589
-0.0233944
-0.696444
5.61504
1.39652
0.147303
0.120346
-2.05266
3.62692
1.41246
0.278796
0.690737
-0.349621
-0.437174
8.98149
-5.26654
0.589672
0.101921
-1.24568
0.749421
-0.896371
-0.368894
-0.571207
-0.73189
0.0656603
-1.30389
3.93693
-1.68316
0.188543
0.60992
4.95494
-0.152541
1.83303
0.678267
0.704639
0.203891
1.21993
4.51164
-6.88269
0.934595
-92.1484
-1.62215
-0.276119
7.34299
-0.138236
1.31143
-1.01543
5.8869
-0.307602
0.35028
-0.339037
-0.426566
-3.31289
-1.25382
2.76247
0.624072
6.46379
0.0444048
3.51115
-0.815384
-1.77238
3.24044
-0.461649
-2.1677
1.48242
-0.220049
0.361596
-0.789546
0.680875
0.965389
-1.3206
0.0543511
-0.60109
0.76914
-1.46605
1.55268
-0.734056
4.81941
6.93007
-24.9568
-1.76911
1.47161
-0.125806
16.9679
-0.649079
-1.11037
0.946369
-0.019222
3.05065
0.223998
-5.76224
1.13883
0.0572002
-0.187223
2.18472
0.429518
-4.76085
36.178
0.226591
-1.04733
-0.356416
-0.497459
-1.09973
0.469261
-4.1687
3.60642
2.8895
-0.870695
2.64505
-2.19773
-0.0850198
-1.03246
-0.343598
-5.67638
-0.0180943
-0.0622332
-2.07768
-8.16914
-4.66765
-5.74746
-2.23506
1.15073
-1.97674
-5.24005
0.51726
-1.81721
-1.7462
0.454723
13.7091
-1.12035
1.7241
-0.177322
-3.25064
6.67759
0.0332292
0.281565
-1.9178
0.390246
-0.179502
0.849398
3.02119
-2.87982
0.636116
1.97224
-0.787571
-1.63587
-2.60923
0.724326
-0.981821
-2.6726
0.0751497
0.618854
-1.02715
-0.731343
-1.37898
2.01634
-0.00964275
4.54445
-10.2208
0.0426468
0.67515
-0.146981
2.08977
-1.0541
-0.299998
0.569751
-0.323997
-1.79011
-0.364674
-0.741309
-1.41656
-1.49248
9.28096
-0.953996
0.0366738
10.0577
3.87572
0.358272
-0.444237
-8.09649
-0.857424
-0.915271
-3.15407
-0.255854
-0.521945
0.821016
1.36982
0.267079
-1.62292
0.201551
0.223244
-4.31364
-1.5584
-1.0605
0.485908
-4.98706
1.0241
-5.78365
0.975442
-2.49106
-29.2797
-0.927175
-0.216498
-0.0275909
1.60211
1.30938
-0.0537753
-0.510936
0.326329
-3.56753
0.819636
0.897874
-0.618127
1.95481
1.74035
-0.850554
1.15934
-0.691003
-0.592228
-0.519163
0.605085
2.0666
-1.54616
-0.873028
-0.721854
0.785791
8.72526
0.457136
-1.13892
0.510546
-0.371673
3.48069
1.05378
0.211282
4.45276
-2.84346
2.63973
2.57546
1.15552
0.496559
0.866962
-10.0009
-5.78248
-0.6575
-2.42331
1.83437
-0.506747
-4.50162
-0.0896664
0.898803
1.00591
-0.513524
8.68048
0.643555
0.0441805
-0.24816
9.14385
-0.0338171
0.313266
-0.428794
-0.0723905
-0.669429
-9.83859
-0.261887
-0.523385
-1.80901
1.65249
11.8239
-4.93589
-3.13365
-5.33107
1.05086
-2.79235
-0.309463
-1.00196
-44.6584
1.57023
-0.750313
0.273601
0.00240772
0.0936964
-1.01571
-0.487365
0.529489
0.268032
-1.28412
-1.0653
-1.65289
-0.08912
-0.829598
-2.05245
-1.60492
0.0555818
2.41712
0.556742
0.783398
-0.576986
-0.319695
-0.51967
-0.409182
-0.0791397
-124.867
0.0130649
0.301614
-6.45428
0.564327
-0.758184
3.47133
25.9998
0.536084
0.903405
-0.85878
4.92585
-0.371119
-1.1526
33.6543
2.41515
-2.44482
-3.1851
7.061
-2.47431
1.44029
-0.27562
-0.0760962
0.249455
-0.0168951
-0.92349
-0.857753
-0.118184
2.86826
1.52293
-10.6685
-2.10348
-1.72704
-2.89921
0.653066
-2.90076
-0.312245
-0.687845
-1.20749
0.115033
-3.08919
-0.574833
1.58785
0.0393691
-1.74597
-16.2946
21.5047
-3.88053
-1.14282
0.678958
0.88695
0.649414
-0.676964
-0.105098
1.43223
0.860716
0.0144419
-0.694736
0.235502
-0.366302
1.83415
0.951637
1.96446
2.29228
-0.395705
0.313944
-3.56181
-0.00175378
0.998156
-8.00867
-0.877017
7.14756
25.6286
-0.447957
1.83237
0.898156
-0.00170097
-2.17605
-1.04685
-0.186913
11.4567
-0.372125
0.643649
0.108231
-2.0976
0.307731
0.236673
-1.81829
1.04896
-39.4885
0.0476733
-0.677002
0.46774
-0.85345
273.569
-0.16395
-0.62218
2.72923
1.2808
0.789491
-3.92328
15.3116
-2.26631
0.0509168
0.896849
0.586462
1.26437
-0.174983
-2.32414
0.837605
-0.211877
-3.66229
5.6746
-17.9961
0.804822
0.676772
2.60862
-2.54182
-5.60313
5.5883
0.161109
1.8554
0.28423
-7.25583
0.795787
-0.256908
-1.33855
-1.51844
0.742215
-9.9442
-1.15828
-2.29074
-0.310082
1.19975
3.43968
1.55839
1.1446
3.1149
3.13942
-0.367238
-1.36349
0.332507
-2.07384
0.18935
0.333847
-5.27213
-0.109639
-3.70719
1.13104
1.82148
-0.324143
-0.282163
-0.573961
0.221146
0.244905
1.01477
9.09735
-0.317833
-1.9936
0.938747
1.73064
0.0717767
-1.31606
-2.26588
0.311523
-1.66632
-1.78644
1.51822
2.30105
-2.46684
-16.9247
-7.6427
-0.337765
-0.192168
-0.231029
-0.150454
-3.27137
-0.594458
-3.929
0.865407
-0.290903
-0.873856
1.34411
-0.822066
-1.74391
1.93903
5.38963
1.18598
-0.1596
-0.368381
-1.76406
3.24095
0.245151
-2.90828
1.0611
-0.304856
0.984717
0.305817
10.1579
-0.632177
0.497599
0.531295
-1.516
3.27077
0.162583
0.691436
-0.20277
1.41025
4.06844
9.83723
-0.776938
0.352672
-0.705592
0.908134
0.34239
0.8636
13.8318
-1.0669
4.03464
0.586505
-0.885347
-0.3445
-2.06005
0.567273
-0.326512
1.24652
-1.56664
0.103524
-1.73009
-0.872924
0.656056
0.599988
-6.12835
0.0283632
0.534695
-0.0805204
2.15875
0.613425
-4.95743
2.66888
-0.988682
1.76342
-0.210206
-1.22485
-6.66188
1.06239
-0.681148
2.66391
3.00173
-0.808643
-0.547914
1.65027
-29.4938
2.42571
-1.06853
-0.826559
3.51301
0.450545
-0.0644758
1.15677
1.47513
7.39002
-1.24912
-1.38311
2.2701
-0.837234
1.52375
0.19847
-0.0773788
2.54335
-0.702251
12.4726
-3.58828
-0.635065
0.01433
-0.838071
-2.74226
0.0837778
-12.3825
-1.03059
0.0771322
-0.107901
-0.653488
-1.46511
-5.91904
-1.41167
13.0015
4.46378
-0.127632
3.51617
-1.85365
0.301482
-1.11204
-0.692105
0.580067
-4.10031
-1.76292
0.477818
-0.894751
0.177126
-1.72965
0.616786
-2.43045
-0.659938
0.251683
0.841352
0.567677
-1.12755
-0.758749
0.508025
0.383059
-1.70057
-1.21691
0.632441
-1.50094
-46.8283
-13.0762
-1.71501
0.249606
-2.85148
-0.342901
9.71415
-0.144692
-0.213565
0.206325
0.63804
0.761341
-25.4305
0.340107
-0.835228
-4.63104
0.888131
1.58802
0.73313
-0.946246
-1.67152
2.36163
3.26283
0.928629
-2.32957
51.1498
0.349353
-20.8493
-0.751735
0.290488
1.38294
0.977426
-5.69081
-0.469353
-0.0651894
1.85256
7.29308
-2.78274
-1.96819
-0.374889
-0.826512
-0.641496
-1.52256
-1.31546
-0.258606
-2.19575
-1.18604
0.310584
-3.13416
0.107102
0.23367
-1.13592
-2.47451
-0.334557
0.0380973
-0.484647
-0.541312
-1.78415
-6.73069
-0.505913
-2.44506
-2.47308
0.483921
-0.10337
-2.02424
0.0614182
-46.1004
-1.10844
-1.28931
3.87675
5.94445
-0.285706
0.966125
16.908
1.51451
-3.11124
1.25725
0.237993
0.838637
-0.00190375
0.617657
2.44652
0.420928
1.16521
0.979217
0.994833
3.35162
-50.4943
0.298982
4.17379
-1.00991
1.65111
1.71029
0.301187
-1.66436
0.333088
-1.01811
-0.396439
-0.992707
1.49996
-2.80678
0.8471
-1.68154
-2.4173
-0.889432
-0.305336
11.2446
-0.307387
-0.185326
4.71107
-0.267766
0.956457
-1.12206
-9.89154
-4.77948
-0.210153
8.37345
-0.26059
1.23176
6.7462
-1.4284
1.10497
0.121444
0.551315
59.34
0.665965
1.02933
1.21826
6.94896
1.23752
0.328544
0.640595
-0.378557
-0.717667
-1.88519
-0.0945231
5.64638
-0.0530913
0.935264
1.73075
-1.3345
6.71179
-1.07346
0.787185
2.64704
0.268322
-1.10524
-0.241479
0.0282074
-0.122895
-1.30776
-0.327875
0.650585
32.3475
0.816492
15.4528
-0.49461
-2.29676
0.20909
-0.260963
-1.64124
2.22358
-13.0286
1.30536
0.447533
4.03747
0.0671731
0.836562
0.947213
-2.91823
-0.431885
-0.43712
-0.231578
-0.330477
-0.428477
0.979646
0.359152
5.59774
0.20362
2.13723
0.688019
-1.24661
-0.340833
0.948201
-0.61504
-0.106983
1.17107
1.01575
-0.984373
1.84868
-1.52403
-1.61852
0.40976
1.95877
2.29132
-6.45815
1.16414
-0.607028
-0.407014
0.390995
-1.04901
0.435729
10.7176
-0.796699
-0.599213
-1.77079
-1.37279
-0.503926
0.857853
-0.358901
0.612965
-1.38869
0.591302
-0.920289
3.2064
1.31337
1.65303
-3.16706
-1.05334
-3.16941
3.13676
0.324558
2.00257
1.60549
5.35414
12.6055
-0.502452
1.12435
-0.632538
-0.219117
1.48928
-0.450906
0.591586
5.35991
0.304782
0.249856
0.539624
1.61599
-16.9096
-2.53057
-1.19607
46.1074
0.478525
1.88987
-0.971538
-0.710518
-0.687496
0.303793
3.05762
0.614193
-0.8093
0.403013
0.778725
1.31783
-0.0354518
2.25409
-0.457203
0.461933
-0.492442
-3.0593
-0.112327
1.18952
0.933795
3.45407
-1.21138
1.05422
0.467058
0.48968
0.834919
-0.164627
-1.37856
-2.45955
0.215256
-0.605292
0.00817627
8.37754
-0.246844
2.65066
2.0371
-0.00207482
2.78353
0.290524
-5.63602
0.653901
2.41506
-1.87787
-0.904446
0.242332
-0.0495476
-0.197759
-5.13863
-1.262
0.407769
-0.436581
0.660158
4.75569
3.57092
7.8281
0.0417099
-0.74786
-0.751832
-0.591678
0.0142423
9.04353
-3.6049
0.100627
0.506051
1.25107
0.296535
5.14285
1.23848
-12.3934
1.06619
-0.405924
-0.352262
1.17797
-0.733555
0.304472
-0.15331
-1.06699
7.71136
0.731852
-0.688028
0.0391773
-0.229831
-1.22252
5.2824
0.277229
11.319
0.709315
1.29221
2.87623
-12.8454
-5.21591
-0.393277
0.0824719
0.832607
0.468728
-0.476969
-1.41913
-0.689985
-0.539977
0.0468426
0.323351
-7.1111
0.372917
0.218238
0.283702
-69.7388
0.469296
-30.2274
-0.391216
0.107843
0.86049
-0.384819
-10.9789
-2.1172
1.08317
1.08264
0.273829
-0.57048
-1.66818
-4.60225
2.19692
-9.02201
-3.61311
8.633
0.640973
-0.260977
-0.809138
-0.0445717
-2.58175
-1.17654
-0.964754
-1.00407
-0.734018
0.34639
-0.31228
-0.298787
-0.332263
-10.8764
-0.89416
-1.00661
-0.760261
0.387434
3.24507
-5.43327
11.5337
0.353858
1.10135
-0.226639
0.21817
-1.06933
-1.04945
6.67238
-0.101576
-2.40818
-1.52658
0.175876
0.485693
-0.284641
-16.8847
-3.33774
-2.51855
-3.26466
0.667515
0.72568
0.763736
-0.356994
1.74274
-0.390376
0.526018
-0.139519
9.42569
0.326918
-1.2888
0.614658
3.85546
0.870348
-8.77075
-0.232693
-7.15078
0.69576
-1.1878
-1.51226
-31.508
-0.427519
1.04923
-1.03805
-0.821703
-17.8609
4.47285
1.30018
6.64603
2.36981
0.761551
0.71229
4.69633
1.26173
1.36434
-1.0383
-2.13389
4.44675
0.0189421
-3.70746
0.207992
-0.157409
1.77977
-18.9495
25.7601
0.847149
-1.68414
0.0305299
-0.077023
-0.549877
-0.39873
-1.34004
-0.222476
0.526382
-40.3316
25.5709
0.272727
-0.712487
-0.0434086
-1.52708
2.02336
-1.83747
-2.07288
-0.903543
0.0640862
-4.96447
-4.82549
0.231625
-0.649165
0.18773
0.535248
1.05675
4.55192
1.10274
-4.1664
6.30703
-0.364252
-0.77117
0.814258
-0.482502
0.0516551
-0.116977
-1.35209
0.531176
-9.02822
-0.471349
0.402943
-0.608382
0.00433749
-0.302026
0.62565
-0.357944
0.892542
-0.733056
23.9057
-0.830495
1.95416
9.04629
-1.51284
0.847075
-0.839883
-0.625304
2.0062
1.92398
0.550903
6.40891
0.0809342
-74.1745
0.380129
-0.424152
-3.10462
-1.06938
-3.21012
-2.462
1.313
-2.0675
-0.785418
61.2195
1.29023
2.57585
1.39418
-39.6424
-0.131044
2.45333
-2.17812
-1.52413
-0.405958
0.138049
-0.398021
-0.282095
2.9917
0.124691
-9.3933
28.3049
1.16833
-1.31634
-0.114909
1.21501
1.28894
2.00443
-0.190425
-1.04575
0.478364
-0.0801354
1.92581
-0.296701
-0.867018
-1.40426
-0.00597198
-0.0955375
-1.42682
-1.67698
-0.300076
-1.03849
-3.41045
0.653982
-0.921148
1.85452
0.966192
-0.539598
0.542703
-1.02838
0.405435
-3.54919
-1.80314
0.438836
65.0742
-2.56039
-1.18783
-4.66299
-6.26862
2.98822
0.637799
-1.83033
-0.852554
2.54454
-3.73083
-2.47622
2.71182
-0.318301
-0.863188
1.83914
0.350219
0.571715
0.987664
-0.607332
11.3832
-0.565726
0.672796
17.4987
-0.564978
0.0327409
1.10245
0.901862
1.12097
1.10857
1.13708
-1.14389
0.795529
-1.65585
0.615885
-3.70112
-0.4338
0.995291
34.0175
-6.95526
-0.581836
5.1063
0.193165
-0.0424165
0.248482
-0.167406
0.254967
3.11752
-1.25161
-0.674656
-0.294566
1.33088
1.36614
-0.637564
0.959476
24.8684
-5.3459
-17.538
0.421088
-15.7587
0.615433
0.349788
-0.513012
-0.912671
2.22198
-0.257897
6.78772
-2.3342
1.3886
0.352582
1.94219
2.67014
1.3132
-0.459138
-0.928874
-0.683151
0.642921
7.74276
-0.402067
-0.438464
-1.37856
-2.7198
1.8545
-0.307639
-2.79291
-3.62089
2.18116
1.07629
0.940819
-0.791509
6.27467
-0.0952677
0.820958
-2.60242
1.68701
1.76897
0.771211
-1.02743
-0.331216
2.59497
0.673222
0.705189
0.48452
1.52237
7.685
-0.344047
0.683725
0.294067
1.0852
0.250107
-6.98297
6.54969
-1.80939
-0.229562
-6.50107
-2.58898
0.764146
-7.09744
-1.81485
-2.25155
0.0564499
-0.666484
-0.612977
0.766909
0.404221
-6.14244
0.475006
-0.223866
-22.548
-0.642554
-20.0368
3.55848
-0.240607
0.0126143
-0.530157
-3.52917
-2.25458
2.08696
0.147416
1.07514
22.9741
1.57764
-0.879517
0.450127
-2.02289
1.25219
-0.625619
0.878827
2.40653
-0.313849
-0.372032
0.68805
-1.91239
11.0505
0.0863243
-0.828487
-2.59578
-2.11356
-2.00836
-6.6174
-1.05856
3.1644
0.0551787
1.32274
-1.30644
1.34939
6.60258
1.0477
-4.69019
-0.497804
3.66606
0.86255
-0.437074
0.242346
0.955827
0.0518407
-0.202731
-0.0293335
-0.598803
-2.37012
-0.438068
0.125536
-2.09345
-0.16275
1.13148
-0.118505
-3.24428
0.370554
0.0144714
2.08974
-0.558266
-2.93604
0.303705
0.799633
0.374958
0.611607
0.582626
26.6096
3.65501
0.0502662
-0.619856
-0.0534744
0.330147
671.41
-24.625
-1.30268
0.0762783
0.934377
0.221005
0.703086
11.1275
0.0593219
0.627045
0.400434
-1.90824
0.422512
2.91573
3.90266
0.947528
1.64178
-0.230057
-3.91966
-1.75311
-0.180723
-2.14846
0.23857
2.60535
-3.28838
19.3221
8.29064
0.175341
-0.0257376
-0.590494
-0.26927
1.09405
-0.0573294
-1.41513
-0.173991
2.38061
0.475528
-1.02335
-1.77951
0.410047
0.555398
-1.16077
-2.45251
-0.0841788
-0.72398
0.902911
-0.663072
-0.625642
4.70457
-0.0629119
-0.184693
0.257284
9.00638
0.549788
-0.287255
-0.523686
-49.8833
0.283283
4.17134
4.98745
0.19278
-0.441437
2.18138
-4.98719
-1.30335
-2.35681
-0.980881
0.237509
-13.7626
-0.710845
2.76829
-0.138416
2.4859
1.6664
-0.666371
-5.09212
1.7286
0.832237
0.927158
0.401645
-0.318572
-1.75428
-0.363721
0.160049
0.267318
-2.47157
0.212051
2.17716
-0.0412329
-0.261052
-0.724541
-1.69233
-1.26949
-0.666312
-0.837205
0.19693
-2.35821
-1.94061
0.0579784
1.61334
0.157559
0.338991
0.339411
-0.778121
-0.509016
-7.24849
-1.99626
0.257245
1.53135
0.454677
-12.0258
-0.48591
1.98745
-33.3826
0.0514924
1.06878
0.229779
-0.572078
-2.43241
4.00617
2.25675
-0.463815
-3.25733
-7.93569
-1.38555
4.85194
1.86687
0.486908
0.65727
-0.142689
2.69302
-1.4451
1.68055
-0.268283
-1.2388
-0.120932
-1.37864
-2.75381
-3.75177
1.28055
1.20791
-2.03449
2.21373
0.746877
-0.947174
-7.07719
0.594584
-0.800378
6.12991
1.69465
4.67738
-0.42483
-0.981234
1.36877
-0.425505
3.39463
6.02663
0.531321
-0.151787
-0.954769
-7.13841
1.38617
1.49232
0.201824
2.74381
3.52242
-0.964799
0.00223022
1.90084
-1.15537
-1.62375
0.230638
1.80667
4.66638
9.23105
-1.19674
-0.0375815
-0.635216
1.01158
-1.41774
-0.0708659
0.637287
-1.1498
-1.54042
0.346204
-0.0019257
0.131666
-0.899572
-0.131681
-0.499684
0.340565
1.41319
-0.362994
2.68736
1.23511
-1.13403
1.38366
1.78989
-1.35649
-1.19112
-0.629209
0.144973
0.408031
2.30105
58.7788
-2.48822
0.00267261
20.1225
0.148059
-2.85988
0.25675
3.3801
2.79009
-0.429564
0.160729
-10.3824
-0.995466
-1.02977
-5.85155
1.69081
-437.154
-3.19216
-3.47426
-0.573072
0.175597
-11.7479
3.37652
-0.252325
-3.26275
1.25133
2.00246
0.601711
1.02051
0.151957
0.10905
0.0874934
-0.420246
-0.133756
-8.14619
0.666737
-0.596604
-2.3214
4.17881
0.121937
0.517803
-1.06106
-0.568032
3.74286
0.278684
0.0924067
0.626814
0.0958564
-0.187145
-5.7306
0.558691
-0.162574
2.31812
1.35009
1.58777
0.616907
-0.535173
-0.493026
17.2514
-0.288861
1.41316
-2.09999
-0.869949
6.69852
-4.28489
-1.60756
2.12911
2.63617
0.59633
0.235546
0.253964
1.88787
-1.40229
-5.10437
2.16665
11.1774
1.13922
-9.42915
-0.227113
0.520821
-2.77516
1.25983
2.99591
0.981555
-1.35313
0.583752
2.61192
1.50212
1.1782
-1.20069
-0.776678
-9.46496
-1.02216
-0.264945
8.29539
1.57979
0.825743
-0.87052
0.312875
-48.8067
0.344788
-43.4506
2.10361
-0.741502
0.881356
-0.318575
0.369099
1.33226
0.485648
-0.198993
0.9959
0.39494
1.04424
-1.96585
6.67066
1.10987
-5.36513
-2.39764
-2.23105
36.6691
-2.39053
0.176289
-1.00915
-0.536794
1.82285
2.00274
0.190379
-1.3178
-1.2532
-0.207964
3.83608
-5.60638
-18.0575
-1.65197
-0.237752
-0.184567
0.624221
-0.270279
-0.0949866
-1.01025
-2.46392
-0.446337
-2.36667
1.77592
0.847835
-1.12567
-5.24138
-0.109686
4.5695
-21.7256
-0.402501
1.22398
0.412022
-1.70541
-0.0581632
-0.267383
-1.06968
-0.73426
-0.72105
6.17772
1.37769
-1.05773
-1.074
-2.42183
1.46739
0.746867
0.778661
-0.343816
0.979887
-2.38025
-3.06192
0.419348
-0.764788
0.516329
-3.38844
0.283354
0.0628873
8.57442
0.0703089
7.08632
2.71798
0.238673
1.76838
0.619386
-0.208723
-0.817925
-1.82244
-1.57282
17.5203
-0.759767
-6.04065
-0.583987
-3.51692
-1.9554
0.309269
-3.43629
-0.237033
0.0378463
30.1677
0.138231
0.138518
3.11969
13.5967
0.568164
-0.508294
1.48108
0.951085
-1.33757
-0.975171
-9.70267
-0.283949
-0.823439
0.8996
1.34438
-13.0185
-0.134811
-1.2607
-0.526275
1.32256
2.74004
-2.83509
0.61179
1.26361
-0.954366
-0.926501
3.21126
1.83528
-0.214988
-8.14118
0.400521
0.56482
6.05083
0.808856
-3.42681
-2.17484
-29.5097
-0.165806
-1.77491
-1.8576
-1.26755
-1.21312
-1.15614
-2.36923
-1.75317
-1.29437
0.0432585
-1.97578
1.03066
-2.10347
2.29502
-0.714207
320.468
-0.755545
-2.37371
4.4238
3.75779
0.053806
-0.19138
2.80822
-0.336985
0.375191
-2.68779
1.72337
4.00101
-2.27485
0.318749
-0.517899
-0.0900727
1.34153
-0.221269
-1.13044
-3.23374
-1.42279
-1.23575
0.274478
-2.10979
0.249223
0.292284
-2.09825
0.295841
-1.01157
5.86439
3.26942
1.77913
0.298714
0.0914612
2.17093
-0.833977
0.507186
1.94689
4.74492
0.443758
-2.72425
1.16459
1.77262
-130.455
0.550276
-1.60145
0.0684845
-0.0986774
-0.0129206
0.905963
5.0522
2.91042
2.06482
0.137807
-0.840303
-6.48687
0.91311
-5.89838
-0.720198
-3.0711
-2.37331
0.64664
0.0519829
11.6828
-2.15649
-2.89931
1.52683
1.03216
0.565419
1.92029
6.40059
7.0903
1.80682
-0.29591
-0.370357
-17.3789
0.786809
0.290714
1.26153
1.82882
0.229108
-0.244644
8.56508
0.0620262
-0.350492
-0.319966
-0.104236
-0.486009
-0.956988
36.2014
0.270618
-1.2967
12.2285
0.951907
0.71103
-0.571925
-1.15624
-4.04954
0.251519
79.0927
0.140604
2.19363
2.48565
-0.600118
1.5608
1.59675
0.263179
0.57619
0.389573
-224.742
-3.4942
3.22684
0.613165
0.360482
8.20425
4.77309
-0.335975
-2.34525
-3.36187
-3.37854
2.58598
-0.196642
-2.91675
-0.11111
-0.00434163
-33.0268
-0.95854
-0.0557208
-10.4425
0.657085
1.62925
-2.90166
-0.314898
-0.163834
-0.117193
-0.167194
-1.98674
12.7486
0.09338
2.6907
0.20936
-1.88472
-7.31789
-0.410678
0.352815
-0.943425
1.61985
14.8471
17.5548
0.638985
12.8045
-0.00176634
0.821655
0.857727
18.7653
-4.39492
1.63925
-0.287889
-0.197471
0.213464
0.927056
-0.702762
2.47185
-2.65096
-0.299602
0.839248
1.83241
-0.992253
0.985388
-0.951763
-3.10968
-0.97218
-0.480577
8.18238
0.681172
0.105237
0.129091
-4.2871
15.6054
-2.08927
0.10106
1.28348
-0.429467
4.91111
8.87993
53.7003
-2.19894
-0.312028
0.253979
-6.14314
-0.499103
-0.454488
0.319033
38.8449
-0.335237
-1.95389
7.54671
-0.209217
2.14067
-1.62152
0.536558
2.12401
-3.24218
0.450759
-0.103123
-0.859149
2.67925
-0.375035
-56.6845
5.80184
-0.234699
3.60037
-0.0541262
-59.6542
0.996482
0.00534631
-0.252778
-0.078819
-0.537694
0.0876318
-0.337984
2.01473
-2.03317
0.112031
-0.402719
-1.96156
2.41967
-1.46946
0.254621
-2.65453
-0.813116
-1.88588
1.13444
3.89984
-0.73232
0.567826
0.223076
0.103084
-3.2037
-4.46975
-0.306175
1.53269
0.431012
0.725465
0.931172
0.241927
-0.248964
1.00797
14.3508
-4.90673
-0.220092
-0.275227
1.30042
-0.346516
0.531006
-1.60993
1.79134
-68.148
1.76334
1.77472
-1.4687
-2.21855
2.38168
-2.11944
0.746739
-0.419643
-0.0644976
27.7568
-1.70334
-1.76158
-0.952596
-0.0303271
-9.5598
4.42663
1.75083
-1.21933
0.08693
-2.217
-1.2083
1.25882
1.72301
1.91326
0.097033
0.111396
7.84385
2.16161
-2.07147
-3.00294
4.19135
0.903856
0.280652
-11.0085
-1.73243
-4.65749
1.06155
-0.865935
-1.96525
1.76656
1.36318
-0.467248
82.1591
0.708556
0.938105
-6.09071
6.71877
0.374242
0.651711
0.166425
0.0113697
1.19958
-6.36281
9.82285
-0.931949
0.917179
3.43444
-0.599644
-2.82573
2.76001
0.234502
2.65132
-819.424
-0.332029
-0.726103
-0.9282
0.728697
-5.05372
6.41813
-0.655945
-0.592056
-0.379046
-1.48859
-0.142555
-0.668087
-2.13515
-1.04663
-0.139449
6.00705
94.3509
