0.226908
0.805256
0.674243
0.385978
0.493743
0.526132
0.478075
0.375085
0.515388
0.582993
0.12279
0.277472
0.38162
0.866982
0.132718
0.507578
0.71204
0.6211
0.4875
0.585714
0.477223
0.45816
0.805555
0.592847
0.54152
0.49528
0.858017
0.822899
0.679365
0.699505
0.717734
0.451785
0.641107
0.457129
0.109595
0.397868
0.0436682
0.172271
0.165204
0.278981
0.435486
0.868209
0.296612
0.476642
0.334468
0.307944
0.290541
0.798541
0.36187
0.568459
0.486283
0.58587
0.794248
0.796075
0.537127
0.342509
0.429844
0.538296
0.766922
0.568574
0.614984
0.590503
0.520095
0.961281
0.100296
0.713802
0.665146
0.501569
0.595758
0.373342
0.548387
0.175371
0.467818
0.314348
0.706386
0.183918
0.471039
0.3361
0.532312
0.477903
0.730947
0.542062
0.353086
0.305817
0.393978
0.637323
0.510975
0.697228
0.434623
0.512486
0.554961
0.407266
0.0591223
0.396116
0.533964
0.329002
0.469239
0.27581
0.645693
0.735921
0.448898
0.580938
0.631643
0.447138
0.810659
0.288063
0.320433
0.613475
0.688252
0.653026
0.60846
0.802984
0.485576
0.191626
0.428494
0.419978
0.491824
0.823841
0.393618
0.222104
0.246587
0.764445
0.815598
0.805433
0.188019
0.785898
0.683497
0.408052
0.441363
0.897324
0.450069
0.238077
0.80436
0.276362
0.610197
0.762495
0.560277
0.458668
0.567322
0.498701
0.198501
0.832778
0.670583
0.331072
0.446889
0.406048
0.567051
0.730385
0.219259
0.100321
0.650202
0.484356
0.655631
0.503974
0.39747
0.153037
0.382059
0.549933
0.776443
0.443305
0.941094
0.507242
0.660992
0.552097
0.543153
0.46672
0.835327
0.25857
0.36328
0.169224
0.175717
0.150786
0.556999
0.567989
0.486292
0.353025
0.493195
0.4345
0.227109
0.475273
0.40116
0.610306
0.509348
0.236919
0.70316
0.675175
0.244229
0.322146
0.753118
0.344927
0.718986
0.505
0.526207
0.330284
0.634907
0.93754
0.50336
0.181013
0.779209
0.725002
0.568957
0.807643
0.514221
0.517319
0.689121
0.415964
0.654053
0.82686
0.462321
0.507524
0.560669
0.137674
0.333154
0.392279
0.427992
0.102037
0.834433
0.827538
0.234389
0.725521
0.671909
0.440303
0.730587
0.42233
0.790168
0.508087
0.59183
0.678058
0.257487
0.966233
0.499754
0.787536
0.381624
0.677772
0.431219
0.240882
0.41775
0.544767
0.318033
0.811347
0.553955
0.458124
0.503223
0.75401
0.55896
0.375763
0.556235
0.754855
0.55091
0.487042
0.521167
0.875211
0.79532
0.464294
0.55883
0.717041
0.264474
0.720296
0.705193
0.889992
0.889802
0.383456
0.605457
0.591617
0.512968
0.370493
0.0947211
0.217642
0.490619
0.479322
0.382943
0.399604
0.731991
0.842862
0.363601
0.722687
0.147733
0.377411
0.70218
0.607015
0.56259
0.527246
0.372329
0.441149
0.593765
0.650038
0.194263
0.537022
0.321003
0.805661
0.691687
0.330962
0.273684
0.503934
0.220243
0.485982
0.334387
0.634815
0.832208
0.155945
0.607656
0.347506
0.228881
0.152691
0.626876
0.562949
0.413816
0.112691
0.47141
0.5971
0.796778
0.490248
0.440359
0.540382
0.510029
0.309745
0.37852
0.0816702
0.0852445
0.589901
0.0743534
0.383128
0.401102
0.208465
0.348963
0.905194
0.448302
0.206255
0.0293409
0.748966
0.470473
0.634913
0.448326
0.126236
0.426177
0.533202
0.437946
0.485339
0.478901
0.472176
0.48205
0.114025
0.358674
0.339968
0.768331
0.20845
0.950662
0.142478
0.329075
0.440418
0.852787
0.576638
0.784188
0.472935
0.406179
0.488466
0.899263
0.167123
0.338942
0.55854
0.745686
0.891492
0.675467
0.663032
0.198975
0.387571
0.450236
0.338861
0.335776
0.563827
0.52676
0.637064
0.489181
0.382794
0.459048
0.378869
0.296195
0.17431
0.344696
0.434492
0.520472
0.750693
0.505398
0.625118
0.757579
0.617704
0.592445
0.703991
0.82935
0.368071
0.851427
0.603016
0.248028
0.512342
0.292142
0.236749
0.580176
0.544802
0.896381
0.636113
0.364523
0.460135
0.758007
0.539638
0.43714
0.22952
0.186461
0.800512
0.591556
0.412778
0.816525
0.0731863
0.450648
0.626189
0.653928
0.723746
0.251353
0.503535
0.748062
0.763724
0.442472
0.580939
0.319824
0.337527
0.570057
0.203971
0.684294
0.399069
0.37407
0.598545
0.694697
0.693721
0.344267
0.665015
0.695813
0.51713
0.182423
0.347916
0.611695
0.452925
0.69228
0.60172
0.30431
0.396815
0.567785
0.515968
0.72641
0.655039
0.37443
0.581101
0.653671
0.760599
0.717705
0.369274
0.417845
0.881183
0.166899
0.572428
0.574406
0.79814
0.451713
0.882837
0.824878
0.416355
0.273358
0.119334
0.275748
0.620321
0.771022
0.795386
0.252602
0.522195
0.758835
0.49314
0.89982
0.253075
0.797647
0.450564
0.182906
0.929222
0.490175
0.18674
0.172232
0.780391
0.587295
0.283365
0.12369
0.657945
0.567455
0.60845
0.383497
0.745858
0.300415
0.811226
0.531066
0.778194
0.730756
0.835175
0.435625
0.422133
0.715772
0.489126
0.538943
0.716059
0.726641
0.784284
0.688279
0.557703
0.570928
0.288067
0.230351
0.217821
0.618732
0.663551
0.33887
0.210315
0.714003
0.356332
0.684893
0.0802265
0.526746
0.55856
0.570958
0.276449
0.0510892
0.122871
0.536698
0.756508
0.778379
0.516926
0.705342
0.326221
0.273695
0.202207
0.277235
0.447502
0.958408
0.488723
0.58821
0.353069
0.350593
0.460223
0.537393
0.787255
0.339376
0.482484
0.45072
0.547616
0.768446
0.600225
0.0831649
0.232482
0.178256
0.296155
0.474402
0.705073
0.50559
0.62863
0.759346
0.265264
0.363444
0.682375
0.296731
0.375569
0.223344
0.559678
0.615593
0.518349
0.89648
0.307455
0.191275
0.366768
0.659226
0.718527
0.449242
0.432433
0.692853
0.363439
0.156769
0.708164
0.706448
0.502114
0.499236
0.554803
0.186278
0.692604
0.649503
0.68641
0.164062
0.457155
0.0255665
0.588711
0.720811
0.283803
0.693395
0.561081
0.642144
0.534655
0.508575
0.802856
0.715183
0.499994
0.602123
0.570217
0.106367
0.880314
0.70251
0.410344
0.583723
0.396354
0.5477
0.835048
0.546373
0.520186
0.777701
0.526511
0.398256
0.488341
0.709845
0.773261
0.752281
0.300988
0.78574
0.314978
0.775328
0.329082
0.240556
0.630178
0.683738
0.444418
0.682024
0.431309
0.473164
0.255466
0.278232
0.737244
0.415862
0.574854
0.640056
0.373654
0.682708
0.662305
0.745735
0.60717
0.146479
0.579833
0.391863
0.349753
0.497128
0.663957
0.166761
0.475134
0.248999
0.662653
0.328915
0.769665
0.544173
0.502764
0.7349
0.395391
0.355332
0.446499
0.597912
0.473612
0.76574
0.5637
0.369752
0.502688
0.453204
0.489449
0.42583
0.804298
0.329028
0.354594
0.494481
0.547836
0.482255
0.569754
0.408577
0.633092
0.65367
0.311294
0.269179
0.816843
0.413284
0.60075
0.497653
0.449441
0.5392
0.787174
0.514415
0.542953
0.795035
0.534782
0.419187
0.122887
0.377235
0.586327
0.559349
0.920987
0.752877
0.61552
0.259717
0.447074
0.432755
0.399845
0.748772
0.333354
0.423767
0.838043
0.453091
0.575104
0.678844
0.504542
0.843465
0.397101
0.811871
0.476049
0.402872
0.455631
0.66928
0.0835088
0.548242
0.441393
0.549207
0.535594
0.474613
0.379062
0.433329
0.527867
0.402051
0.524776
0.545699
0.494709
0.592379
0.743237
0.377147
0.579099
0.264513
0.101624
0.513003
0.188281
0.673896
0.147969
0.176135
0.171328
0.633267
0.447112
0.3465
0.197582
0.638691
0.427818
0.142646
0.332927
0.526511
0.950131
0.8498
0.6038
0.723614
0.732469
0.5534
0.506829
0.665088
0.383479
0.286167
0.464964
0.340101
0.264093
0.420998
0.648906
0.688524
0.260734
0.241216
0.375638
0.207562
0.281068
0.693899
0.463814
0.639361
0.889166
0.281261
0.468741
0.497271
0.47743
0.369239
0.637645
0.450192
0.228072
0.891701
0.718892
0.72112
0.347434
0.502868
0.4268
0.16774
0.1619
0.179802
0.406641
0.599632
0.644591
0.600981
0.462421
0.648383
0.797554
0.826264
0.602957
0.143589
0.544573
0.377705
0.629787
0.45949
0.395234
0.269938
0.533366
0.683662
0.621338
0.863048
0.382027
0.220934
0.542198
0.610078
0.181091
0.582409
0.745875
0.84554
0.347541
0.621175
0.178822
0.210488
0.488591
0.363033
0.516921
0.633987
0.0904931
0.342273
0.586328
0.48996
0.516856
0.489246
0.333043
0.622682
0.383756
0.628211
0.445558
0.383356
0.421845
0.530644
0.715445
0.144455
0.853683
0.730911
0.576164
0.457724
0.107434
0.947953
0.490891
0.595948
0.856082
0.4683
0.465598
0.667822
0.414259
0.232516
0.444102
0.319476
0.442765
0.628819
0.697269
0.235413
0.703816
0.634414
0.549018
0.725857
0.278043
0.456739
0.387249
0.636717
0.197202
0.213573
0.388286
0.642581
0.36456
0.452665
0.738889
0.182399
0.42787
0.448256
0.37036
0.371702
0.437813
0.723599
0.324743
0.674453
0.167774
0.635291
0.85358
0.941815
0.388762
0.61694
0.205152
0.624369
0.186277
0.816435
0.286612
0.538504
0.0738803
0.372789
0.492877
0.516951
0.701194
0.465225
0.474617
0.597627
0.872037
0.528949
0.473153
0.604173
0.381353
0.168705
0.580531
0.545827
0.347579
0.81298
0.388533
0.713427
0.260045
0.538409
0.47082
0.172625
0.37899
0.255685
0.497908
0.554559
0.418733
0.584952
0.515107
0.118484
0.6125
0.26042
0.519069
0.510059
0.300405
0.790636
0.449012
0.463218
0.600018
0.362572
0.564187
0.892773
0.511939
0.614411
0.409616
0.399107
0.480773
0.413614
0.677592
0.655531
0.474852
0.663604
0.752902
0.473122
0.566025
0.424084
0.085218
0.537042
0.283822
0.766753
0.262545
0.882594
0.18623
0.799881
0.265097
0.628451
0.632338
0.681949
0.859451
0.308748
0.660026
0.206243
0.44827
0.344925
0.664874
0.67505
0.921388
0.272434
0.744432
0.293787
0.159491
0.786639
0.614944
0.70214
0.322109
0.496463
0.925611
0.520986
0.407107
0.473545
0.588423
0.430614
0.299326
0.258904
0.909588
0.307453
0.131479
0.438297
0.351509
0.833259
0.260922
0.721724
0.672297
0.752413
0.521322
0.161695
0.482694
0.58971
0.138771
0.719144
0.428329
0.652736
0.30734
0.33505
0.24813
0.529652
0.899528
0.49009
0.877749
0.554905
0.642538
0.433813
0.559752
0.352145
0.821796
0.339104
0.590375
0.075291
0.678566
0.586865
0.375543
0.355453
0.64901
0.210107
0.386874
0.72312
0.447495
0.225839
0.401315
0.411734
0.227433
0.657368
0.576065
0.460497
0.158382
0.498839
0.453373
0.42099
0.238639
0.698071
0.907795
0.733864
0.518003
0.432945
0.341447
0.478634
0.635847
0.53085
0.600768
0.711271
0.685139
0.32987
0.631264
0.491056
0.893488
0.60466
0.304698
0.459834
0.467772
0.37914
0.146125
0.473563
0.679385
0.522371
0.356167
0.297747
0.872584
0.973195
0.566882
0.765065
0.558912
0.763448
0.187552
0.0552385
0.616121
0.208747
0.489673
0.393886
0.340505
0.710103
0.748416
0.478833
0.707003
0.558811
0.300792
0.829074
0.671917
0.461288
0.798707
0.513296
0.708556
0.699758
0.728083
0.35158
0.496571
0.418898
0.433178
0.695647
0.791237
0.477766
0.428211
0.27969
0.479396
0.630576
0.196365
0.3956
0.684229
0.499066
0.469205
0.283073
0.511528
0.873478
0.147531
0.636822
0.63558
0.328324
0.567636
0.519839
0.403237
0.963383
0.234926
0.233368
0.490265
0.779567
0.43981
0.830956
0.374459
0.273517
0.338753
0.475689
0.495543
0.784007
0.626347
0.726425
0.452317
0.44747
0.842211
0.60056
0.442975
0.819141
0.649531
0.397574
0.384998
0.790582
0.589983
0.779335
0.756501
0.383515
0.362786
0.489851
0.681359
0.324169
0.593559
0.358874
0.635928
0.501506
0.85168
0.370489
0.885641
0.486962
0.342753
0.589537
0.365212
0.742516
0.245807
0.625422
0.196671
0.468148
0.582798
0.0746144
0.394915
0.238946
0.300938
0.51982
0.540914
0.656363
0.416396
0.675565
0.308205
0.687313
0.610808
0.656623
0.70876
0.189043
0.590089
0.107441
0.779775
0.816917
0.80792
0.567453
0.663424
0.58648
0.324334
0.458871
0.637057
0.310386
0.612731
0.970267
0.631817
0.454974
0.546653
0.370985
0.133105
0.660527
0.590613
0.928136
0.586786
0.24345
0.387236
0.609641
0.540527
0.447809
0.47594
0.643524
0.73008
0.537923
0.796365
0.265347
0.675835
0.522891
0.922698
0.622437
0.585422
0.37817
0.643049
0.815232
0.463585
0.578543
0.040976
0.442822
0.81107
0.581003
0.654224
0.781466
0.149692
0.595356
0.578731
0.361587
0.841232
0.5545
0.553911
0.720476
0.773295
0.6456
0.608182
0.494623
0.465708
0.587587
0.261701
0.277363
0.506525
0.539612
0.576219
0.304193
0.457151
0.599331
0.509934
0.539865
0.471591
0.79909
0.578208
0.628074
0.355297
0.332323
0.738963
0.426265
0.144514
0.441666
0.714551
0.484823
0.517566
0.974538
0.629862
0.341607
0.45492
0.561134
0.38939
0.389534
0.545386
0.694019
0.633966
0.336597
0.691249
0.687701
0.41082
0.414475
0.695624
0.0708006
0.358607
0.503561
0.320756
0.412656
0.751999
0.228974
0.386508
0.410402
0.168429
0.343851
0.833688
0.761801
0.83251
0.352916
0.907397
0.423303
0.861656
0.341042
0.220997
0.802052
0.179373
0.358256
0.441792
0.254755
0.78068
0.474336
0.694986
0.465559
0.827062
0.25289
0.512943
0.849306
0.716357
0.406505
0.762234
0.575733
0.315917
0.281282
0.461451
0.634427
0.465377
0.580793
0.258205
0.559555
0.148316
0.376213
0.56422
0.507594
0.40008
0.461103
0.452892
0.330536
0.561984
0.496022
0.404143
0.611221
0.410106
0.149893
0.836889
0.32671
0.479824
0.581733
0.599894
0.379802
0.575244
0.118116
0.697251
0.688024
0.495624
0.368414
0.505208
0.343651
0.428853
0.781606
0.0925267
0.557517
0.755042
0.285172
0.48701
0.673608
0.671236
0.658266
0.336338
0.490647
0.591216
0.178139
0.391783
0.451082
0.692347
0.340448
0.598876
0.457146
0.274396
0.590837
0.809541
0.147815
0.263187
0.516892
0.235696
0.419786
0.234966
0.336279
0.744786
0.299737
0.255287
0.778597
0.453176
0.474419
0.619221
0.59521
0.303816
0.35929
0.747635
0.443011
0.420029
0.535671
0.537291
0.274833
0.507779
0.710585
0.380435
0.630894
0.434224
0.55267
0.862576
0.862414
0.340817
0.331792
0.31506
0.330253
0.254717
0.239173
0.442067
0.508129
0.642709
0.589101
0.659589
0.181706
0.707333
0.802473
0.576937
0.571547
0.455356
0.64667
0.719289
0.719662
0.174213
0.155467
0.63276
0.366092
0.432514
0.4769
0.431429
0.303678
0.576163
0.596243
0.638759
0.3359
0.422122
0.455436
0.343786
0.474386
0.457311
0.439579
0.735427
0.399401
0.330616
0.525253
0.496239
0.468349
0.781426
0.584719
0.329921
0.194045
0.378608
0.414214
0.564806
0.62623
0.549288
0.503802
0.818594
0.456511
0.357281
0.890466
0.627506
0.928648
0.34647
0.63532
0.736036
0.772798
0.494911
0.540059
0.411431
0.39409
0.430923
0.666985
0.19001
0.432559
0.542855
0.551146
0.380386
0.573264
0.469729
0.192369
0.441645
0.622059
0.190406
0.489162
0.522481
0.87426
0.534392
0.225703
0.490275
0.690135
0.417877
0.547334
0.197056
0.452893
0.464061
0.559203
0.522282
0.221524
0.397295
0.256918
0.400297
0.402615
0.706036
0.447299
0.583341
0.651939
0.55007
0.141517
0.308935
0.478354
0.242951
0.102148
0.333414
0.659275
0.371033
0.299876
0.461396
0.58867
0.216001
0.484798
0.243894
0.565302
0.628197
0.901512
0.435776
0.79059
0.853589
0.376378
0.596255
0.482244
0.547629
0.579563
0.384014
0.521511
0.314764
0.713701
0.6416
0.438593
0.592804
0.705229
0.281646
0.302532
0.556833
0.17364
0.28046
0.718554
0.447817
0.52818
0.252507
0.147601
0.336519
0.490655
0.622242
0.149489
0.313827
0.667305
0.327764
0.412847
0.454033
0.491862
0.283687
0.571728
0.628108
0.436178
0.49864
0.320468
0.34945
0.33399
0.785715
0.725132
0.315084
0.487617
0.422227
0.39156
0.160743
0.42663
0.408038
0.786781
0.678718
0.761706
0.639742
0.522256
0.352873
0.526136
0.360908
0.294153
0.545636
0.721664
0.666609
0.437546
0.527295
0.484546
0.633377
0.688184
0.268361
0.36193
0.313745
0.257163
0.521256
0.63792
0.377455
0.210572
0.198023
0.472833
0.599426
0.4079
0.406264
0.818451
0.687517
0.389702
0.235931
0.146237
0.111092
0.616744
0.495109
0.474729
0.134365
0.849576
0.573376
0.506528
0.67649
0.219186
0.466791
0.884537
0.413288
0.176109
0.729044
0.151306
0.203516
0.517099
0.718757
0.444553
0.465524
0.0751728
0.493406
0.286186
0.548126
0.420552
0.555794
0.521323
0.432475
0.556773
0.889471
0.538053
0.269707
0.607926
0.824981
0.347901
0.302071
0.379711
0.759267
0.431162
0.133269
0.438729
0.106048
0.450507
0.606637
0.491127
0.0854332
0.51046
0.21784
0.353456
0.566538
0.589595
0.531655
0.695288
0.157291
0.596489
0.490437
0.494899
0.0911374
0.1997
0.294793
0.786
0.690775
0.656269
0.704988
0.285258
0.294551
0.812437
0.15456
0.377021
0.511599
0.274512
0.485579
0.693441
0.527294
0.44703
0.407991
0.164838
0.41102
0.209558
0.453405
0.426926
0.483783
0.452747
0.236707
0.358203
0.783595
0.518402
0.756794
0.282552
0.522096
0.287615
0.260747
0.508786
0.656289
0.235186
0.363684
0.390632
0.804776
0.717785
0.159535
0.477327
0.71832
0.587538
0.475927
0.58674
0.370055
0.421929
0.21936
0.769658
0.461105
0.23512
0.424792
0.645564
0.242873
0.485041
0.666751
0.476984
0.0376954
0.514773
0.407045
0.611195
0.695067
0.76602
0.647105
0.554772
0.451065
0.17663
0.42098
0.458226
0.264107
0.1234
0.207962
0.174648
0.680632
0.595564
0.761779
0.818034
0.639748
0.483621
0.646293
0.383665
0.35639
0.442364
0.435567
0.504628
0.527976
0.736189
0.579172
0.305318
0.590019
0.798987
0.351549
0.574424
0.601635
0.44013
0.597218
0.616682
0.0723527
0.702296
0.651597
0.15434
0.647081
0.826088
0.360166
0.0360492
0.546585
0.60062
0.0366591
0.772571
0.516273
0.57846
0.493967
0.555439
0.266573
0.707549
0.449376
0.426425
0.493646
0.381926
0.648758
0.652356
0.549636
0.237305
0.472269
0.621595
0.187165
0.716771
0.577114
0.715166
0.533197
0.506093
0.30088
0.117246
0.552913
0.887348
0.591922
0.416483
0.244669
0.383784
0.651241
0.611276
0.662608
0.268077
0.763284
0.268913
0.593943
0.58032
0.461039
0.600151
0.32341
0.251353
0.713794
0.597561
0.397857
0.75121
0.243863
0.647668
0.659397
0.881721
0.371593
0.663646
0.0460284
0.40649
0.455897
0.797028
0.264093
0.660717
0.54055
0.673631
0.417412
0.60753
0.734444
0.360601
0.533405
0.506731
0.146966
0.408208
0.65697
0.436054
0.367645
0.82174
0.788367
0.854279
0.522159
0.705548
0.921823
0.71975
0.354783
0.583046
0.297041
0.377051
0.580321
0.533158
0.206257
0.498854
0.41653
0.295429
0.304977
0.819114
0.251009
0.382753
0.354968
0.218067
0.314522
0.502364
0.683579
0.418645
0.525645
0.222484
0.873903
0.628196
0.339641
0.333703
0.305779
0.908569
0.477414
0.740929
0.1481
0.381882
0.328363
0.483424
0.758367
0.578475
0.113922
0.617194
0.675869
0.307798
0.566567
0.705691
0.500381
0.382185
0.921989
0.0515245
0.928713
0.347686
0.440164
0.563597
0.576905
0.575356
0.46396
0.290779
0.446362
0.640613
0.191931
0.164975
0.497666
0.367485
0.384903
0.883157
0.776276
0.738818
0.643916
0.61963
0.889803
0.572688
0.690072
0.39655
0.867015
0.439525
0.2448
0.4524
0.534179
0.243643
0.652007
0.834886
0.0248432
0.217102
0.801582
0.206387
0.894611
0.273055
0.206649
0.486854
0.542931
0.239929
0.754968
0.470756
0.749401
0.447028
0.69784
0.441369
0.612548
0.456362
0.357827
0.56747
0.534526
0.934712
0.329594
0.504165
0.625611
0.23417
0.116116
0.631333
0.507889
0.198615
0.1855
0.249884
0.477961
0.5378
0.351608
0.317718
0.343972
0.309932
0.174643
0.444041
0.482753
0.627874
0.245846
0.372358
0.268299
0.653285
0.763406
0.569231
0.503325
0.267263
0.724649
0.797571
0.841058
0.505241
0.352551
0.189969
0.414926
0.918142
0.54259
0.349298
0.499274
0.470985
0.658919
0.390513
0.504674
0.414375
0.426787
0.59932
0.466904
0.76352
0.46116
0.520077
0.419122
0.593626
0.639396
0.297045
0.642217
0.309773
0.568845
0.479781
0.768813
0.373552
0.818192
0.265224
0.571855
0.667983
0.37434
0.785724
0.499179
0.756473
0.454584
0.563977
0.620932
0.240736
0.84682
0.642564
0.137187
0.74688
0.368468
0.157508
0.448556
0.768037
0.8278
0.76196
0.52308
0.166154
0.539281
0.317882
0.398143
0.58478
0.487553
0.660271
0.636613
0.848886
0.152621
0.50023
0.411908
0.627004
0.801785
0.169869
0.627131
0.205158
0.221832
0.423773
0.57889
0.671298
0.407962
0.398464
0.656896
0.633166
0.143905
0.093028
0.425905
0.791733
0.700636
0.370782
0.667008
0.266565
0.549083
0.493571
0.560793
0.51871
0.525173
0.587013
0.675315
0.540898
0.303546
0.196741
0.777332
0.684073
0.329233
0.732364
0.215682
0.563498
0.524541
0.607654
0.731199
0.436885
0.631399
0.272121
0.527984
0.271228
0.467341
0.590901
0.796351
0.414231
0.66631
0.66658
0.108219
0.360442
0.643406
0.208302
0.7112
0.551427
0.565692
0.440225
0.228091
0.473532
0.529122
0.303106
0.123958
0.516003
0.434644
0.839532
0.533458
0.626447
0.724483
0.664993
0.646526
0.249846
0.682572
0.31377
0.33101
0.361549
0.92111
0.510265
0.526309
0.603873
0.468125
0.553175
0.672555
0.110194
0.538963
0.511594
0.545314
0.549599
0.11753
0.318867
0.346287
0.749394
0.391133
0.111715
0.755932
0.451998
0.875689
0.798903
0.884413
0.336952
0.236085
0.355415
0.162751
0.388005
0.349406
0.224813
0.696506
0.509442
0.576726
0.47422
0.459803
0.495059
0.502141
0.483018
0.937978
0.527395
0.565671
0.458139
0.432593
0.834041
0.55964
0.455495
0.723021
0.45209
0.376097
0.348839
0.134306
0.250994
0.685839
0.824062
0.791417
0.438302
0.397531
0.488637
0.445557
0.222004
0.288401
0.572665
0.738573
0.127394
0.615979
0.459672
0.62706
0.665598
0.813266
0.422036
0.418166
0.12513
0.537749
0.447644
0.474593
0.707058
0.387593
0.431095
0.126772
0.548576
0.51635
0.264479
0.68563
0.379006
0.670464
0.499486
0.679853
0.126465
0.841845
0.264318
0.547024
0.242648
0.270728
0.505598
0.488468
0.337413
0.452029
0.387177
0.553104
0.414046
0.591354
0.31447
0.746103
0.57034
0.124806
0.564676
0.563568
0.479793
0.459681
0.389934
0.334977
0.791495
0.511147
0.722206
0.610551
0.286469
0.902923
0.245393
0.561208
0.702438
0.367994
0.611897
0.464228
0.588251
0.428319
0.467583
0.328204
0.373366
0.350496
0.210781
0.56635
0.537052
0.167293
0.547724
0.357678
0.836162
0.722936
0.418508
0.941061
0.499564
0.743003
0.2544
0.567623
0.621527
0.847749
0.289006
0.192399
0.18558
0.720658
0.282583
0.716668
0.224585
0.311977
0.53044
0.197826
0.571973
0.499966
0.413136
0.424143
0.483328
0.0505585
0.507871
0.607195
0.6067
0.509103
0.417206
0.675274
0.354275
0.325817
0.48296
0.756497
0.677213
0.059565
0.439846
0.420842
0.569727
0.422525
0.825123
0.105789
0.827649
0.22129
0.0972826
0.380712
0.160987
0.417919
0.428481
0.310659
0.209174
0.577411
0.52216
0.660585
0.831924
0.386045
0.569011
0.036617
0.247858
0.718028
0.591172
0.791365
0.667245
0.395797
0.436243
0.625777
0.514449
0.332369
0.569436
0.800504
0.659873
0.162037
0.573905
0.225208
0.780433
0.25871
0.40599
0.424707
0.541781
0.209168
0.463869
0.486338
0.244747
0.85144
0.914789
0.073367
0.90267
0.406529
0.487791
0.444764
0.415513
0.524631
0.575573
0.652107
0.580866
0.734993
0.500803
0.689872
0.131188
0.331509
0.188986
0.355811
0.810809
0.64414
0.251644
0.433615
0.70549
0.439176
0.120316
0.5405
0.611505
0.859383
0.383609
0.0878425
0.680469
0.357979
0.866231
0.783455
0.900322
0.498419
0.25067
0.45955
0.672123
0.284887
0.678892
0.740936
0.816507
0.356383
0.783165
0.173418
0.292903
0.420266
0.48181
0.412889
0.238787
0.719073
0.637425
0.431027
0.635512
0.617403
0.311831
0.424009
0.481441
0.563633
0.363708
0.216113
0.802342
0.724185
0.521617
0.430536
0.653216
0.506058
0.826816
0.555248
0.464956
0.476276
0.476994
0.762155
0.163452
0.3549
0.613777
0.943309
0.437963
0.801198
0.48356
0.408386
0.859812
0.630554
0.662964
0.54312
0.251679
0.39266
0.176905
0.458824
0.281963
0.409489
0.349016
0.268644
0.207938
0.914542
0.110835
0.606615
0.515611
0.352812
0.257954
0.361084
0.403436
0.693878
0.277968
0.824535
0.131246
0.778526
0.386855
0.567288
0.704976
0.762236
0.797077
0.323063
0.691986
0.636873
0.502455
0.529821
0.660995
0.604862
0.501555
0.399795
0.314874
0.248118
0.393072
0.498079
0.333741
0.476954
0.163385
0.289605
0.270037
0.162167
0.24821
0.469832
0.536486
0.646466
0.58697
0.624904
0.60204
0.499385
0.900222
0.372547
0.460139
0.422781
0.307226
0.615385
0.75785
0.631985
0.662413
0.393896
0.673636
0.330662
0.626286
0.556627
0.705756
0.565374
0.497948
0.570803
0.482491
0.788838
0.723211
0.776926
0.529634
0.378823
0.75395
0.746403
0.62987
0.1526
0.0710648
0.631743
0.482929
0.584837
0.695159
0.504313
0.824573
0.47979
0.895746
0.655121
0.48673
0.766606
0.57152
0.689554
0.580293
0.37955
0.410937
0.477473
0.556308
0.352896
0.454091
0.625536
0.350531
0.803218
0.563556
0.619093
0.1405
0.389784
0.573629
0.636447
0.443541
0.636721
0.524075
0.268778
0.358305
0.668573
0.89624
0.484448
0.201675
0.453876
0.156091
0.656933
0.617081
0.569304
0.670463
0.331032
0.429514
0.789943
0.699523
0.632532
0.596696
0.979201
0.180168
0.83193
0.555145
0.794818
0.401798
0.553312
0.58403
0.645455
0.437631
0.974939
0.508979
0.625243
0.831419
0.598575
0.142193
0.321706
0.551185
0.77004
0.304456
0.435401
0.108276
0.11397
0.598828
0.567595
0.501785
0.90119
0.305049
0.825278
0.285079
0.097636
0.337891
0.560772
0.562908
0.449158
0.661909
0.606161
0.614298
0.437075
0.379266
0.280738
0.598116
0.794776
0.40654
0.242652
0.434961
0.506134
0.730596
0.423869
0.470696
0.311998
0.682888
0.830568
0.413716
0.231465
0.495711
0.409035
0.299724
0.460112
0.603196
0.470107
0.374505
0.73785
0.724017
0.833162
0.29695
0.88451
0.212026
0.393653
0.451239
0.681754
0.485235
0.736118
0.418861
0.635371
0.542798
0.207591
0.297847
0.382482
0.653844
0.534303
0.068305
0.113643
0.751246
0.107514
0.590077
0.360325
0.38763
0.482317
0.580055
0.85369
0.81014
0.926193
0.553408
0.391063
0.284692
0.522079
0.724681
0.751989
0.249678
0.373687
0.251475
0.686191
0.703294
0.378765
0.465104
0.351247
0.427887
0.328963
0.869356
0.808266
0.72893
0.762956
0.700218
0.289305
0.315452
0.542407
0.726112
0.430729
0.772988
0.53836
0.729942
0.522223
0.279301
0.6086
0.750948
0.551579
0.787373
0.714482
0.676084
0.430901
0.349364
0.568729
0.657374
0.770296
0.579476
0.623622
0.59339
0.920628
0.452847
0.502018
0.549739
0.237351
0.211859
0.641575
0.505156
0.622915
0.60042
0.465537
0.196511
0.385715
0.471033
0.311406
0.597772
0.30901
0.508674
0.641788
0.704678
0.0537177
0.389699
0.729678
0.30858
0.624451
0.143248
0.553417
0.329658
0.608638
0.306833
0.554504
0.541413
0.254036
0.666967
0.70445
0.655065
0.680405
0.449992
0.494798
0.244201
0.6266
0.277398
0.507412
0.87674
0.614782
0.524206
0.640113
0.583005
0.768946
0.418178
0.355708
0.425393
0.755401
0.791835
0.490412
0.446872
0.418334
0.3485
0.20065
0.662248
0.164041
0.627778
0.545185
0.517859
0.502884
0.555128
0.49249
0.382063
0.388504
0.534386
0.311251
0.640637
0.599274
0.491313
0.344847
0.35789
0.887476
0.100479
0.588647
0.726017
0.477109
0.626992
0.781894
0.661969
0.221751
0.388819
0.393962
0.422789
0.839334
0.794639
0.927686
0.497113
0.121176
0.23643
0.880498
0.792252
0.368069
0.315148
0.997
0.772967
0.536715
0.452141
0.614638
0.719799
0.685237
0.388115
0.447066
0.661514
0.786992
0.395704
0.56778
0.297939
0.837362
0.730908
0.14956
0.366209
0.408682
0.422898
0.183232
0.41513
0.413913
0.450881
0.442235
0.339106
0.320154
0.68096
0.377426
0.784797
0.408565
0.135124
0.419566
0.180361
0.407699
0.738741
0.834838
0.648912
0.932762
0.642119
0.821788
0.954478
0.643758
0.535954
0.455981
0.390509
0.390941
0.579667
0.381688
0.657687
0.346497
0.63588
0.31785
0.289506
0.726805
0.453476
0.488549
0.0708132
0.690123
0.265928
0.506196
0.65622
0.350019
0.470779
0.528592
0.732019
0.575297
0.630402
0.178997
0.576935
0.352694
0.48335
0.261322
0.263798
0.469037
0.479867
0.720507
0.505907
0.62505
0.554307
0.591128
0.28859
0.323477
0.421473
0.345254
0.438188
0.479614
0.63306
0.593521
0.667394
0.18286
0.454635
0.511372
0.39762
0.393342
0.322802
0.655395
0.295753
0.588129
0.216411
0.502623
0.474407
0.477042
0.224888
0.0886675
0.19149
0.388517
0.420989
0.538502
0.646607
0.781458
0.344504
0.576686
0.608565
0.569478
0.477631
0.771793
0.119944
0.0494016
0.541992
0.312775
0.411428
0.706361
0.771461
0.53295
0.420304
0.523306
0.514194
0.190297
0.944253
0.653186
0.591473
0.680677
0.473291
0.917572
0.790207
0.403598
0.629408
0.0759064
0.190122
0.418089
0.405212
0.165088
0.22592
0.319223
0.529557
0.439524
0.458895
0.933817
0.299889
0.547287
0.481701
0.476762
0.607758
0.558443
0.204213
0.727452
0.145636
0.817135
0.46761
0.57872
0.419935
0.319424
0.508052
0.478671
0.206813
0.424402
0.240525
0.328764
0.474092
0.686525
0.157661
0.31946
0.554308
0.452612
0.337542
0.477746
0.49066
0.0974005
0.128739
0.368771
0.489327
0.377036
0.530028
0.436852
0.298332
0.36033
0.606462
0.389017
0.594879
0.7531
0.482706
0.317278
0.0997793
0.161355
0.528719
0.423758
0.649314
0.444594
0.302145
0.755779
0.34161
0.7909
0.635943
0.275977
0.136296
0.501048
0.459028
0.8855
0.922955
0.699248
0.511915
0.186291
0.585591
0.293656
0.568571
0.811429
0.477048
0.490251
0.599896
0.570498
0.47904
0.519112
0.513479
0.449873
0.460179
0.962647
0.678491
0.175828
0.956086
0.68075
0.393798
0.0913203
0.782402
0.30836
0.28159
0.515259
0.553247
0.156351
0.788051
0.546068
0.714358
0.577156
0.546793
0.939293
0.711894
0.461992
0.810031
0.231984
0.304597
0.517031
0.476657
0.704556
0.28871
0.321317
0.445613
0.563788
0.541781
0.399711
0.597177
0.8986
0.303217
0.149605
0.653985
0.503217
0.496123
0.440628
0.49785
0.0802782
0.656739
0.0620055
0.717642
0.129456
0.674459
0.422757
0.737707
0.495072
0.557165
0.515317
0.325549
0.589209
0.823311
0.633688
0.601685
0.72475
0.383913
0.692689
0.373823
0.28578
0.914333
0.725299
0.691724
0.130718
0.727441
0.240621
0.468327
0.666547
0.546488
0.605413
0.336944
0.450455
0.8377
0.467622
0.613534
0.968194
0.499369
0.470822
0.807299
0.906395
0.715899
0.613927
0.572056
0.279091
0.672
0.591026
0.815066
0.686634
0.583948
0.801623
0.379196
0.778174
0.641521
0.452096
0.788554
0.156842
0.465974
0.274577
0.496901
0.50973
0.0761154
0.37001
0.402406
0.662752
0.616258
0.53753
0.591506
0.553428
0.236565
0.682848
0.348862
0.28259
0.527995
0.503738
0.419617
0.449006
0.3008
0.631224
0.334371
0.388849
0.75723
0.260531
0.306538
0.734959
0.24582
0.536314
0.785917
0.378745
0.296362
0.56217
0.701592
0.46062
0.52137
0.384885
0.751432
0.432762
0.731579
0.65937
0.294726
0.531009
0.249731
0.430661
0.478685
0.160646
0.418607
0.574873
0.678768
0.743811
0.186016
0.421436
0.657005
0.494219
0.411136
0.434432
0.541716
0.377875
0.173335
0.561288
0.306226
0.186403
0.376324
0.962602
0.373428
0.692603
0.327207
0.817278
0.797219
0.775812
0.731713
0.752691
0.171096
0.697595
0.683601
0.180002
0.488394
0.376302
0.237979
0.420262
0.627867
0.55194
0.544966
0.487384
0.962545
0.650842
0.78185
0.749549
0.789002
0.452517
0.758642
0.421065
0.348407
0.329091
0.583594
0.442177
0.659931
0.370685
0.662018
0.784788
0.211311
0.628046
0.563437
0.577539
0.250595
0.496738
0.428806
0.674124
0.497299
0.435142
0.601298
0.394232
0.540435
0.251498
0.0508226
0.646946
0.515086
0.113186
0.424204
0.501903
0.348417
0.72442
0.689637
0.504003
0.440239
0.286479
0.855768
0.632894
0.592456
0.39759
0.63247
0.788973
0.325942
0.467527
0.662099
0.543055
0.422622
0.51498
0.586716
0.617385
0.604735
0.883692
0.22853
0.171104
0.212499
0.95635
0.547461
0.443757
0.565588
0.36318
0.301524
0.665905
0.393076
0.475157
0.472375
0.376358
0.2907
0.63972
0.530145
0.391043
0.613538
0.659851
0.498355
0.648943
0.0363813
0.435327
0.541462
0.516068
0.213341
0.477948
0.434284
0.358843
0.542407
0.680509
0.784267
0.303782
0.489936
0.262223
0.264298
0.580798
0.254214
0.231312
0.375471
0.702948
0.246527
0.49843
0.395917
0.465888
0.442309
0.442549
0.683572
0.355794
0.604233
0.273908
0.387427
0.434949
0.703274
0.45662
0.38355
0.129687
0.563024
0.746446
0.388889
0.575848
0.826737
0.567278
0.717572
0.282352
0.295818
0.492791
0.53114
0.353992
0.512679
0.517718
0.695889
0.370005
0.660103
0.0961694
0.497172
0.745435
0.423472
0.592373
0.472289
0.507794
0.411465
0.332197
0.510253
0.401982
0.554989
0.361779
0.628486
0.591897
0.603396
0.312549
0.473181
0.957639
0.911199
0.439903
0.60182
0.0926717
0.657755
0.445774
0.493023
0.585796
0.466591
0.61328
0.490644
0.528222
0.590256
0.57462
0.525741
0.416529
0.400823
0.201367
0.471767
0.727762
0.375365
0.649245
0.375051
0.423367
0.589959
0.00746813
0.56434
0.494151
0.434977
0.295697
0.279923
0.388931
0.338672
0.219603
0.474545
0.774967
0.235238
0.639032
0.325059
0.558798
0.837793
0.620715
0.755472
0.451507
0.475908
0.24044
0.408761
0.592974
0.331569
0.46757
0.516561
0.855079
0.356621
0.507766
0.502538
0.42435
0.479025
0.397734
0.916975
0.619964
0.904427
0.438791
0.436837
0.633516
0.39378
0.224007
0.677279
0.482425
0.346985
0.556656
0.447278
0.449305
0.846711
0.475675
0.843819
0.635131
0.515794
0.396794
0.21575
0.484446
0.615836
0.545971
0.540146
0.746384
0.263816
0.404752
0.640768
0.315701
0.967783
0.805103
0.939882
0.753508
0.381887
0.604282
0.571448
0.517855
0.255233
0.538243
0.195402
0.539785
0.498281
0.395063
0.739473
0.760944
0.614695
0.567836
0.556689
0.604315
0.945801
0.339444
0.623448
0.0800873
0.749007
0.419612
0.414763
0.834168
0.580774
0.797569
0.479984
0.4273
0.278925
0.891673
0.504035
0.488203
0.538329
0.270268
0.775922
0.614667
0.148177
0.886036
0.497979
0.501936
0.908326
0.80909
0.256044
0.25825
0.566365
0.36199
0.732482
0.722829
0.816317
0.852849
0.380663
0.332096
0.474074
0.270674
0.791264
0.185368
0.393905
0.350049
0.867454
0.441735
0.514582
0.33021
0.687726
0.535316
0.622892
0.526587
0.571919
0.426529
0.496533
0.500799
0.377609
0.712511
0.537576
0.658088
0.440841
0.400262
0.331951
0.519147
0.836844
0.501582
0.269571
0.70625
0.273113
0.839325
0.433972
0.351578
0.438957
0.559957
0.419547
0.678584
0.522318
0.327895
0.558669
0.425236
0.366413
0.532548
0.740233
0.570913
0.375429
0.569467
0.575339
0.496732
0.290267
0.862476
0.615086
0.252015
0.842006
0.774116
0.649639
0.51762
0.552506
0.407217
0.31698
0.649774
0.588273
0.53087
0.323933
0.856072
0.085444
0.469543
0.53131
0.598222
0.250435
0.774563
0.479231
0.234129
0.302561
0.352633
0.627864
0.704845
0.461619
0.456549
0.663102
0.739906
0.695147
0.548728
0.165857
0.59753
0.326821
0.528641
0.267917
0.274122
0.86913
0.670707
0.616491
0.410518
0.580215
0.34967
0.54382
0.790328
0.756471
0.235962
0.287422
0.368756
0.159219
0.624011
0.430783
0.688213
0.235491
0.911929
0.433501
0.330004
0.429677
0.481478
0.694132
0.719368
0.394506
0.332685
0.538178
0.644086
0.796547
0.30795
0.847914
0.764863
0.673152
0.0959453
0.249924
0.68865
0.434453
0.436095
0.350478
0.844036
0.615769
0.549865
0.958068
0.440824
0.37249
0.305591
0.556655
0.213854
0.471216
0.479014
0.492406
0.444127
0.667656
0.202192
0.910893
0.418225
0.373509
0.298887
0.430969
0.530025
0.401273
0.685034
0.365747
0.146637
0.337628
0.86834
0.500317
0.653499
0.732787
0.811543
0.510076
0.261498
0.804896
0.0293233
0.552738
0.701996
0.745315
0.269333
0.391336
0.353552
0.472293
0.483277
0.604728
0.637159
0.317315
0.524449
0.516342
0.184746
0.640072
0.61358
0.921125
0.328673
0.754754
0.0953577
0.514864
0.377923
0.312073
0.86341
0.629269
0.439649
0.418147
0.562034
0.450446
0.712721
0.783086
0.778411
0.34757
0.722875
0.578849
0.419534
0.26282
0.387035
0.447658
0.323513
0.812853
0.587347
0.238965
0.385425
0.326278
0.603448
0.564704
0.0833159
0.490862
0.294431
0.649258
0.770452
0.608388
0.339974
0.212309
0.455377
0.654286
0.643035
0.759438
0.5218
0.413435
0.664508
0.167087
0.945806
0.912691
0.503183
0.335186
0.548356
0.194946
0.452353
0.442479
0.676518
0.178741
0.557337
0.476313
0.437311
0.421678
0.366196
0.720354
0.213546
0.555058
0.108867
0.770412
0.671507
0.48146
0.45791
0.410307
0.325758
0.62612
0.317035
0.81638
0.456885
0.607242
0.251557
0.571008
0.78338
0.639567
0.217862
0.352193
0.769418
0.309741
0.166974
0.427992
0.305681
0.561275
0.390262
0.221306
0.230899
0.301048
0.143294
0.222252
0.267214
0.488596
0.126818
0.41204
0.422967
0.393583
0.321816
0.124031
0.771963
0.406118
0.468563
0.404355
0.748732
0.358765
0.647553
0.446163
0.704795
0.768337
0.463161
0.558364
0.451388
0.729771
0.248872
0.391349
0.869578
0.8936
0.505841
0.278972
0.399184
0.532764
0.45458
0.567755
0.823347
0.153712
0.622473
0.69101
0.246125
0.430967
0.307834
0.507283
0.515883
0.443563
0.554165
0.559249
0.577781
0.765942
0.436258
0.420911
0.344095
0.415166
0.502738
0.187654
0.651579
0.480475
0.637627
0.425461
0.230568
0.460471
0.396469
0.532266
0.34095
0.407416
0.540515
0.476188
0.835654
0.427335
0.535475
0.26208
0.392714
0.40887
0.699254
0.239543
0.51249
0.553017
0.47611
0.502299
0.607064
0.350099
0.482609
0.640504
0.614301
0.0995846
0.513743
0.494331
0.549544
0.392516
0.615517
0.318842
0.263381
0.675596
0.123313
0.406915
0.904371
0.590149
0.733285
0.728692
0.191116
0.228432
0.717012
0.532737
0.578501
0.773945
0.807613
0.615818
0.758426
0.691666
0.578486
0.604931
0.665793
0.208291
0.303812
0.106931
0.766003
0.771833
0.832923
0.467815
0.380666
0.504123
0.428608
0.14545
0.16372
0.358976
0.812407
0.336258
0.5706
0.773013
0.327889
0.508061
0.268581
0.545352
0.675909
0.378044
0.416884
0.506582
0.593782
0.63648
0.100599
0.736666
0.143293
0.353609
0.43296
0.165644
0.440432
0.518758
0.945956
0.340204
0.202706
0.547522
0.369753
0.463433
0.407852
0.354535
0.256847
0.514253
0.65074
0.726093
0.637363
0.327299
0.453232
0.238595
0.49736
0.46317
0.824725
0.855483
0.852483
0.52325
0.289067
0.0971165
0.544777
0.262482
0.386537
0.814676
0.620925
0.927703
0.32749
0.610974
0.255673
0.69839
0.517304
0.337709
0.664635
0.430834
0.590181
0.860479
0.806183
0.606054
0.382358
0.419521
0.402556
0.45589
0.443224
0.425934
0.415815
0.691029
0.725842
0.919798
0.0947331
0.578846
0.516298
0.678368
0.564179
0.818234
0.454324
0.5992
0.659016
0.732774
0.665556
0.494834
0.810016
0.252821
0.568797
0.32232
0.769753
0.481315
0.339596
0.132643
0.321897
0.837329
0.304449
0.661785
0.347835
0.3456
0.707869
0.496909
0.229959
0.589486
0.337566
0.13784
0.551481
0.669031
0.410923
0.535774
0.908073
0.205043
0.418951
0.827813
0.377117
0.504266
0.291842
0.497704
0.795796
0.450016
0.293235
0.579824
0.479755
0.506801
0.468266
0.285208
0.369502
0.426703
0.763444
0.56512
0.322212
0.31952
0.10436
0.139381
0.872047
0.697853
0.260213
0.403409
0.762575
0.932584
0.742104
0.389619
0.410367
0.75337
0.775004
0.595561
0.189266
0.503036
0.551296
0.502904
0.530361
0.80392
0.516727
0.498062
0.813091
0.618503
0.85762
0.667022
0.378448
0.385813
0.151108
0.0735934
0.725648
0.489359
0.808173
0.64209
0.559167
0.761545
0.482208
0.6521
0.333464
0.553734
0.533809
0.614773
0.798201
0.600365
0.43545
0.436744
0.777246
0.979733
0.667696
0.289551
0.52019
0.42325
0.701537
0.489094
0.445605
0.54926
0.579439
0.951438
0.450717
0.296655
0.900632
0.927948
0.692646
0.407793
0.684161
0.234493
0.351841
0.75942
0.626177
0.576145
0.368786
0.164513
0.185906
0.330536
0.500547
0.467207
0.227729
0.78976
0.774179
0.327143
0.614743
0.872405
0.519491
0.538841
0.192176
0.704036
0.644128
0.0558818
0.516951
0.226164
0.169415
0.588926
0.482729
0.630448
0.775847
0.720803
0.15765
0.426612
0.21261
0.431123
0.695041
0.839258
0.405964
0.247097
0.595259
0.490485
0.456795
0.436448
0.389849
0.46195
0.448122
0.73253
0.487159
0.34171
0.588791
0.530986
0.461497
0.747909
0.700074
0.321494
0.485927
0.583104
0.407368
0.817371
0.901727
0.409721
0.629622
0.320021
0.585526
0.848874
0.564636
0.304432
0.318109
0.291476
0.3488
0.536147
0.276817
0.472311
0.425352
0.229359
0.566483
0.09444
0.385659
0.329982
0.871772
0.703039
0.653531
0.456783
0.356789
0.89448
0.363032
0.357881
0.35577
0.708201
0.635712
0.439123
0.691663
0.185603
0.693665
0.495077
0.627337
0.0919581
0.850288
0.7226
0.497172
0.684007
0.40107
0.421156
0.484711
0.16767
0.292236
0.483272
0.305055
0.626987
0.175493
0.352752
0.718619
0.717137
0.56266
0.577476
0.345869
0.301107
0.274362
0.40783
0.170614
0.471283
0.232493
0.0910477
0.412378
0.533983
0.37659
0.585936
0.61638
0.546639
0.589742
0.3717
0.352597
0.384071
0.500115
0.848792
0.83335
0.0720218
0.379665
0.528924
0.551844
0.26282
0.592045
0.285607
0.212033
0.239768
0.14723
0.885801
0.263178
0.723582
0.400785
0.347475
0.770412
0.0159039
0.291252
0.867089
0.645606
0.651643
0.73952
0.135247
0.430799
0.743628
0.439572
0.307966
0.369422
0.589744
0.750436
0.725241
0.418509
0.874477
0.254654
0.6678
0.648067
0.433486
0.779042
0.517164
0.641742
0.561554
0.278984
0.633329
0.555874
0.730978
0.46798
0.58864
0.412037
0.84919
0.929627
0.595612
0.491075
0.321105
0.179685
0.540687
0.364677
0.69342
0.751343
0.485141
0.643448
0.544803
0.357287
0.31855
0.438426
0.547638
0.537612
0.44948
0.325982
0.763694
0.433114
0.492243
0.273958
0.247821
0.428958
0.357809
0.529924
0.420485
0.394176
0.481184
0.390367
0.431682
0.597943
0.616745
0.562593
0.375474
0.114014
0.207301
0.499131
0.726134
0.630208
0.781817
0.627332
0.753567
0.560272
0.660975
0.314898
0.437444
0.710928
0.448979
0.204975
0.536157
0.487387
0.364201
0.222474
0.478445
0.226068
0.410513
0.596201
0.632263
0.723748
0.215342
0.659387
0.267179
0.387805
0.559724
0.48415
0.663283
0.162728
0.699848
0.573403
0.83136
0.493497
0.528781
0.376685
0.695744
0.566934
0.451319
0.314369
0.853016
0.427572
0.044091
0.287658
0.656436
0.795076
0.647285
0.819757
0.38769
0.515709
0.983578
0.516573
0.16428
0.560808
0.724072
0.453277
0.492583
0.340694
0.12024
0.386003
0.513332
0.332936
0.395144
0.355956
0.498002
0.629315
0.536357
0.296159
0.541273
0.486353
0.457279
0.66903
0.656497
0.819684
0.692736
0.955961
0.617784
0.813081
0.368968
0.48804
0.404058
0.418344
0.637352
0.650002
0.487156
0.502799
0.585397
0.40751
0.467741
0.256559
0.337777
0.900777
0.199538
0.702225
0.634407
0.51557
0.554119
0.255134
0.621752
0.885548
0.365169
0.262734
0.41779
0.697907
0.852901
0.30717
0.2103
0.467226
0.465991
0.785577
0.222297
0.610419
0.590129
0.888101
0.827736
0.698637
0.45901
0.574091
0.424748
0.679942
0.865293
0.50241
0.372959
0.659555
0.405776
0.60226
0.875602
0.492429
0.506772
0.576385
0.136397
0.485877
0.362363
0.609009
0.445367
0.42796
0.179952
0.906295
0.546981
0.4503
0.764227
0.427613
0.218238
0.401944
0.482405
0.771365
0.433528
0.453901
0.5403
0.159574
0.817312
0.571907
0.760508
0.320917
0.784895
0.287972
0.19072
0.302369
0.345778
0.369222
0.381867
0.345056
0.493293
0.525495
0.0625525
0.440425
0.428451
0.715172
0.697929
0.538278
0.565134
0.40163
0.557884
0.6087
0.838015
0.280714
0.431157
0.365374
0.283768
0.0425956
0.508669
0.438249
0.690368
0.649313
0.721137
0.638996
0.308518
0.902311
0.452693
0.193145
0.69342
0.742231
0.563997
0.418282
0.694355
0.266174
0.545038
0.308137
0.433749
0.365647
0.879511
0.337884
0.316609
0.181356
0.339424
0.536409
0.685458
0.23897
0.440263
0.476808
0.68508
0.672985
0.673789
0.316826
0.725639
0.363732
0.397249
0.376409
0.631935
0.605593
0.894503
0.970036
0.140789
0.09243
0.636289
0.816939
0.357754
0.549198
0.653571
0.332806
0.608582
0.256701
0.199621
0.462019
0.320102
0.509406
0.513216
0.439962
0.639344
0.71419
0.507057
0.48039
0.449017
0.380896
0.592203
0.363314
0.76163
0.673497
0.11108
0.254353
0.673766
0.483674
0.488295
0.316937
0.136266
0.656574
0.220245
0.784243
0.245259
0.541458
0.711199
0.13819
0.583228
0.457957
0.725267
0.398321
0.838494
0.461588
0.360387
0.253828
0.505741
0.460181
0.46217
0.377472
0.419405
0.275809
0.28217
0.740618
0.695975
0.664793
0.446873
0.604059
0.860489
0.601338
0.440388
0.589789
0.506693
0.298297
0.815586
0.344334
0.289587
0.481548
0.735103
0.784737
0.373261
0.352436
0.705389
0.27376
0.156196
0.465683
0.503662
0.301316
0.670356
0.418175
0.309374
0.354635
0.499684
0.786952
0.438509
0.140129
0.887778
0.172754
0.840724
0.675381
0.403783
0.498389
0.656123
0.500167
0.609724
0.3792
0.640097
0.360879
0.621741
0.425854
0.651449
0.203182
0.781903
0.757656
0.160701
0.163225
0.356494
0.297544
0.372206
0.978167
0.250873
0.587919
0.565429
0.84228
0.680256
0.409395
0.64744
0.215324
0.559961
0.902554
0.670426
0.445393
0.577877
0.185748
0.704703
0.298878
0.48616
0.129952
0.469469
0.595661
0.598355
0.494653
0.510226
0.628138
0.80236
0.0467207
0.473534
0.39812
0.0988903
0.577182
0.166474
0.436151
0.249298
0.398775
0.59992
0.57322
0.565826
0.450143
0.601433
0.51535
0.701602
0.0505015
0.34531
0.426979
0.496884
0.641544
0.28404
0.459551
0.5123
0.521379
0.477146
0.267174
0.329041
0.618202
0.700093
0.53169
0.52017
0.269417
0.477682
0.874961
0.89645
0.764866
0.823047
0.266657
0.704307
0.580806
0.475107
0.641278
0.902746
0.274232
0.314047
0.918628
0.470284
0.425133
0.396093
0.477432
0.392154
0.807207
0.685599
0.362236
0.552281
0.635557
0.574165
0.609217
0.703729
0.782835
0.663221
0.556989
0.515545
0.273306
0.548245
0.363964
0.393141
0.157215
0.479481
0.684291
0.343583
0.535876
0.285766
0.559877
0.606359
0.550817
0.834776
0.56644
0.594436
0.568307
0.564718
0.107042
0.389613
0.583567
0.259239
0.476991
0.61042
0.53691
0.749001
0.429486
0.42001
0.277058
0.610137
0.451848
0.265716
0.824818
0.69147
0.317644
0.641183
0.883288
0.93915
0.210465
0.736167
0.708741
0.499034
0.820635
0.288344
0.499274
0.463891
0.296525
0.275676
0.3763
0.3942
0.287696
0.287108
0.326939
0.378057
0.547482
0.483565
0.6433
0.407413
0.168169
0.510484
0.437637
0.734568
0.502333
0.547277
0.230345
0.634599
0.679405
0.878387
0.400684
0.136088
0.356996
0.444796
0.458144
0.794251
0.451959
0.784056
0.635286
0.467287
0.0766741
0.591158
0.220895
0.318467
0.761465
0.831749
0.345228
0.403236
0.274573
0.41343
0.597123
0.712285
0.456542
0.370102
0.395698
0.428286
0.966355
0.338526
0.457338
0.41571
0.192136
0.305501
0.491633
0.599833
0.309694
0.678249
0.427907
0.402805
0.0776416
0.679875
0.516944
0.291323
0.438321
0.895913
0.570482
0.252208
0.349203
0.497257
0.394011
0.648883
0.499922
0.738944
0.6364
0.423468
0.17556
0.783506
0.322816
0.49595
0.50727
0.221813
0.255397
0.473563
0.706805
0.36355
0.259087
0.420275
0.611961
0.443691
0.918024
0.447976
0.475447
0.340546
0.490833
0.777668
0.910139
0.225193
0.611144
0.680714
0.759139
0.761304
0.67264
0.346876
0.889572
0.548594
0.465875
0.737631
0.514448
0.45238
0.677112
0.86995
0.627466
0.785879
0.277365
0.237439
0.491049
0.511189
0.622818
0.212492
0.848381
0.199016
0.75576
0.284777
0.135714
0.436523
0.438131
0.378144
0.451631
0.196816
0.867758
0.74972
0.395471
0.382855
0.82033
0.111707
0.617547
0.332768
0.628105
0.628097
0.529302
0.522786
0.449346
0.325251
0.601963
0.528205
0.700424
0.716991
0.0377724
0.502034
0.31551
0.0815997
0.328317
0.505192
0.16674
0.839803
0.819942
0.471316
0.520703
0.369571
0.386729
0.41351
0.325086
0.355254
0.666956
0.679519
0.412257
0.405328
0.549445
0.636099
0.374556
0.684691
0.701678
0.112515
0.909009
0.694236
0.412
0.757349
0.347187
0.0920809
0.873739
0.662017
0.378852
0.587595
0.7695
0.178602
0.146042
0.451071
0.61939
0.308831
0.427191
0.568608
0.337383
0.865252
0.548865
0.733476
0.795512
0.304885
0.455648
0.501989
0.426033
0.209808
0.536693
0.453581
0.497185
0.838424
0.850418
0.581554
0.178635
0.495298
0.306793
0.302628
0.868166
0.666724
0.159633
0.710195
0.48163
0.943393
0.329294
0.707863
0.513667
0.700713
0.119111
0.546599
0.657154
0.831621
0.306907
0.0505234
0.624803
0.52587
0.385875
0.453087
0.0468371
0.664049
0.39708
0.277126
0.424081
0.843785
0.338812
0.578956
0.596334
0.379804
0.555999
0.638449
0.541315
0.31874
0.305835
0.313688
0.549961
0.583812
0.363769
0.290573
0.42933
0.313695
0.576946
0.844418
0.364812
0.284132
0.690189
0.492355
0.428839
0.500063
0.562554
0.552011
0.453741
0.620253
0.56047
0.133714
0.0918677
0.325627
0.456441
0.480145
0.866569
0.566733
0.580275
0.829105
0.37309
0.32499
0.262727
0.111771
0.518902
0.596558
0.279471
0.310547
0.298471
0.756938
0.546238
0.687309
0.577928
0.788586
0.233948
0.354594
0.220567
0.553066
0.265632
0.298978
0.614577
0.36347
0.324896
0.477612
0.76988
0.562076
0.548663
0.49562
0.631408
0.632408
0.494898
0.633744
0.61163
0.57409
0.268958
0.132395
0.575608
0.343119
0.360238
0.14993
0.617318
0.609373
0.783685
0.199731
0.446467
0.407412
0.538775
0.632373
0.560463
0.45584
0.691485
0.865884
0.606719
0.494714
0.552771
0.578805
0.445884
0.439708
0.470039
0.467513
0.40711
0.975948
0.666045
0.430944
0.0819
0.413682
0.352654
0.682612
0.733571
0.202121
0.514831
0.30151
0.504824
0.44705
0.803232
0.120204
0.586381
0.602009
0.391706
0.610178
0.365131
0.202047
0.449008
0.561146
0.80068
0.583307
0.541977
0.362841
0.88467
0.480881
0.330421
0.58444
0.51772
0.721619
0.331887
0.308557
0.494287
0.427785
0.827506
0.313414
0.51622
0.221667
0.648027
0.208556
0.261262
0.370478
0.622165
0.516152
0.513205
0.635093
0.38732
0.451689
0.715892
0.285396
0.555714
0.794545
0.5437
0.319221
0.896962
0.750676
0.186642
0.871089
0.241053
0.0963436
0.528662
0.621173
0.723684
0.653554
0.753196
0.714134
0.788869
0.784581
0.64051
0.271686
0.531716
0.604671
0.426819
0.531968
0.507207
0.498744
0.57565
0.473038
0.548829
0.789626
0.66738
0.476986
0.933823
0.542068
0.343347
0.665425
0.39983
0.498516
0.346418
0.486299
0.56066
0.529332
0.180331
0.956191
0.186874
0.741867
0.265638
0.661526
0.609853
0.52952
0.700516
0.196271
0.675991
0.353627
0.840191
0.662981
0.720609
0.43774
0.889196
0.688221
0.449175
0.315595
0.556133
0.602646
0.906358
0.810756
0.551103
0.510224
0.381438
0.537663
0.311419
0.420299
0.141543
0.900528
0.321689
0.440433
0.302175
0.328234
0.749828
0.727162
0.437419
0.620115
0.351027
0.466027
0.200246
0.789214
0.697174
0.601466
0.766245
0.676335
0.769686
0.361366
0.332122
0.369928
0.309192
0.820287
0.19324
0.603544
0.0459639
0.319609
0.592487
0.314355
0.540466
0.512038
0.575672
0.432909
0.34386
0.122173
0.50667
0.736041
0.543779
0.713993
0.188468
0.731564
0.491144
0.330413
0.704265
0.555081
0.609259
0.319209
0.635706
0.746003
0.166919
0.483886
0.733347
0.531527
0.252689
0.397237
0.407378
0.384106
0.918031
0.289593
0.574621
0.629614
0.562369
0.372975
0.440783
0.270155
0.613718
0.78655
0.714906
0.44717
0.413894
0.548063
0.0459415
0.607228
0.447867
0.470087
0.639321
0.444584
0.662228
0.449175
0.554394
0.581338
0.598246
0.360231
0.601542
0.707711
0.420446
0.487589
0.550766
0.0417001
0.652103
0.498563
0.0315135
0.979088
0.534528
0.414415
0.546466
0.691488
0.407488
0.857907
0.439989
0.691837
0.863559
0.555852
0.454909
0.523472
0.659693
0.149247
0.679264
0.740623
0.474742
0.31285
0.727614
0.734902
0.582163
0.510226
0.419496
0.724056
0.362564
0.409546
0.510574
0.85601
0.811273
0.559618
0.199966
0.392894
0.301518
0.37486
0.680265
0.826518
0.844335
0.802139
0.414671
0.538439
0.44174
0.74162
0.618667
0.75451
0.360209
0.867979
0.591621
0.555493
0.256943
0.447586
0.586669
0.592064
0.571902
0.571418
0.325201
0.914242
0.45402
0.922761
0.555245
0.46199
0.720521
0.272913
0.221001
0.275461
0.453691
0.34735
0.353767
0.370085
0.319958
0.529033
0.712452
0.483399
0.551573
0.56475
0.494828
0.537249
0.261685
0.514598
0.608682
0.67072
0.36904
0.633946
0.534954
0.585847
0.389029
0.70142
0.232937
0.709893
0.703258
0.505685
0.330588
0.814709
0.650305
0.778008
0.510954
0.745378
0.385764
0.306806
0.548699
0.297108
0.940186
0.794612
0.368667
0.541005
0.25896
0.217094
0.291417
0.536129
0.238668
0.517989
0.298603
0.376913
0.379906
0.423045
0.694051
0.411773
0.657033
0.480254
0.454368
0.730426
0.560787
0.632907
0.355868
0.654193
0.500161
0.706204
0.132571
0.475233
0.355416
0.637374
0.463018
0.57742
0.45457
0.603482
0.501583
0.33326
0.601162
0.400315
0.462966
0.307973
0.511577
0.499957
0.936492
0.813602
0.625674
0.663897
0.649818
0.742702
0.234927
0.312694
0.319638
0.372889
0.22777
0.552498
0.519905
0.97027
0.482288
0.332893
0.666098
0.0314576
0.54188
0.659771
0.757009
0.39062
0.689979
0.611174
0.433493
0.17972
0.395395
0.603231
0.206606
0.766826
0.830295
0.427568
0.375506
0.309084
0.768325
0.530756
0.198489
0.443679
0.650832
0.330612
0.298463
0.901808
0.464621
0.56336
0.577164
0.467413
0.805151
0.7299
0.580376
0.214174
0.604536
0.158625
0.299376
0.340912
0.484188
0.526484
0.31181
0.687343
0.547418
0.37916
0.458159
0.1488
0.657764
0.76549
0.917945
0.220264
0.354289
0.550461
0.592762
0.786779
0.0355792
0.295318
0.621223
0.53903
0.399597
0.792562
0.143851
0.529586
0.357068
0.417823
0.103937
0.397036
0.741509
0.409822
0.413338
0.17195
0.619481
0.513825
0.730157
0.340327
0.360135
0.12326
0.888238
0.47692
0.353577
0.62834
0.686346
0.772505
0.373033
0.629781
0.287898
0.665947
0.556299
0.49991
0.90006
0.553569
0.337392
0.472689
0.194005
0.185084
0.889806
0.518385
0.596096
0.367073
0.748258
0.207847
0.622719
0.481681
0.756235
0.595561
0.849466
0.589959
0.342181
0.349878
0.398333
0.525963
0.357574
0.433029
0.494575
0.399464
0.315656
0.582755
0.187811
0.311844
0.350018
0.671609
0.749969
0.351445
0.567732
0.219184
0.555594
0.571378
0.702176
0.406768
0.418043
0.664532
0.57617
0.393132
0.398046
0.437192
0.866521
0.554361
0.519068
0.444456
0.516519
0.46989
0.616911
0.787306
0.373435
0.0510993
0.71892
0.582942
0.233484
0.15804
0.391161
0.506692
0.457247
0.374111
0.40989
0.565531
0.173968
0.807692
0.406605
0.899962
0.823625
0.363964
0.303941
0.922727
0.39116
0.379393
0.402638
0.48955
0.667694
0.335532
0.397788
0.558809
0.229036
0.568047
0.395506
0.433768
0.552272
0.461077
0.66919
0.692723
0.796664
0.0662508
0.437454
0.799113
0.255584
0.409927
0.363808
0.645398
0.341669
0.451405
0.271143
0.421191
0.69783
0.729117
0.732015
0.707876
0.132255
0.680982
0.738707
0.588646
0.555987
0.449372
0.57504
0.324626
0.457133
0.680316
0.804814
0.784455
0.676226
0.400808
0.459804
0.826423
0.852756
0.507308
0.553127
0.71898
0.393299
0.222724
0.461838
0.447155
0.167217
0.578403
0.515521
0.389131
0.366292
0.551863
0.79565
0.35895
0.570195
0.940222
0.193444
0.898041
0.540109
0.873508
0.691917
0.959979
0.618319
0.571225
0.630788
0.769601
0.342059
0.519807
0.380883
0.149327
0.485328
0.697779
0.397648
0.492253
0.722933
0.799676
0.541326
0.823295
0.466399
0.609
0.844352
0.526397
0.651932
0.244679
0.574481
0.827513
0.366026
0.45476
0.485116
0.509809
0.67483
0.455244
0.562291
0.599244
0.37881
0.511211
0.370728
0.395415
0.644745
0.531599
0.769351
0.73424
0.57255
0.39822
0.80961
0.255828
0.734888
0.573801
0.54794
0.712538
0.583004
0.233086
0.296648
0.489002
0.342679
0.235224
0.505491
0.517569
0.62969
0.704902
0.509161
0.659379
0.494585
0.313899
0.293899
0.382948
0.462114
0.553954
0.22938
0.208922
0.861069
0.366063
0.380022
0.401325
0.345786
0.440526
0.552819
0.272381
0.491026
0.326308
0.156763
0.729677
0.697411
0.687473
0.241912
0.831194
0.375071
0.118683
0.7541
0.625403
0.478621
0.380962
0.584281
0.440381
0.447059
0.743156
0.409444
0.547608
0.457633
0.813733
0.615025
0.262808
0.633218
0.321777
0.756697
0.55795
0.44819
0.755268
0.562394
0.645207
0.558258
0.588939
0.39339
0.255419
0.63519
0.533238
0.376228
0.47031
0.517842
0.810112
0.585263
0.479425
0.0963417
0.410606
0.698534
0.519489
0.326787
0.613406
0.467683
0.515581
0.629251
0.742758
0.635576
0.580266
0.652374
0.718358
0.603257
0.53853
0.493299
0.399039
0.190857
0.533068
0.442139
0.546317
0.255015
0.0262277
0.175691
0.933064
0.718359
0.151607
0.555521
0.69678
0.734559
0.380017
0.791051
0.486192
0.755429
0.351264
0.208745
0.274085
0.684526
0.484902
0.723931
0.408523
0.59467
0.619835
0.34231
0.548813
0.654755
0.444372
0.623624
0.581799
0.454228
0.865035
0.520463
0.438282
0.831534
0.724172
0.360638
0.428587
0.10584
0.413118
0.472022
0.790512
0.779292
0.439372
0.554223
0.592117
0.820021
0.392998
0.381942
0.456027
0.554125
0.519132
0.780309
0.271143
0.487762
0.740248
0.542982
0.631875
0.548515
0.483518
0.569249
0.694219
0.778119
0.555333
0.476856
0.462243
0.42663
0.566766
0.802725
0.717742
0.691071
0.550486
0.634241
0.380037
0.509576
0.421342
0.619198
0.53216
0.365003
0.319559
0.283018
0.6738
0.469969
0.637199
0.437284
0.460703
0.498218
0.665271
0.694122
0.764351
0.195218
0.81059
0.206422
0.835021
0.743828
0.218184
0.234368
0.175517
0.678873
0.896813
0.494207
0.432097
0.437409
0.581814
0.475646
0.183328
0.299435
0.581278
0.519778
0.456824
0.5168
0.238234
0.429835
0.628055
0.345981
0.403244
0.242616
0.554598
0.493414
0.448555
0.518834
0.373466
0.650003
0.36663
0.616145
0.338326
0.834431
0.38265
0.389072
0.397673
0.682811
0.272252
0.615495
0.41421
0.115265
0.212507
0.179876
0.499945
0.477895
0.505877
0.148818
0.890684
0.301663
0.403571
0.355071
0.107866
0.737608
0.516463
0.961517
0.854878
0.520819
0.938469
0.207187
0.669204
0.483558
0.218949
0.642776
0.800996
0.680877
0.707477
0.14365
0.612876
0.610064
0.555996
0.343752
0.494962
0.798197
0.800114
0.864328
0.363383
0.200077
0.953025
0.316824
0.759724
0.391764
0.432225
0.539813
0.393077
0.462916
0.40095
0.385247
0.165593
0.804101
0.742952
0.599808
0.796654
0.65321
0.400968
0.452615
0.609978
0.308083
0.195941
0.740993
0.872234
0.830417
0.505782
0.661483
0.770905
0.859003
0.319173
0.263757
0.693412
0.318292
0.191637
0.310541
0.918689
0.351286
0.517802
0.347155
0.656643
0.723683
0.295544
0.639705
0.570136
0.239211
0.694355
0.871476
0.488354
0.374025
0.752062
0.592503
0.469647
0.381024
0.910687
0.897793
0.696137
0.532915
0.364011
0.66513
0.381608
0.465813
0.826057
0.413865
0.448422
0.253134
0.341507
0.451553
0.678421
0.882522
0.645702
0.455785
0.866976
0.226495
0.34367
0.494026
0.708583
0.390484
0.814282
0.714718
0.716632
0.4899
0.257401
0.548412
0.42915
0.450833
0.68858
0.738135
0.476603
0.346958
0.947593
0.873668
0.286994
0.578186
0.423814
0.3349
0.277767
0.364572
0.713147
0.654869
0.333209
0.571965
0.80796
0.793584
0.690286
0.303838
0.683182
0.16917
0.555045
0.486727
0.778436
0.523397
0.345953
0.844652
0.387801
0.304043
0.409752
0.700887
0.355539
0.227094
0.879622
0.463391
0.23779
0.537194
0.544693
0.443203
0.727012
0.215242
0.674108
0.323049
0.647634
0.487527
0.688127
0.636403
0.718096
0.471217
0.392929
0.535191
0.536212
0.646523
0.695004
0.417316
0.381461
0.576312
0.285262
0.653119
0.43956
0.399413
0.732174
0.192907
0.441392
0.604326
0.7475
0.755602
0.47006
0.445526
0.587378
0.59156
0.326585
0.595006
0.625759
0.480569
0.856449
0.727178
0.586384
0.669011
0.525951
0.21573
0.243745
0.868122
0.299006
0.476483
0.102659
0.728289
0.50179
0.72079
0.640326
0.372248
0.374306
0.489457
0.143945
0.113048
0.394709
0.317662
0.501199
0.400611
0.223902
0.736794
0.500111
0.333659
0.254672
0.0496278
0.269026
0.741797
0.261328
0.420685
0.436661
0.385449
0.532539
0.304139
0.416408
0.73938
0.631775
0.587059
0.418273
0.618441
0.566483
0.0562764
0.366078
0.572191
0.158839
0.402616
0.846739
0.517996
0.297654
0.456702
0.542688
0.500168
0.512697
0.206033
0.297689
0.255709
0.449466
0.373463
0.540556
0.435146
0.834098
0.442716
0.740461
0.369951
0.904883
0.497027
0.391764
0.695988
0.548533
0.0924617
0.225512
0.435413
0.516074
0.117933
0.918963
0.307401
0.604977
0.699432
0.523722
0.0810576
0.580823
0.186412
0.157279
0.701846
0.373555
0.11378
0.201985
0.715813
0.720055
0.263377
0.329679
0.683879
0.436526
0.554336
0.619449
0.821421
0.390865
0.472139
0.86018
0.51634
0.506945
0.6017
0.328792
0.671794
0.769417
0.56023
0.909281
0.487721
0.209397
0.231142
0.366893
0.338258
0.238093
0.680712
0.415978
0.820131
0.457157
0.494663
0.419292
0.340063
0.711266
0.502343
0.630748
0.277196
0.66016
0.461603
0.842796
0.299528
0.534065
0.757971
0.623883
0.831292
0.498168
0.527173
0.530621
0.461206
0.688523
0.840539
0.253528
0.749482
0.49348
0.198275
0.604432
0.434433
0.541461
0.556074
0.57782
0.457523
0.617596
0.465999
0.91767
0.518637
0.868508
0.143031
0.69549
0.541329
0.666177
0.374162
0.354525
0.970797
0.388609
0.167367
0.499308
0.245256
0.636697
0.393263
0.408944
0.574404
0.543409
0.402728
0.826744
0.326592
0.343156
0.209238
0.52804
0.86932
0.255889
0.305114
0.492223
0.625621
0.502229
0.536387
0.704286
0.401889
0.402618
0.191405
0.185343
0.210639
0.525219
0.0638357
0.300852
0.354704
0.734008
0.731115
0.219437
0.457296
0.250206
0.644931
0.594485
0.915367
0.476943
0.360756
0.614853
0.421637
0.348745
0.338918
0.520285
0.243657
0.354151
0.730187
0.501324
0.366224
0.141511
0.414297
0.602757
0.396447
0.754702
0.790316
0.323804
0.798708
0.557245
0.423221
0.557531
0.06977
0.290007
0.631534
0.836148
0.382217
0.469394
0.45631
0.548094
0.517391
0.469682
0.682263
0.86701
0.0769664
0.644802
0.187271
0.581942
0.505272
0.731671
0.376978
0.342325
0.372421
0.538844
0.316673
0.530499
0.661301
0.560982
0.403093
0.54877
0.469428
0.67137
0.52428
0.257198
0.579655
0.431423
0.636075
0.622555
0.771666
0.31783
0.539299
0.838087
0.539186
0.804721
0.372168
0.74794
0.545794
0.249963
0.437916
0.859344
0.69518
0.421374
0.468099
0.549837
0.609685
0.760422
0.777517
0.276066
0.603901
0.617635
0.497142
0.664883
0.408105
0.205709
0.67694
0.316714
0.439252
0.402995
0.53091
0.475353
0.835216
0.30179
0.452154
0.917591
0.760965
0.532534
0.65626
0.490289
0.663286
0.406784
0.416731
0.671718
0.693674
0.308521
0.336682
0.358226
0.436968
0.525071
0.456489
0.276495
0.37625
0.345643
0.727535
0.495876
0.692543
0.267221
0.487678
0.464511
0.540778
0.534223
0.0545269
0.317162
0.361471
0.500111
0.408087
0.40189
0.580545
0.435818
0.664795
0.546962
0.717659
0.42159
0.150446
0.538534
0.466421
0.845562
0.359971
0.603952
0.727795
0.794093
0.4475
0.394651
0.870997
0.255632
0.620607
0.0369121
0.164143
0.571557
0.418122
0.267932
0.85987
0.954213
0.831326
0.498869
0.33915
0.154026
0.583854
0.345766
0.509431
0.494339
0.116083
0.243466
0.321271
0.504316
0.425234
0.206846
0.310552
0.266971
0.392918
0.627917
0.491355
0.861115
0.587302
0.196568
0.217532
0.412715
0.257548
0.606931
0.798993
0.282896
0.343642
0.660578
0.201681
0.306522
0.305208
0.701976
0.578186
0.257011
0.428354
0.520842
0.668919
0.349771
0.500091
0.430259
0.781717
0.608348
0.845309
0.178635
0.600762
0.804098
0.701774
0.177806
0.493598
0.441926
0.264086
0.228798
0.278078
0.401342
0.457995
0.500993
0.578968
0.353796
0.611943
0.469648
0.446969
0.464
0.173174
0.340938
0.33082
0.644631
0.471218
0.69293
0.286183
0.770547
0.762029
0.635091
0.472923
0.270374
0.391516
0.738158
0.535398
0.400005
0.897685
0.310432
0.378328
0.264324
0.726073
0.295747
0.143784
0.790135
0.46363
0.642623
0.362818
0.865032
0.601659
0.443289
0.798194
0.243635
0.818914
0.465512
0.41269
0.584378
0.631407
0.399371
0.690373
0.616695
0.485948
0.215346
0.706235
0.450219
0.479928
0.479286
0.382555
0.924315
0.370287
0.794079
0.788293
0.15796
0.890111
0.737025
0.630824
0.0967416
0.621772
0.236151
0.757262
0.365443
0.78095
0.277933
0.52561
0.621396
0.246406
0.663097
0.323932
0.365523
0.525801
0.22638
0.308708
0.304686
0.578332
0.510387
0.601521
0.370698
0.520438
0.332848
0.726171
0.388056
0.721295
0.510849
0.486286
0.644181
0.650266
0.204789
0.276484
0.252669
0.568969
0.419059
0.488085
0.711777
0.26609
0.645645
0.213361
0.447078
0.513505
0.461079
0.370266
0.388951
0.2778
0.58639
0.662566
0.272278
0.451691
0.493902
0.458257
0.857451
0.975351
0.59398
0.212118
0.1585
0.698103
0.858999
0.976232
0.525874
0.186413
0.441084
0.835261
0.568134
0.914594
0.414327
0.27123
0.408531
0.380064
0.721465
0.505572
0.659144
0.165536
0.729177
0.284096
0.75701
0.825908
0.495393
0.363584
0.443358
0.208159
0.426245
0.126625
0.678794
0.917983
0.449463
0.794298
0.674012
0.62737
0.655293
0.624286
0.477309
0.272838
0.555188
0.274952
0.696906
0.424436
0.682769
0.683892
0.447796
0.711165
0.210753
0.352444
0.499569
0.668896
0.581781
0.3456
0.863355
0.232337
0.350291
0.609747
0.692787
0.323083
0.506781
0.378605
0.385555
0.591247
0.505071
0.480734
0.658889
0.348623
0.537338
0.779923
0.133985
0.0868243
0.300957
0.772754
0.601148
0.204298
0.075385
0.535612
0.649104
0.671581
0.37653
0.756348
0.728685
0.344638
0.780304
0.503826
0.482788
0.491591
0.20623
0.181483
0.811242
0.828617
0.526228
0.279072
0.150928
0.466256
0.312911
0.0796701
0.338209
0.647842
0.365933
0.397036
0.682471
0.517249
0.354168
0.211352
0.516264
0.883588
0.9857
0.739367
0.499267
0.555993
0.566827
0.51792
0.340025
0.302068
0.635518
0.497784
0.861106
0.339067
0.553952
0.937757
0.470064
0.49732
0.0190039
0.556884
0.610306
0.300909
0.398769
0.445656
0.652669
0.691061
0.627411
0.155026
0.45025
0.473176
0.0898615
0.675013
0.415739
0.798911
0.502108
0.682672
0.492224
0.600167
0.242022
0.482152
0.275165
0.372344
0.409902
0.477541
0.304941
0.559648
0.597133
0.312166
0.686095
0.525745
0.415567
0.47598
0.701132
0.198488
0.789455
0.725649
0.473435
0.957955
0.335983
0.0798996
0.495566
0.692453
0.859687
0.445685
0.475985
0.177667
0.56022
0.598665
0.468881
0.53955
0.502189
0.284486
0.638568
0.54206
0.219983
0.625314
0.271607
0.796292
0.529731
0.30903
0.786527
0.218035
0.194763
0.206474
0.502741
0.166253
0.540142
0.105101
0.316979
0.175439
0.93608
0.665358
0.697263
0.550299
0.269244
0.499086
0.541187
0.321642
0.5952
0.437207
0.956961
0.667862
0.614441
0.59691
0.912429
0.386849
0.438684
0.276564
0.458942
0.358629
0.813327
0.499487
0.373746
0.669518
0.536164
0.695747
0.576202
0.174031
0.761716
0.554059
0.559929
0.751261
0.204701
0.493895
0.344634
0.367905
0.455432
0.500799
0.58814
0.790602
0.194117
0.235972
0.510843
0.39569
0.540269
0.374052
0.671518
0.504971
0.597665
0.54109
0.895152
0.531556
0.95447
0.51759
0.290171
0.450297
0.972419
0.539539
0.804163
0.712817
0.148114
0.573254
0.153909
0.707592
0.653752
0.357888
0.727258
0.721021
0.863787
0.302366
0.6911
0.085888
0.748282
0.491542
0.0514043
0.309081
0.462894
0.59927
0.798023
0.450909
0.289664
0.424122
0.528654
0.383829
0.78202
0.556393
0.583104
0.288847
0.541591
0.353047
0.730696
0.35336
0.503673
0.940196
0.340383
0.614624
0.432392
0.380693
0.724852
0.748555
0.525827
0.437382
0.486622
0.834007
0.605598
0.530502
0.70587
0.728137
0.314604
0.530748
0.696396
0.668962
0.570847
0.447416
0.817921
0.576655
0.224492
0.364054
0.469567
0.255609
0.439504
0.642018
0.401138
0.304764
0.270469
0.455267
0.365501
0.524163
0.729377
0.63774
0.397107
0.461166
0.836401
0.617586
0.138411
0.47023
0.722899
0.380531
0.647653
0.265609
0.804099
0.447592
0.508195
0.42684
0.363147
0.770347
0.321326
0.672292
0.587401
0.739921
0.301152
0.44658
0.172088
0.673838
0.701937
0.473074
0.555663
0.687818
0.194939
0.403219
0.675404
0.777622
0.573537
0.549855
0.331026
0.228961
0.302155
0.422181
0.818293
0.1415
0.436196
0.385489
0.443837
0.39592
0.326927
0.749254
0.356609
0.311001
0.786984
0.442633
0.830604
0.530631
0.528861
0.166911
0.20772
0.848631
0.200495
0.519878
0.658846
0.222258
0.728746
0.567607
0.245453
0.643193
0.44332
0.19456
0.463234
0.827821
0.0903797
0.293435
0.523511
0.356559
0.356821
0.461606
0.577377
0.434956
0.412894
0.851516
0.411735
0.367274
0.742598
0.17781
0.345643
0.6262
0.167951
0.614499
0.629568
0.570353
0.485011
0.420895
0.0993788
0.404152
0.516188
0.615532
0.661131
0.392661
0.645143
0.872751
0.381915
0.636909
0.0372853
0.547108
0.536248
0.883238
0.760566
0.336218
0.406721
0.383129
0.408035
0.0731281
0.461824
0.737958
0.5853
0.49478
0.233093
0.456121
0.762777
0.563578
0.787938
0.617879
0.504327
0.524569
0.643741
0.586313
0.470588
0.36119
0.793019
0.620679
0.857047
0.668024
0.208662
0.541488
0.563593
0.189455
0.772503
0.764537
0.904036
0.378605
0.519659
0.564158
0.55077
0.311376
0.415323
0.343843
0.171497
0.145924
0.579901
0.485452
0.351636
0.54832
0.452612
0.516106
0.407768
0.610666
0.832871
0.374893
0.584175
0.268357
0.563011
0.479445
0.386266
0.578691
0.315113
0.585438
0.441387
0.45346
0.518931
0.600021
0.28924
0.543667
0.417114
0.0531538
0.390845
0.454927
0.558161
0.848804
0.406715
0.827636
0.236731
0.210916
0.931613
0.546421
0.465199
0.40704
0.38499
0.448866
0.509511
0.375483
0.642922
0.383987
0.346662
0.799787
0.759076
0.326377
0.600296
0.467346
0.758961
0.48243
0.085177
0.41691
0.50344
0.430511
0.540484
0.422709
0.504174
0.317417
0.456102
0.280899
0.335441
0.488921
0.595311
0.656989
0.423421
0.662698
0.391471
0.420892
0.505821
0.357356
0.845549
0.4392
0.441395
0.771802
0.875528
0.212264
0.810636
0.664616
0.767972
0.536603
0.38566
0.513592
0.456229
0.541178
0.558991
0.341053
0.298984
0.488992
0.207684
0.571052
0.857083
0.153461
0.230966
0.639987
0.365772
0.372
0.636245
0.812684
0.673714
0.547172
0.560106
0.261424
0.369366
0.408787
0.497594
0.445886
0.139513
0.768256
0.274833
0.187439
0.603979
0.289495
0.436724
0.561682
0.444755
0.468647
0.733187
0.338604
0.596995
0.557839
0.274158
0.680196
0.593559
0.586191
0.685234
0.660838
0.853994
0.424217
0.732592
0.406221
0.283066
0.505782
0.897548
0.252055
0.493178
0.364701
0.267795
0.304282
0.289211
0.561061
0.374126
0.637971
0.753576
0.3653
0.238132
0.602545
0.34345
0.736073
0.408105
0.806467
0.361403
0.670854
0.14708
0.334967
0.484848
0.426255
0.198678
0.60987
0.23895
0.897949
0.693125
0.531051
0.371865
0.118112
0.267557
0.644521
0.540377
0.371212
0.3614
0.562583
0.538248
0.346983
0.409385
0.717024
0.498786
0.542379
0.791445
0.756721
0.577379
0.29225
0.410447
0.506533
0.568946
0.351495
0.655477
0.884831
0.239474
0.369372
0.27007
0.53246
0.850051
0.389632
0.281515
0.636414
0.425989
0.678129
0.159089
0.536977
0.272881
0.72249
0.255772
0.187525
0.565631
0.166433
0.349744
0.391694
0.535741
0.234269
0.738653
0.473046
0.856321
0.369095
0.351384
0.637872
0.273554
0.851172
0.228763
0.272196
0.357509
0.580915
0.486362
0.269566
0.444485
0.50393
0.509281
0.716639
0.417203
0.823477
0.640493
0.369056
0.418471
0.688708
0.511088
0.830585
0.418088
0.465018
0.422436
0.203948
0.752024
0.48578
0.827015
0.712242
0.827113
0.852749
0.466401
0.395326
0.133696
0.395339
0.611584
0.466003
0.532922
0.316998
0.112532
0.766318
0.484567
0.849823
0.600632
0.494737
0.455501
0.406564
0.19935
0.480459
0.698139
0.262128
0.485176
0.761569
0.412409
0.214634
0.70264
0.579223
0.504016
0.469088
0.373904
0.630509
0.72599
0.154664
0.955141
0.528104
0.439724
0.42959
0.578661
0.895323
0.555916
0.545576
0.681422
0.380609
0.415077
0.536703
0.457315
0.105999
0.441449
0.365662
0.0823231
0.669552
0.853431
0.403197
0.548359
0.302211
0.537797
0.534565
0.703327
0.635021
0.394234
0.479826
0.73165
0.763125
0.530937
0.582703
0.821246
0.398378
0.641214
0.865751
0.649636
0.382949
0.715276
0.567532
0.58359
0.191693
0.440608
0.670469
0.623458
0.281585
0.718532
0.595997
0.634997
0.75196
0.17379
0.786642
0.298305
0.259762
0.858206
0.31257
0.465101
0.489496
0.548682
0.433181
0.252388
0.208032
0.614024
0.21223
0.212205
0.0398729
0.374311
0.827972
0.803908
0.578992
0.700711
0.637777
0.657148
0.308776
0.302908
0.349618
0.250409
0.53212
0.725493
0.320844
0.141724
0.619157
0.5239
0.547563
0.774863
0.360589
0.914688
0.325982
0.646041
0.570055
0.394188
0.359984
0.752894
0.809435
0.393755
0.757202
0.759192
0.716462
0.489074
0.898827
0.695489
0.394471
0.505199
0.586339
0.277606
0.679613
0.558224
0.661343
0.561586
0.831289
0.648683
0.462619
0.665464
0.797064
0.37103
0.527526
0.674911
0.183763
0.627732
0.3628
0.111551
0.421946
0.435752
0.40281
0.479437
0.341397
0.48741
0.44127
0.416917
0.480761
0.0768176
0.365399
0.367836
0.934909
0.327332
0.439461
0.447719
0.399096
0.354645
0.17762
0.317318
0.299427
0.574397
0.513976
0.387634
0.504639
0.312377
0.520659
0.567201
0.594658
0.699615
0.842783
0.524198
0.516857
0.53389
0.312064
0.572615
0.691425
0.363388
0.868864
0.303462
0.23272
0.497458
0.46538
0.468702
0.433928
0.473654
0.54069
0.387327
0.517854
0.709447
0.451308
0.779687
0.387116
0.641226
0.408898
0.947945
0.712476
0.602411
0.519743
0.607197
0.678542
0.516739
0.438541
0.933557
0.561505
0.681974
0.442081
0.532207
0.544074
0.493554
0.396293
0.0401317
0.278222
0.906855
0.133165
0.464978
0.68684
0.761011
0.671975
0.123202
0.350844
0.786435
0.512241
0.677375
0.558778
0.192392
0.393793
0.784255
0.701391
0.680218
0.462306
0.251926
0.674169
0.0519784
0.196634
0.866056
0.806234
0.783578
0.747217
0.682009
0.564532
0.505579
0.502835
0.591293
0.387671
0.284157
0.745942
0.857535
0.484242
0.418894
0.674759
0.57889
0.285943
0.67329
0.363321
0.170506
0.476268
0.4281
0.898583
0.472401
0.621025
0.196844
0.476719
0.474816
0.407378
0.267024
0.658662
0.414821
0.353604
0.429825
0.277942
0.634682
0.582218
0.335285
0.661835
0.104219
0.354587
0.459142
0.369786
0.39607
0.545611
0.491778
0.0710715
0.664555
0.592544
0.658909
0.47661
0.815489
0.182468
0.557878
0.407806
0.566053
0.548429
0.542638
0.628289
0.480542
0.724682
0.514724
0.482358
0.329514
0.966989
0.676722
0.676936
0.256597
0.774377
0.378989
0.711793
0.248935
0.554204
0.639566
0.505757
0.293948
0.452895
0.741471
0.684625
0.366822
0.73015
0.510751
0.289428
0.529864
0.284882
0.452918
0.331702
0.936553
0.546664
0.874597
0.165351
0.419872
0.926862
0.441431
0.562685
0.106184
0.87917
0.322515
0.175181
0.632672
0.84967
0.145848
0.727463
0.558061
0.502056
0.438504
0.335991
0.443047
0.584109
0.549455
0.261905
0.338623
0.656966
0.752179
0.700444
0.557144
0.639228
0.798425
0.37731
0.112759
0.723391
0.143708
0.265362
0.604505
0.702566
0.889343
0.652929
0.577106
0.600926
0.685024
0.588056
0.531226
0.731769
0.9102
0.390943
0.266654
0.412581
0.401692
0.469791
0.628602
0.546929
0.31923
0.59327
0.489037
0.638496
0.439807
0.565769
0.431659
0.533032
0.245958
0.419562
0.620889
0.289467
0.622294
0.780998
0.721921
0.561896
0.298848
0.485789
0.500627
0.229631
0.87899
0.31143
0.368813
0.742954
0.363911
0.862773
0.652054
0.757704
0.534875
0.189727
0.244048
0.612282
0.878659
0.634037
0.573139
0.0561317
0.940841
0.695053
0.443401
0.369224
0.0657745
0.872375
0.324365
0.117538
0.431357
0.486245
0.550221
0.770005
0.610869
0.394478
0.151008
0.257845
0.0934181
0.817755
0.175071
0.287702
0.768715
0.653022
0.873727
0.32544
0.831146
0.697724
0.505861
0.147946
0.382311
0.125583
0.281838
0.71575
0.210422
0.347575
0.602865
0.349727
0.799173
0.0597485
0.763658
0.300632
0.0679194
0.822491
0.172971
0.78069
0.669207
0.433807
0.40827
0.381911
0.868923
0.652161
0.557565
0.536284
0.60856
0.492388
0.813108
0.778479
0.298295
0.361158
0.66841
0.0521376
0.213804
0.216432
0.831726
0.656308
0.568972
0.728339
0.605897
0.659057
0.910837
0.086853
0.49613
0.710755
0.432371
0.644624
0.694047
0.669989
0.622883
0.501289
0.848034
0.810544
0.375071
0.42855
0.66663
0.108355
0.741954
0.703292
0.913445
0.712788
0.486147
0.458952
0.238789
0.68711
0.388149
0.583354
0.0549178
0.45843
0.479537
0.484168
0.298533
0.147911
0.441181
0.711128
0.435876
0.557481
0.355812
0.467124
0.452479
0.069768
0.828486
0.458224
0.33137
0.573432
0.687724
0.325689
0.160217
0.256554
0.554303
0.070965
0.519646
0.716201
0.513912
0.427666
0.691673
0.812744
0.454096
0.552458
0.488896
0.55301
0.325131
0.699796
0.141846
0.516764
0.658692
0.213374
0.193572
0.44655
0.627394
0.710154
0.237292
0.601321
0.252511
0.7508
0.0946355
0.32982
0.0663829
0.583302
0.168731
0.550092
0.610259
0.714549
0.718116
0.42701
0.597522
0.107591
0.684151
0.520145
0.396474
0.720281
0.466356
0.529799
0.68608
0.393963
0.676789
0.499463
0.212274
0.268845
0.416318
0.438458
0.521669
0.445658
0.502354
0.308961
0.873707
0.531182
0.839323
0.677114
0.731533
0.498169
0.759882
0.0583487
0.306065
0.458186
0.676606
0.592563
0.576982
0.488846
0.770578
0.665231
0.538539
0.574888
0.705048
0.446002
0.617363
0.515509
0.489037
0.546819
0.783591
0.818346
0.627478
0.607053
0.325928
0.643454
0.0812165
0.593615
0.585421
0.778606
0.321903
0.459467
0.141985
0.420214
0.403525
0.534464
0.521893
0.202115
0.484057
0.627858
0.443706
0.45747
0.617413
0.302334
0.444312
0.116963
0.397622
0.13487
0.925959
0.439467
0.173834
0.5102
0.239412
0.439324
0.566527
0.59813
0.367546
0.417324
0.401958
0.146414
0.597938
0.420475
0.443666
0.576377
0.272222
0.748601
0.436503
0.598935
0.774193
0.293763
0.490439
0.674134
0.367868
0.541514
0.718067
0.617788
0.320929
0.4809
0.801471
0.514295
0.948191
0.463157
0.300835
0.825128
0.283954
0.216961
0.528894
0.688019
0.54133
0.771112
0.702031
0.382293
0.340829
0.453453
0.340567
0.291278
0.889742
0.427829
0.527491
0.423207
0.368036
0.398843
0.146601
0.657463
0.22574
0.657138
0.607743
0.863524
0.420982
0.555904
0.828574
0.395404
0.327066
0.302278
0.378949
0.194872
0.611225
0.615269
0.705807
0.842187
0.336855
0.844816
0.743102
0.373579
0.365292
0.564554
0.473071
0.540137
0.832398
0.443823
0.141844
0.413268
0.549454
0.37244
0.844109
0.347351
0.627041
0.354701
0.578284
0.290665
0.94486
0.107076
0.635342
0.291151
0.789622
0.0870064
0.821183
0.274037
0.557371
0.848184
0.524134
0.273824
0.365817
0.660681
0.0258975
0.28359
0.246495
0.252242
0.715995
0.740043
0.285749
0.320032
0.506434
0.893242
0.657789
0.630114
0.255095
0.915325
0.442274
0.564858
0.39301
0.58312
0.943098
0.896514
0.212459
0.724911
0.424273
0.358085
0.409488
0.352165
0.753013
0.750661
0.486227
0.502443
0.389366
0.869296
0.505048
0.300222
0.485924
0.447521
0.448351
0.597808
0.560398
0.613519
0.0744987
0.288985
0.278034
0.518987
0.672095
0.493529
0.330077
0.844654
0.501572
0.291174
0.718718
0.304401
0.474727
0.539076
0.458147
0.56292
0.759598
0.537324
0.775601
0.649765
0.509771
0.912468
0.345462
0.495684
0.30393
0.56955
0.913723
0.635029
0.643194
0.418552
0.369337
0.411053
0.490484
0.311675
0.393175
0.68884
0.847898
0.733319
0.264563
0.623613
0.254784
0.765087
0.229571
0.450105
0.850911
0.703647
0.534437
0.551671
0.785881
0.439702
0.301747
0.235764
0.26762
0.311834
0.376206
0.185395
0.929511
0.629417
0.591039
0.474134
0.457458
0.414303
0.105293
0.32521
0.554886
0.641411
0.536539
0.463205
0.335388
0.363853
0.562663
0.449838
0.619477
0.588684
0.490685
0.813267
0.37358
0.624826
0.489738
0.57335
0.666175
0.355204
0.259575
0.433229
0.527646
0.490574
0.855196
0.450606
0.487193
0.343029
0.212364
0.920025
0.321809
0.51259
0.618067
0.490459
0.189097
0.6108
0.444134
0.210461
0.827386
0.750691
0.411472
0.7361
0.393336
0.512952
0.476606
0.354896
0.268955
0.453616
0.631395
0.271909
0.306637
0.44904
0.481065
0.772119
0.492581
0.279419
0.91486
0.416208
0.395656
0.33255
0.507882
0.344806
0.530481
0.665033
0.491884
0.0592624
0.40025
0.388557
0.206995
0.714925
0.496495
0.454383
0.395592
0.505934
0.419746
0.389629
0.52374
0.638467
0.546746
0.394407
0.514848
0.68234
0.306583
0.439327
0.854394
0.258883
0.139861
0.608388
0.473807
0.565903
0.601702
0.412693
0.645811
0.658594
0.831125
0.655943
0.822733
0.698163
0.246058
0.663095
0.423527
0.547947
0.334944
0.289063
0.524473
0.639734
0.302638
0.604802
0.732701
0.451008
0.0900031
0.513573
0.22097
0.726765
0.423338
0.280673
0.476279
0.247547
0.56147
0.565381
0.264169
0.488297
0.295098
0.524316
0.634747
0.430604
0.514649
0.910908
0.495708
0.583884
0.299663
0.326119
0.851849
0.439004
0.494434
0.381049
0.259762
0.620842
0.121328
0.5125
0.370653
0.4242
0.744956
0.548068
0.133416
0.710528
0.53707
0.347779
0.304326
0.310812
0.303783
0.454778
0.358942
0.622996
0.623423
0.668017
0.726005
0.510254
0.505064
0.305393
0.46236
0.399417
0.614476
0.656222
0.562136
0.146796
0.625975
0.227428
0.542643
0.281646
0.645364
0.368286
0.273652
0.655466
0.910857
0.714018
0.715963
0.318295
0.115644
0.119029
0.809368
0.611147
0.20741
0.356026
0.199333
0.506693
0.906907
0.837723
0.315969
0.648248
0.449328
0.473332
0.518032
0.330122
0.189022
0.502477
0.588966
0.330333
0.219738
0.754657
0.321182
0.549675
0.54937
0.262851
0.248992
0.329069
0.629829
0.515312
0.789859
0.610141
0.679457
0.360083
0.127811
0.271881
0.247042
0.682237
0.622103
0.519272
0.353276
0.454289
0.348429
0.617679
0.307189
0.615721
0.0792078
0.559816
0.431785
0.468031
0.583662
0.420037
0.444893
0.377153
0.57767
0.193686
0.627888
0.555611
0.477548
0.337202
0.176706
0.5522
0.811161
0.517648
0.76629
0.807472
0.213981
0.248299
0.871289
0.238782
0.386909
0.129892
0.2726
0.799087
0.716931
0.335114
0.441026
0.809212
0.460855
0.266868
0.62605
0.0936989
0.466633
0.488829
0.489455
0.555886
0.355967
0.569766
0.510223
0.808295
0.416118
0.401083
0.648877
0.329885
0.648081
0.339999
0.896145
0.852194
0.99246
0.698734
0.342531
0.781881
0.703651
0.143087
0.79213
0.447606
0.167114
0.481696
0.705698
0.314707
0.153768
0.120296
0.394748
0.541557
0.0797248
0.623227
0.400127
0.356977
0.288846
0.367418
0.875286
0.718546
0.199772
0.19205
0.55613
0.567116
0.358331
0.240066
0.53609
0.723303
0.510438
0.355662
0.576756
0.5772
0.759811
0.444857
0.571147
0.703037
0.19906
0.124231
0.538386
0.385951
0.60191
0.275855
0.165297
0.278537
0.838556
0.794439
0.422144
0.510286
0.625339
0.855663
0.666438
0.553507
0.54419
0.452653
0.410497
0.504784
0.466466
0.740513
0.565106
0.171506
0.590052
0.896794
0.483408
0.458446
0.247803
0.248762
0.515804
0.529875
0.469633
0.836286
0.548432
0.578127
0.479763
0.372136
0.634452
0.76002
0.884866
0.729454
0.339118
0.468012
0.758074
0.629125
0.806335
0.58342
0.648006
0.617749
0.316095
0.714512
0.741225
0.219881
0.73893
0.652756
0.480729
0.816173
0.305227
0.385956
0.392311
0.342017
0.493969
0.48751
0.694827
0.319282
0.607191
0.556449
0.469662
0.526657
0.23314
0.613429
0.738859
0.282139
0.312879
0.463282
0.250627
0.354131
0.411769
0.515219
0.0951567
0.435594
0.558974
0.407254
0.472879
0.408688
0.154894
0.511846
0.511535
0.795263
0.458094
0.505295
0.477635
0.831585
0.550071
0.163817
0.552106
0.523586
0.437868
0.404756
0.539149
0.831956
0.591311
0.321825
0.451546
0.304333
0.723322
0.568745
0.364861
0.514804
0.508514
0.426123
0.757222
0.0889414
0.696958
0.741881
0.250574
0.385517
0.216775
0.666002
0.243514
0.0740491
0.370878
0.705847
0.375037
0.39027
0.119939
0.608755
0.582749
0.269606
0.705364
0.934105
0.218309
0.351689
0.502779
0.907499
0.75709
0.516936
0.508249
0.25517
0.58827
0.659154
0.746169
0.197229
0.195767
0.816128
0.649486
0.133786
0.739671
0.573117
0.599635
0.288478
0.622031
0.322124
0.325275
0.679411
0.570081
0.502812
0.245653
0.267958
0.0941962
0.368885
0.106121
0.491367
0.377116
0.616718
0.890065
0.615565
0.225147
0.381009
0.50321
0.450034
0.661323
0.145172
0.113001
0.447107
0.564689
0.532176
0.787462
0.0634648
0.459094
0.734491
0.214666
0.492148
0.629121
0.509788
0.795653
0.478793
0.689977
0.71198
0.29038
0.416331
0.562388
0.745195
0.457965
0.267817
0.502779
0.62121
0.269243
0.597555
0.913213
0.468864
0.281354
0.596121
0.604811
0.386929
0.150792
0.965392
0.512561
0.449879
0.523095
0.885121
0.558672
0.46899
0.674032
0.513101
0.935828
0.279138
0.288898
0.0764019
0.530929
0.864665
0.653224
0.59164
0.0341135
0.0556286
0.289948
0.607732
0.477083
0.818726
0.214782
0.595015
0.518967
0.835158
0.493264
0.210112
0.247185
0.600662
0.669677
0.64638
0.584973
0.200903
0.399742
0.635252
0.596483
0.70841
0.755718
0.394236
0.55455
0.815164
0.684256
0.422839
0.585474
0.857976
0.484066
0.528109
0.52935
0.311696
0.932193
0.31698
0.353734
0.618319
0.824387
0.623093
0.532614
0.387988
0.206809
0.441179
0.251903
0.0508731
0.962995
0.422623
0.626877
0.956876
0.181755
0.841247
0.816197
0.713083
0.868366
0.168851
0.491385
0.216844
0.573176
0.505498
0.569828
0.385332
0.89841
0.590012
0.443612
0.500415
0.60574
0.471619
0.635704
0.380625
0.683852
0.654138
0.389229
0.259984
0.746981
0.629582
0.644775
0.796422
0.522125
0.698516
0.184931
0.550481
0.44432
0.32998
0.424421
0.0679739
0.516125
0.044243
0.898471
0.368234
0.599155
0.407152
0.45123
0.182556
0.192223
0.705268
0.450287
0.205409
0.512387
0.226486
0.55257
0.413958
0.831892
0.301292
0.121099
0.179402
0.535743
0.365259
0.341305
0.436618
0.251335
0.783899
0.409844
0.096552
0.163306
0.536401
0.368041
0.178769
0.763492
0.585297
0.726332
0.309563
0.297584
0.864553
0.475283
0.273969
0.556786
0.299034
0.402989
0.227998
0.924532
0.623796
0.337865
0.470403
0.724995
0.502082
0.510071
0.841219
0.431871
0.546423
0.674034
0.357318
0.682626
0.327646
0.458718
0.613168
0.305105
0.312134
0.61157
0.267975
0.200156
0.398082
0.376222
0.608331
0.435585
0.327021
0.693303
0.718483
0.293529
0.2273
0.737895
0.708291
0.275022
0.401728
0.506414
0.24191
0.702263
0.702018
0.239893
0.778228
0.0707989
0.438152
0.419884
0.477015
0.190571
0.251259
0.397391
0.642745
0.416478
0.734067
0.914485
0.371009
0.905843
0.313445
0.352468
0.730395
0.351862
0.515042
0.489657
0.355698
0.52888
0.210479
0.376091
0.246284
0.746993
0.803027
0.131683
0.856388
0.450255
0.538181
0.548556
0.232127
0.20446
0.230986
0.327505
0.492934
0.207164
0.682463
0.602782
0.37313
0.214398
0.912948
0.108576
0.832295
0.415156
0.570603
0.414813
0.911069
0.796541
0.478859
0.60911
0.551989
0.42911
0.767006
0.625915
0.52295
0.363714
0.383593
0.123123
0.3738
0.467834
0.522822
0.380641
0.524619
0.541132
0.599519
0.644615
0.127128
0.436662
0.3888
0.165237
0.758696
0.675891
0.801978
0.875288
0.801357
0.182425
0.500737
0.730762
0.526216
0.771014
0.657066
0.684169
0.446608
0.415171
0.146927
0.585304
0.421335
0.578432
0.321077
0.50351
0.282252
0.531004
0.726954
0.539663
0.428499
0.0852832
0.760994
0.145343
0.372568
0.570426
0.21122
0.290868
0.141436
0.127886
0.505404
0.523065
0.228911
0.546546
0.710588
0.527923
0.463341
0.867783
0.435203
0.762424
0.697772
0.377547
0.765498
0.544134
0.64765
0.864217
0.723471
0.686291
0.494094
0.657763
0.463942
0.340409
0.538756
0.477412
0.533896
0.657579
0.239241
0.501768
0.497679
0.703899
0.372053
0.837052
0.587114
0.264694
0.862961
0.695825
0.766049
0.746352
0.492685
0.110306
0.204347
0.333896
0.728756
0.391089
0.636772
0.886564
0.352367
0.3038
0.437706
0.752928
0.842008
0.572939
0.473104
0.261291
0.643657
0.333894
0.396545
0.590308
0.500238
0.540796
0.536731
0.549013
0.431058
0.0996461
0.379231
0.494648
0.744889
0.632823
0.875759
0.6909
0.638319
0.792835
0.919711
0.858377
0.473994
0.429869
0.807199
0.493382
0.25131
0.179423
0.358245
0.730241
0.0751026
0.673037
0.103299
0.0966823
0.59585
0.586823
0.0456916
0.460964
0.437853
0.629253
0.491117
0.293689
0.549864
0.331356
0.790705
0.0664302
0.705556
0.639201
0.574695
0.183549
0.549239
0.320268
0.659231
0.292774
0.625164
0.582014
0.289215
0.644348
0.74675
0.562681
0.235674
0.367753
0.855009
0.491083
0.496523
0.609263
0.683451
0.323857
0.455109
0.422768
0.589676
0.555364
0.831369
0.130552
0.831876
0.157144
0.615907
0.569917
0.361388
0.740562
0.407769
0.715763
0.370456
0.547985
0.682165
0.618456
0.377288
0.264558
0.494841
0.920536
0.548501
0.404364
0.4853
0.415031
0.751975
0.161466
0.771502
0.682365
0.501141
0.628061
0.434187
0.292069
0.494682
0.168679
0.269393
0.379712
0.373586
0.501089
0.843225
0.608704
0.610474
0.671292
0.113421
0.60083
0.614094
0.621695
0.487685
0.868595
0.674822
0.43828
0.669271
0.10668
0.29501
0.624303
0.495739
0.399032
0.240953
0.384785
0.707286
0.472316
0.32126
0.417751
0.686529
0.575697
0.439332
0.594917
0.19207
0.391112
0.38567
0.676232
0.463657
0.0774468
0.628658
0.839411
0.80721
0.626202
0.530481
0.817282
0.373471
0.655508
0.457752
0.822548
0.32447
0.0935165
0.674451
0.70121
0.437516
0.901448
0.197703
0.392689
0.426843
0.560783
0.464899
0.286338
0.868538
0.498297
0.203661
0.95081
0.594847
0.446869
0.814077
0.474423
0.279401
0.439207
0.865635
0.79141
0.665412
0.705844
0.479245
0.380645
0.494302
0.698007
0.407686
0.610168
0.172764
0.780129
0.545824
0.262528
0.571655
0.336046
0.894878
0.412722
0.580653
0.107113
0.672995
0.342169
0.64802
0.529679
0.307374
0.558945
0.515329
0.663618
0.461126
0.256155
0.212455
0.502794
0.541042
0.677097
0.608609
0.532575
0.800405
0.867543
0.420656
0.848736
0.193949
0.182222
0.560438
0.47629
0.560041
0.67427
0.558274
0.726015
0.498121
0.633168
0.530302
0.50068
0.477423
0.548377
0.262772
0.412159
0.25594
0.662611
0.466879
0.394857
0.6066
0.54042
0.613206
0.700111
0.140553
0.714443
0.985287
0.230411
0.685467
0.483439
0.197297
0.621519
0.219678
0.322914
0.401327
0.804807
0.781026
0.630861
0.265177
0.481307
0.562162
0.167894
0.532073
0.513231
0.572092
0.562717
0.579174
0.687904
0.286684
0.14064
0.372202
0.133288
0.128836
0.0945439
0.569024
0.363498
0.911974
0.154422
0.755427
0.506911
0.548518
0.423345
0.901873
0.718701
0.367913
0.434414
0.61041
0.603866
0.306806
0.744989
0.57645
0.675985
0.526906
0.521194
0.420544
0.451223
0.68404
0.577416
0.150788
0.226274
0.114885
0.72225
0.49695
0.913165
0.625823
0.524033
0.712859
0.503074
0.361333
0.745858
0.6741
0.305518
0.897315
0.711663
0.703507
0.558495
0.74769
0.751703
0.537406
0.329373
0.890604
0.137443
0.201055
0.325561
0.213529
0.552631
0.792177
0.808172
0.444521
0.659015
0.27695
0.251169
0.679864
0.201893
0.383306
0.712634
0.536294
0.362418
0.531832
0.584081
0.748979
0.700265
0.475061
0.457907
0.704388
0.0420308
0.921394
0.802321
0.44014
0.0574121
0.400363
0.457302
0.561935
0.526956
0.481421
0.164344
0.320574
0.441883
0.188917
0.416995
0.760108
0.588209
0.561362
0.368368
0.391081
0.654095
0.783583
0.356079
0.260818
0.661098
0.675829
0.804232
0.585672
0.656695
0.554342
0.836325
0.778122
0.117165
0.583393
0.382156
0.744578
0.396672
0.719256
0.386031
0.247699
0.320053
0.70204
0.422784
0.420041
0.653586
0.781783
0.602354
0.183778
0.199696
0.470686
0.592879
0.37423
0.648299
0.593817
0.416466
0.282898
0.579186
0.266097
0.371048
0.128676
0.646579
0.653845
0.505934
0.633863
0.488706
0.484618
0.527872
0.424597
0.291953
0.749581
0.338697
0.893273
0.700893
0.89806
0.604812
0.453485
0.902177
0.554459
0.333001
0.286013
0.722018
0.393139
0.876276
0.717329
0.463713
0.287359
0.617681
0.290062
0.473346
0.703835
0.279207
0.877857
0.0585722
0.0449377
0.377159
0.865001
0.397058
0.746038
0.294582
0.954165
0.457909
0.915944
0.765529
0.583607
0.721111
0.663879
0.265187
0.728104
0.116739
0.486894
0.874119
0.525889
0.617407
0.197088
0.634047
0.716816
0.804151
0.348473
0.236885
0.794954
0.487645
0.478787
0.587885
0.571774
0.603396
0.212047
0.858028
0.514071
0.611239
0.373065
0.589986
0.763715
0.516225
0.745661
0.246197
0.664317
0.389665
0.461739
0.286839
0.41284
0.905844
0.238891
0.439666
0.622172
0.921625
0.789641
0.772938
0.623645
0.512876
0.705922
0.506846
0.756434
0.643392
0.477839
0.198101
0.683771
0.278683
0.53625
0.506519
0.443843
0.268718
0.814151
0.70171
0.486242
0.210454
0.302347
0.392158
0.362779
0.262675
0.430318
0.658212
0.534466
0.522398
0.3337
0.844724
0.42441
0.58381
0.67524
0.218293
0.389374
0.287445
0.166571
0.518291
0.700667
0.928983
0.293613
0.630061
0.418074
0.833822
0.478871
0.682899
0.208418
0.715264
0.519379
0.324654
0.703393
0.620868
0.619511
0.748994
0.909221
0.0332731
0.693327
0.250609
0.473683
0.32848
0.341618
0.657835
0.78403
0.306321
0.514259
0.441402
0.412264
0.394554
0.348974
0.122244
0.34222
0.889742
0.533057
0.3005
0.205884
0.734798
0.265074
0.702073
0.42432
0.344785
0.49906
0.588333
0.191565
0.379297
0.134151
0.698758
0.157819
0.121441
0.168101
0.595535
0.461214
0.260194
0.563575
0.35335
0.425426
0.384579
0.681594
0.486843
0.28337
0.884879
0.616971
0.332376
0.205151
0.717772
0.62604
0.300028
0.701469
0.12904
0.567457
0.485924
0.64159
0.439177
0.882325
0.584223
0.667996
0.883973
0.120347
0.362321
0.207791
0.763858
0.374193
0.662038
0.573897
0.292505
0.714733
0.463772
0.817061
0.546913
0.325259
0.499825
0.532636
0.807921
0.513281
0.727341
0.244108
0.84179
0.633948
0.670472
0.778261
0.310263
0.689643
0.21566
0.714882
0.508163
0.475719
0.893103
0.536859
0.0143785
0.622854
0.501712
0.524487
0.603744
0.241969
0.634061
0.73078
0.404087
0.608078
0.232096
0.542551
0.294403
0.424979
0.753533
0.374989
0.42685
0.693093
0.353128
0.465421
0.516977
0.558276
0.18222
0.524945
0.68331
0.249879
0.484153
0.174553
0.62914
0.321793
0.6124
0.635357
0.346083
0.390698
0.422461
0.0604875
0.7807
0.421201
0.687775
0.18921
0.542166
0.838014
0.26416
0.671769
0.240722
0.350782
0.67647
0.45643
0.433349
0.357665
0.625397
0.548193
0.414819
0.649222
0.611566
0.741557
0.729
0.364625
0.448287
0.0977597
0.287019
0.757703
0.38353
0.479815
0.365592
0.310765
0.375946
0.376695
0.520557
0.589662
0.268931
0.0409355
0.587362
0.963956
0.680982
0.131928
0.451982
0.421595
0.379804
0.100132
0.162457
0.187914
0.231829
0.465398
0.21295
0.71428
0.518053
0.435578
0.468967
0.33215
0.481302
0.479551
0.214075
0.473796
0.919247
0.511775
0.68519
0.341402
0.461737
0.263427
0.725216
0.261717
0.370199
0.708191
0.818535
0.693925
0.271106
0.578687
0.786579
0.463838
0.684708
0.55253
0.807414
0.778012
0.534467
0.104972
0.184999
0.426835
0.521817
0.818021
0.430507
0.816124
0.325133
0.603962
0.229783
0.072212
0.53098
0.344089
0.257782
0.446003
0.529935
0.861511
0.562493
0.596919
0.808516
0.439796
0.377629
0.56814
0.642947
0.267231
0.235034
0.370016
0.649707
0.229418
0.634502
0.568976
