1.25622
1.72177
2.56621
0.997653
0.81743
1.50689
0.329582
1.82739
0.220614
0.106039
1.47154
1.05582
2.68803
1.14261
1.37737
0.618435
0.715667
0.161864
0.747447
1.38965
0.910112
1.2253
1.51745
1.55771
1.62437
0.58295
0.314013
0.912164
0.812738
0.826208
0.678415
0.086726
0.317156
0.826216
3.16291
1.11671
0.896729
2.9283
1.58552
0.840779
0.831021
0.659972
0.894014
0.531737
0.597007
2.26192
0.852825
1.28793
0.620119
0.614548
0.264083
1.17081
0.648557
0.619412
2.4811
0.122482
1.83542
1.92037
0.473633
0.197133
0.610171
0.369581
0.519634
0.86874
0.29353
1.20295
1.20302
0.86656
0.474567
0.536392
0.00279864
2.07101
2.27897
0.342567
1.05498
0.721199
0.480616
1.32878
0.802492
1.24052
0.471454
1.29868
0.400872
0.868369
1.38329
0.202544
0.746094
1.6746
1.19179
0.836174
4.54249
0.716649
1.3874
0.732907
1.60268
1.53255
1.3105
1.26472
0.658715
0.599689
0.871025
1.07262
0.602052
0.895048
1.06748
0.914642
1.78491
0.824312
1.15446
0.124826
0.681563
1.50004
0.237237
0.764893
0.751284
1.19583
2.17968
1.15125
1.19022
2.96352
1.43861
0.368419
1.52307
0.671138
0.819245
0.221008
0.576372
2.39008
0.934738
0.839917
1.63946
0.891842
0.988543
0.155569
0.319264
0.75657
0.678522
0.141068
0.552246
0.319042
0.639494
0.780393
0.889045
0.591321
0.572413
0.404152
0.0869824
0.804719
0.911185
0.38443
0.778982
1.46556
0.76158
0.165009
0.0487407
0.192308
0.152762
1.36652
1.90897
0.875475
1.69078
1.34855
0.473308
1.90685
0.997725
0.879722
0.340294
1.98857
1.47558
0.311093
1.04304
2.07863
2.25631
0.755669
1.13516
0.679102
0.173897
1.91844
0.978085
0.231772
0.511897
2.30658
1.62268
0.881133
1.82122
1.30379
1.66044
0.489851
0.183726
0.148375
0.264071
0.227024
0.800986
0.59977
3.32698
1.09822
0.140644
0.153081
0.204399
0.559605
0.518708
1.17346
1.82342
0.588322
2.36599
0.0971013
1.26234
0.160903
1.10056
0.409793
0.976438
0.303985
0.350858
0.455628
2.06563
1.06297
0.970668
1.16135
1.10054
0.650885
0.559517
1.12659
0.888687
0.975614
0.373171
0.353033
3.46584
1.9968
1.53761
1.57512
0.227274
1.06256
1.14979
0.863239
1.06185
0.476853
2.112
1.89629
0.985143
0.225552
2.3323
0.287491
1.3699
0.895767
1.26398
0.595042
0.177614
1.23371
0.279776
0.82606
0.837499
1.03733
0.236686
1.82547
0.646648
1.3071
0.139463
1.34432
1.22875
1.35911
1.89409
1.40519
0.233537
0.391158
0.694024
2.23962
0.763563
0.663351
1.37958
0.493219
1.96244
1.25837
1.27298
0.358131
0.503938
0.900761
1.0716
1.06186
0.155724
0.522396
0.18388
1.10056
1.03825
0.530883
0.281289
0.420035
1.35808
1.74108
1.3158
0.536308
1.19021
0.105083
1.02858
1.69301
3.26238
0.64207
1.48149
0.629368
0.990305
1.72066
0.951695
2.35337
0.175855
1.05415
1.37979
1.7966
0.243635
0.52437
3.45739
1.83245
0.182787
1.0021
0.108834
0.779273
1.34948
0.448351
1.52997
0.305495
0.774107
0.589817
0.38284
0.471098
1.62168
1.30347
0.449392
0.72102
0.822217
0.378903
0.323889
1.26077
0.943871
1.11559
0.591226
1.42912
0.547011
1.25318
0.14249
0.257766
0.855182
1.46459
0.96937
0.790943
0.971718
0.120013
0.196601
0.268209
0.832141
1.65958
2.04314
0.354294
1.45762
0.877637
0.788813
0.912758
0.823497
0.219244
2.57173
0.594034
2.80199
1.30054
1.07322
1.47313
0.316841
1.5966
0.488707
0.206198
3.07739
0.200494
2.48253
0.551732
0.59167
0.386636
0.986876
1.70616
0.487193
0.190757
2.00292
0.900803
0.912123
1.24326
0.864514
1.73133
0.763126
0.748425
0.574842
0.164608
1.81479
0.908755
1.7555
1.36791
1.69109
0.380201
1.18279
0.163817
2.2196
0.705451
0.647751
0.132201
0.523934
2.65968
1.3679
0.0566541
0.825006
1.20124
0.78778
0.626762
0.646184
1.14647
0.762998
1.67549
0.181159
0.751907
0.325194
0.56445
1.40794
1.31283
0.493767
0.34488
1.31014
0.598313
0.442395
0.51859
0.372568
2.74
1.03043
0.38815
1.69563
0.506317
0.451234
2.92659
0.647941
1.79587
0.7063
2.64176
0.779153
1.22711
0.383486
0.210827
0.408633
0.42917
2.07267
0.608042
0.916683
0.249851
3.01848
0.84546
1.18117
0.901362
0.798553
1.57158
0.71232
1.59171
0.874335
1.61776
1.2787
0.524233
0.965122
1.07978
1.99551
0.189876
0.442713
0.616985
0.633927
1.82066
0.580206
0.841007
0.622065
1.81689
2.58009
0.36899
0.553616
0.435484
0.306282
1.36936
0.784499
0.674574
1.35049
0.940091
0.715405
0.18588
0.841309
0.562326
0.78686
2.11963
0.189695
1.46043
1.31309
1.11828
0.487458
1.86716
1.38196
0.916983
0.523092
0.604633
1.08857
1.25632
0.454898
0.837559
3.96622
3.66288
1.40367
1.71691
1.52335
2.14134
0.594071
0.202123
2.7066
1.08382
0.305093
0.918842
0.202238
0.0894411
0.70529
1.56207
3.00797
0.719807
0.900032
2.35002
2.09569
1.60977
1.21682
0.334221
0.749852
0.668251
0.377677
1.26259
1.31444
0.0637179
0.874356
0.818676
0.270591
0.389008
0.821679
0.817785
0.484466
0.535046
0.323577
1.17376
1.49652
0.179861
2.15168
0.286246
0.573867
0.478427
0.546737
1.05924
0.776669
1.3666
0.521148
0.520319
0.651608
0.148869
1.02549
1.64931
0.156804
2.32454
1.80273
1.64283
1.0961
1.45733
0.405443
0.425142
0.474176
1.14487
1.03845
1.3012
1.21359
1.50869
2.57116
1.21367
0.246536
1.48199
0.697427
2.09275
0.338592
1.67197
0.541811
0.662794
1.46691
0.561063
0.637293
2.68598
0.434603
0.805968
1.22145
0.167387
1.51254
0.867876
2.06805
0.881152
0.500649
1.74084
0.525412
1.31865
0.572266
0.65001
0.7797
1.56105
1.25816
0.983209
1.86938
0.754379
0.374928
1.2015
0.375867
0.615588
0.433172
0.753387
0.726339
1.27709
1.63079
0.366148
0.467953
0.834401
0.9482
1.68338
0.203756
1.12106
1.33177
0.166837
0.884467
2.20413
1.70356
0.156414
1.18646
0.993849
2.25313
1.06329
0.555688
1.46383
0.745667
2.26384
0.613604
0.937667
1.15175
0.949671
2.41955
0.508461
0.472103
0.516526
1.78158
0.379035
0.205287
2.06362
1.05871
1.43313
1.79391
0.434535
0.482051
0.372626
1.65244
0.693731
0.632903
4.43856
0.755232
1.50198
1.14912
1.31968
2.5593
0.77564
1.06684
1.70821
1.55295
0.106231
0.997732
1.46451
1.6331
2.11239
0.268838
1.17509
0.968764
0.112727
1.38778
0.394895
1.39583
1.32202
0.810971
0.297324
0.584211
0.307252
0.820413
1.3511
0.160085
1.52937
0.284104
0.964982
0.12893
0.146423
0.842697
0.744775
0.279251
1.0769
1.53542
0.409922
0.882499
0.416666
2.16927
0.628318
0.529867
1.23148
1.40597
0.542482
0.303101
1.35494
1.1655
0.131896
1.40569
0.311919
1.2056
0.533857
2.24551
0.657869
1.44629
0.955264
0.828541
1.56165
0.865871
1.16722
0.43554
0.752896
2.65486
1.1592
0.156398
0.399563
0.664132
0.688509
1.22192
0.964092
1.21712
1.13662
0.299605
1.15224
1.6898
0.595232
1.86581
0.90686
0.081443
0.220975
0.94982
0.266211
1.48613
0.929101
0.687232
0.858852
0.725513
0.408586
1.64555
0.788811
0.531001
0.303335
1.78889
0.789276
0.895297
0.762841
0.762122
0.662834
1.17501
1.68757
0.525017
1.53594
1.28253
0.374503
3.17417
0.64172
2.1018
0.364563
0.259158
0.783091
0.514189
0.216966
1.44355
0.866258
0.680916
0.246612
0.300672
0.729054
1.00516
1.10441
0.731487
0.983971
0.47118
1.62409
1.39679
2.36323
0.531753
1.55379
1.0483
1.09806
1.15739
1.24418
1.15528
1.24903
0.361258
0.568061
1.10745
0.370516
0.500832
0.467767
1.69831
1.41786
2.74973
0.888402
1.37753
0.451469
1.24059
1.85948
1.26543
0.260424
0.357452
1.02756
1.08391
4.33777
2.04261
0.562295
1.19492
0.514682
0.740703
0.331881
0.613662
1.10904
1.95308
0.582758
0.0679987
1.83345
0.322944
6.73422
0.11029
0.656155
0.540884
2.55793
0.161403
1.66057
0.788198
2.33341
0.289552
0.160832
0.155682
1.98005
0.413394
0.919892
0.588456
0.697492
0.960438
0.393602
1.3125
0.24116
1.1927
0.308297
1.11063
1.26289
0.37405
1.915
0.393089
0.7644
1.69538
1.1279
0.533654
0.826388
0.739504
2.17992
1.57806
1.06309
1.46681
1.5987
1.57669
0.800627
1.00751
1.7185
4.81101
2.66733
1.1376
0.67198
0.168108
1.085
0.0780363
1.40819
1.24235
0.0473866
0.267465
0.228328
0.743527
1.05472
2.29309
0.762623
1.52691
1.36938
0.379357
0.83207
2.8733
0.791326
2.65911
1.48548
0.482952
0.974025
1.31901
1.21849
1.22543
1.83519
2.78762
2.7627
1.02799
0.110184
0.402953
2.45169
0.383504
0.940932
1.9154
0.244747
0.478035
0.428865
0.83136
0.491984
1.04199
1.1687
2.74582
1.22103
0.885896
0.938818
0.156514
0.702122
0.370325
0.20978
0.288825
0.240062
1.96577
1.1955
0.397122
2.24448
1.46786
2.2736
0.504146
2.16822
0.702502
0.498279
1.05983
1.11543
0.876286
0.865089
0.808417
0.859709
0.0933487
0.434957
0.934789
0.967045
0.446197
1.02394
2.16435
0.358148
0.663584
0.828694
0.509088
1.61794
0.414568
0.609283
1.86992
0.610059
1.67999
2.33884
0.880353
2.08098
0.457929
0.866731
1.7299
1.2812
0.7138
0.449504
0.984648
1.24042
0.74813
0.787358
0.954488
0.404752
0.9345
0.92595
0.835959
0.724141
0.572856
0.755452
1.17419
1.15324
0.586451
0.899731
1.38276
0.317375
0.0678704
1.4305
0.132619
0.75933
1.10407
1.48806
1.00348
0.299727
0.106586
1.88062
0.687086
1.21902
0.278703
1.68864
0.741782
3.21172
1.28722
0.469493
0.285256
0.732277
1.13967
1.40764
2.35278
1.44473
1.25178
0.795353
1.63983
1.02497
1.99444
0.699219
0.215289
0.940967
0.0844515
0.223403
1.64189
0.741419
0.856863
2.12367
0.275328
0.579865
1.34636
0.235535
0.9354
1.24216
0.537457
0.0612245
0.308547
0.576211
0.756679
0.234507
1.7671
0.313236
1.63798
0.917151
1.92825
0.669007
0.260294
0.975773
1.36806
0.293937
0.87524
0.761194
0.945537
0.343154
0.415257
0.708826
0.921548
0.040132
0.631299
1.3637
0.529113
0.874411
0.131496
0.489773
0.49739
0.727698
0.851531
0.683004
1.04083
0.727241
0.510927
0.619948
0.747475
0.177674
1.66594
1.08528
0.246285
0.293502
0.794871
0.5906
2.66544
0.853835
0.443062
0.763106
1.69924
2.61524
0.667596
1.30831
0.542414
2.32519
1.32873
1.2803
0.0976823
1.8965
0.362893
0.782523
2.01272
1.14107
0.337001
1.25199
0.488149
1.54114
1.42766
0.810407
0.386186
2.55126
0.0621663
2.98189
2.17651
0.268376
0.879964
0.59284
2.25129
0.669133
3.1004
0.857512
0.247427
0.451953
0.734923
0.74222
0.692677
0.670971
1.10669
0.692578
0.938091
1.05013
0.485507
0.831934
1.50235
1.35188
2.18265
0.744074
0.529881
1.57311
0.636742
1.38625
1.66367
2.24768
0.558447
0.358097
0.332055
3.77531
0.389562
0.687564
0.805124
0.207778
1.02069
1.7007
0.995249
0.719515
1.69468
1.23924
1.64382
0.24549
0.161048
1.2201
0.487795
0.893893
0.154759
0.0702935
0.186058
0.355505
1.04974
0.615274
0.992149
0.256276
1.746
0.766931
0.939445
0.787301
0.469679
0.770374
0.517708
1.22679
1.7413
0.666841
0.525149
2.2227
1.07199
0.800336
1.08811
1.56054
0.262131
1.13462
0.412695
1.21089
0.573177
1.11526
0.075903
0.61439
3.24245
1.05623
1.03295
1.31003
0.601026
1.21024
1.17009
1.02883
1.02846
2.06443
0.555493
0.575546
1.21383
0.973049
0.568283
0.498524
0.339182
0.208173
0.733384
0.520659
1.14301
1.94024
1.56779
0.509299
0.532822
0.656547
0.535832
1.33038
0.815076
1.70796
0.471616
1.72182
0.738762
1.67274
1.93022
1.18857
1.89363
1.62603
2.38671
3.53983
1.26531
0.715495
0.48841
2.23266
1.64192
3.97666
2.07736
1.30112
1.9548
1.17527
1.87085
0.779602
1.38228
0.447413
0.969339
0.680493
0.682321
0.97322
0.516313
0.589931
0.372683
1.35219
0.556563
0.873749
0.411581
0.766199
0.176325
0.311511
0.512065
0.515164
1.23447
0.319027
1.3208
1.68655
0.955658
1.08221
0.449379
1.7002
0.839426
2.08871
1.16716
1.14818
0.597133
0.528261
0.793829
1.52767
1.2868
0.744581
1.22898
0.959261
2.05797
0.745216
0.67802
1.46917
1.38898
1.38855
0.685871
1.17903
0.937158
0.284639
0.416975
0.486817
0.197447
0.880341
0.986737
1.05757
0.176823
0.0930764
0.790929
1.89454
1.06419
0.647263
0.703427
0.765244
1.05667
1.0333
0.361125
1.27719
0.446456
0.535643
1.0511
1.1149
0.227305
0.14759
1.64151
2.85455
1.81538
1.50632
0.0291197
1.52906
0.410486
2.28975
1.72989
0.719339
0.929841
1.12901
0.0161209
1.10193
0.128215
1.45569
0.228334
1.32554
0.736805
3.45028
0.735888
0.342949
1.16145
0.509381
0.71225
0.324387
1.14414
1.76468
0.654386
0.268605
1.62538
0.841205
1.45497
0.541125
2.47068
0.0196516
0.366403
0.283965
0.402039
0.103422
4.83856
0.905622
0.410155
0.259788
0.927887
2.11872
0.656188
0.803491
1.24684
0.167659
0.956011
0.45295
1.12231
2.51791
1.50404
0.76523
0.951325
0.18865
1.77272
1.17167
2.01795
0.810516
0.615376
0.859585
0.395635
0.171609
0.275453
1.29543
0.78578
2.69005
0.542569
0.567723
1.26095
0.598593
1.04612
0.603523
1.77727
1.59178
1.59966
0.554425
0.879847
0.703894
2.05981
0.674352
1.82548
0.562839
0.614978
0.88091
0.893931
0.997375
0.670941
0.863513
0.0890339
0.673265
0.910349
0.687393
1.25925
0.296
1.58291
0.911594
1.25569
0.209438
0.75932
2.33166
1.17539
2.24173
0.937168
1.52923
0.453043
0.174547
0.793341
0.560323
0.317195
0.239637
0.158668
0.578249
0.548794
0.349824
0.693323
1.08215
2.19004
0.307349
1.24972
0.30585
2.16024
1.25158
0.324853
1.31551
1.88314
0.4385
0.420068
0.986685
1.1841
1.07898
0.367635
0.542407
0.927284
0.416476
0.559301
0.937601
0.597127
0.906394
1.37555
3.24684
0.665847
0.862442
1.20542
0.249022
1.09097
1.18366
1.83796
0.922024
0.414963
1.33231
0.19123
0.588269
0.811441
1.41177
1.71551
0.15879
0.595076
0.471631
2.01853
0.993806
0.844345
1.12453
0.492063
0.832192
0.622088
0.946272
0.576561
0.256139
0.577004
0.653145
1.55086
1.25568
0.347919
1.29805
0.700873
0.371131
2.09845
0.803022
1.5654
2.35058
0.982036
0.922489
2.56134
1.11532
0.019151
1.09567
0.199482
0.2027
2.56845
2.7872
1.22477
1.66318
0.699276
0.606588
0.716907
0.255774
1.66086
0.40812
1.29107
2.54139
0.350676
1.70174
1.18079
0.753202
1.44562
2.39937
0.912748
1.11152
2.60142
1.86072
0.942073
0.2112
2.0831
0.979647
2.8079
0.689787
1.16398
0.903481
0.592072
0.53294
2.00342
0.318591
0.732063
1.19228
0.242634
0.899229
0.540894
1.4414
0.281268
0.952285
0.360761
0.126028
1.25913
1.29488
0.738156
1.69828
0.719998
1.58628
1.17692
0.323656
0.957655
0.602375
0.823426
1.0293
0.678929
1.32815
0.395448
1.34106
1.76976
1.33736
0.734785
1.39475
0.433432
1.45615
1.63608
0.342268
0.163213
1.04996
2.13265
1.26163
1.0612
0.864476
1.03675
3.52071
1.34009
0.951869
0.410537
0.685174
0.847659
1.32173
3.13137
0.125107
0.563635
1.42007
0.348687
0.400173
0.621435
0.869019
0.525506
0.142851
1.89641
1.90097
1.13763
0.578612
1.8771
1.13626
1.08202
0.343153
0.224731
1.03852
0.734961
0.358564
0.28147
0.911301
2.42731
0.703129
0.408526
1.21577
0.635537
0.332661
0.981744
1.18007
0.355476
1.25949
1.10136
0.43032
1.45495
0.763483
1.3581
0.464948
2.65381
0.192707
0.702019
1.95022
0.869741
0.962469
1.68049
0.256647
0.120235
1.16295
0.331392
1.08982
0.676022
1.95442
0.0841084
2.40959
0.878141
1.09363
0.120955
1.39002
0.395278
0.54999
1.18648
0.452701
1.11329
1.48921
1.03249
0.567582
1.48908
2.49041
0.0669521
1.62756
0.421838
0.115022
3.91328
1.72911
0.586645
0.0979962
0.523247
0.0411601
1.97456
0.675492
0.818575
3.17693
0.812951
0.677842
1.76208
2.05692
1.40705
0.651741
0.389262
0.847715
0.359981
0.811687
0.49165
0.882787
2.29228
0.914091
0.163131
0.476703
0.747483
2.84652
1.17442
0.345142
2.16032
1.46317
1.14311
1.65644
1.23736
1.98595
1.30418
2.36683
0.641462
1.68403
0.466795
1.11302
1.11108
1.59968
1.17478
2.04567
0.677966
0.388075
0.269775
2.59117
1.90196
0.744714
0.733597
0.41661
0.690275
0.42631
1.87282
0.0242278
0.0338114
2.81074
0.912983
0.991732
2.42964
1.4257
1.07914
3.50741
0.352757
1.79274
0.712901
0.380257
1.15044
0.214671
1.19461
0.996924
4.05208
0.196343
1.11446
0.428907
3.58878
2.07352
0.909807
2.22195
2.19142
0.220775
1.29966
3.00128
1.38691
0.252229
0.45916
2.26806
1.4282
1.251
0.614429
1.10788
1.09789
0.756395
1.19166
1.12654
1.36725
0.777028
1.3697
1.25687
2.61692
1.14519
2.57325
0.983745
0.745209
0.946565
1.36803
0.236644
0.283609
0.955385
1.08284
2.1529
0.377111
0.591473
1.68569
0.946935
1.24113
1.28643
0.541995
1.82783
2.32029
0.725241
1.87862
0.566824
0.834029
1.22184
0.172516
0.522892
0.559193
0.0819884
1.66699
0.540532
1.16712
0.556665
0.144344
0.323161
0.261477
3.03781
1.19746
2.199
0.588873
1.70875
0.66545
1.28872
0.709525
0.475126
0.697228
0.72131
1.96877
0.620474
0.634061
1.02945
3.42571
1.04922
0.517074
0.564409
0.818586
1.05823
0.339988
1.68272
0.949896
0.626687
0.638515
0.955952
0.415995
2.14769
0.354247
2.42044
1.44267
0.260783
0.649584
0.165454
0.574809
0.178992
1.88293
1.05983
0.466391
0.84738
0.280992
0.533873
0.366308
2.25194
0.234956
0.54255
1.44604
1.30724
0.626337
0.315899
0.294967
1.73988
0.540109
1.28125
1.63527
1.9911
0.756146
0.426698
1.09714
0.113582
1.08134
0.24828
1.20734
0.514525
0.661923
0.877287
0.392749
0.978869
0.28343
1.20806
0.743978
1.59729
0.165293
0.632382
1.27311
0.792404
1.39097
1.31546
0.297472
3.21266
0.626427
2.91428
0.213007
0.602227
0.828762
0.641579
2.33668
0.154489
0.731011
1.09968
0.767966
1.96358
0.823487
1.31055
0.88763
0.39827
0.809238
0.101139
0.957198
0.379557
0.664858
0.600868
1.55742
1.76408
0.448361
1.63677
1.42467
0.233579
0.209874
0.576176
1.15725
0.850741
0.85188
2.01019
1.11065
0.48505
1.1595
1.58389
0.966626
0.314723
1.74412
0.923245
0.45921
0.93335
0.291555
1.65359
1.02301
1.24633
0.386176
0.682155
1.16445
1.142
1.09695
0.579694
0.459755
1.17581
1.39683
0.616696
0.648931
1.92448
0.802448
0.652567
2.27802
0.490257
0.575316
1.81454
0.191762
0.658839
1.09462
2.45444
1.40568
0.4402
0.208037
0.986224
1.88804
0.773749
0.2183
0.323988
1.60861
1.21428
0.60149
1.14551
1.09385
0.286388
0.620547
0.445731
1.1592
0.847859
0.853717
0.291222
0.723908
3.86464
0.927192
0.46902
1.01516
0.415534
0.507216
0.938364
0.63942
1.37935
0.922418
2.0908
0.395464
1.15811
1.73945
0.314327
0.528316
0.939638
0.066653
2.08438
0.308731
1.29813
1.11296
1.0636
2.16207
1.51136
0.632471
1.95416
0.933377
0.436925
0.458651
2.28046
0.761744
1.20712
0.691674
0.99904
0.335441
0.1957
0.694584
2.39638
0.932127
0.594134
0.255836
1.65618
0.768423
1.06222
1.40731
0.478907
0.0670368
0.631642
0.346873
0.819364
1.10044
0.637048
0.356804
1.25089
0.0415779
0.990734
0.398718
0.108804
0.582196
1.01734
1.11236
2.85589
0.652498
1.71151
1.54652
0.506343
0.422731
1.22648
0.592486
1.65299
2.64054
1.98958
2.26445
0.818584
1.28502
0.599626
1.414
0.410704
1.41581
0.468956
0.189453
0.79535
0.503791
1.00844
0.810879
1.1758
0.632535
2.78089
2.09075
0.120281
1.52596
2.95132
1.4573
0.273211
0.864345
1.60763
1.24868
0.999095
1.04767
2.16523
0.408914
0.311494
1.82616
1.71545
0.0701252
0.893098
0.962698
0.339704
0.151869
1.61784
0.445229
0.0383573
1.0989
0.697804
1.04832
1.13321
1.00067
3.39048
1.1531
1.64292
0.510353
0.406724
0.543224
1.4486
0.214275
0.891422
1.65584
0.637191
0.587662
1.66497
0.756453
0.532031
0.462526
1.80766
0.995247
3.50416
0.125317
0.630943
1.51302
0.562517
0.23118
1.78391
0.320697
1.03427
1.24724
2.03889
0.190751
1.58619
1.3119
1.52828
0.199279
0.540052
1.65983
1.33715
0.569129
0.350291
0.659069
0.617126
0.804966
1.14105
0.986635
0.22602
0.732283
0.24105
1.64433
0.491887
0.64788
1.37909
2.15998
1.71313
1.44688
0.0875782
0.0336536
0.423747
0.350165
0.884147
0.361508
0.428563
0.214776
0.0782555
1.36542
0.181695
0.42887
0.554429
0.89449
0.662078
0.111684
0.292375
1.09951
0.325138
0.478947
1.26774
0.797649
0.232381
0.872786
0.506032
0.835117
0.122111
1.38818
0.476327
0.659614
1.60746
0.548937
1.76101
1.83766
1.04996
2.15837
1.72411
0.886247
0.974824
0.344201
0.86588
1.07149
1.79307
0.514033
1.05717
1.42598
1.29182
0.800135
0.35147
0.927187
0.720477
0.858556
0.247227
0.503043
0.313547
1.78685
1.48566
0.0949975
0.55867
2.42039
0.390229
0.482591
0.220877
3.81287
0.388191
0.97337
2.05402
1.43954
1.00719
0.349964
1.20595
3.85461
1.0228
0.0625289
1.49559
0.0453402
0.142839
1.21305
0.476618
1.75564
2.21928
1.38931
0.935115
0.51724
0.651575
1.30027
1.05911
0.775354
0.505905
0.420421
0.381579
0.607244
0.962573
0.831616
1.42279
1.10651
0.419756
0.645787
0.488757
1.25035
3.93419
0.964991
1.1439
1.07499
0.839901
0.239147
0.625563
0.794116
0.694573
1.88579
0.653699
1.68573
0.132806
0.67314
0.41405
0.813003
0.813234
0.917791
0.214288
0.616837
0.800249
0.641954
1.02602
1.63551
0.490744
2.52549
2.13629
0.184542
0.939071
0.335601
0.216375
0.562895
1.38062
0.984618
1.75568
0.972383
1.55021
0.537159
0.529027
0.206972
0.825467
2.36212
0.969322
0.228841
1.95986
1.00639
0.347676
2.30901
0.178393
0.192073
0.908167
0.58928
0.0948703
1.22528
0.344694
0.415253
0.994447
0.69283
0.387459
0.239997
1.91366
1.28548
2.20365
0.318996
1.25208
1.14736
1.10888
2.28117
0.162266
0.119014
0.713945
1.26966
0.892825
0.722173
1.27743
4.27453
1.00303
0.652502
0.0990935
0.29996
0.846417
1.97373
0.668202
2.0464
1.86287
1.76822
0.464692
1.07413
1.36084
0.11019
0.537158
0.631341
0.294749
2.92101
1.11126
0.662955
1.5038
0.82787
0.669648
0.237164
0.932296
0.397317
1.16964
1.83122
1.03996
1.18378
0.55798
0.955236
0.147655
1.139
1.61585
1.2077
0.693652
0.52971
1.62767
2.21849
0.375367
0.57743
0.576123
1.15812
3.40176
1.17752
0.648985
0.875639
0.341348
0.871956
0.190851
0.562618
0.59932
0.619448
0.417971
0.598379
1.34557
1.83514
0.651669
0.982771
0.121049
0.225783
1.45048
0.879024
0.728196
0.892133
0.6534
2.53112
1.27123
1.23038
1.78784
1.14273
1.06779
0.568983
1.52285
1.9739
0.483459
2.56577
1.01337
1.39559
2.21466
0.815826
1.53668
1.57827
1.21021
0.853405
0.00738919
1.55061
1.83866
0.587183
0.151633
0.435921
0.544101
0.532488
0.662717
2.16961
0.963907
0.851146
1.14357
0.0456869
0.784142
0.394877
1.48566
1.05081
2.15631
0.964541
0.355591
0.644493
2.15055
1.40801
1.30955
4.86868
0.649491
0.470555
1.94821
1.30809
0.561245
2.87903
0.990159
0.354617
0.767129
1.22099
0.228316
0.675121
1.89806
2.34148
0.311593
0.21314
1.53627
0.315185
0.35591
0.650922
0.390271
0.360653
0.841006
0.0766988
0.422703
0.433045
2.41158
0.265451
1.17113
1.0351
0.344934
1.04403
0.447413
0.495943
1.60833
0.633216
1.25973
0.296304
2.00176
0.270928
1.15243
0.0303812
1.3272
1.75827
1.65513
1.20739
0.41502
0.732046
1.26783
0.868416
0.742459
0.597213
0.64848
0.482237
0.301729
0.43298
0.991641
0.0415277
1.43223
1.31318
1.19877
0.513208
1.45815
0.612655
0.182431
1.8804
0.632309
2.77513
0.262859
0.28468
1.31237
2.82424
0.929867
0.372634
0.387188
1.53251
0.260132
1.40248
1.00314
1.91289
0.827363
0.128641
1.09275
0.734093
0.317549
1.33755
0.504504
0.0917407
1.45226
0.380586
0.860253
0.986436
0.355103
0.255529
1.46454
1.37526
0.353482
0.434227
1.82079
2.06687
0.833505
1.20108
0.302133
1.13464
0.550699
0.771127
1.97627
0.188403
0.873348
0.278859
0.137716
1.29066
1.23013
1.6599
0.516439
0.176879
0.476729
1.05747
1.21379
0.39351
0.609915
0.651565
0.76735
3.39935
0.601814
0.334705
0.622454
1.12121
1.08148
0.530372
0.827715
1.63825
0.288277
1.56189
0.31364
1.8243
0.239683
0.293996
0.337917
0.141517
0.475576
0.611287
1.18584
0.479957
0.390474
0.320216
0.629012
0.902303
1.18022
2.18551
0.218521
0.477469
0.480775
2.6313
1.10556
1.02655
0.454454
1.52354
1.06736
0.875641
0.239991
0.866061
1.56969
0.0136763
0.976547
0.640938
0.475964
0.642566
1.13591
1.29939
0.68171
0.583289
3.15157
1.00905
2.40411
0.599452
0.250594
1.07552
0.872362
1.86437
0.516857
0.693176
0.342051
2.12961
1.45903
1.54932
0.246943
0.417681
0.885311
0.397106
0.19628
2.09982
0.451389
0.538542
0.757041
0.328288
1.0559
0.760781
0.3234
0.263725
0.609235
1.04319
0.51696
0.814794
0.0255233
2.44708
0.548613
0.367843
0.151412
0.65249
0.160073
1.15627
1.6017
1.91659
0.300733
1.30381
0.730802
0.425878
1.57782
0.449394
1.44429
1.00023
0.408177
1.82995
2.78443
0.860494
0.365315
0.379842
0.160478
0.962612
0.528536
0.303644
0.938624
1.72444
1.82466
0.891284
0.604386
0.741241
0.324799
1.38339
0.0776214
2.49663
0.373686
2.22447
0.599402
0.904553
1.00394
1.26502
1.21643
1.89386
0.1552
0.825083
0.295348
2.02821
0.299791
0.102126
0.711916
2.22765
0.95123
2.4184
0.91665
1.4043
1.16169
0.691568
0.199228
0.187562
0.543103
1.18182
2.08235
0.550459
1.6287
1.49261
1.17867
0.883645
0.569707
1.12863
0.478313
1.1842
0.876124
0.395968
1.21094
0.70645
0.319362
0.52671
0.929783
0.135031
2.33625
0.647903
1.59399
0.756971
3.73154
1.06868
0.24061
1.21231
2.25571
0.753162
1.38694
1.08491
0.444656
0.889156
1.28235
1.21866
0.112667
0.42383
2.20723
1.48274
1.84345
1.74097
0.669787
0.403429
1.3984
2.19914
1.67919
0.456161
0.333184
0.284096
0.116431
1.19146
1.37975
2.27503
1.55939
1.26271
0.215382
0.804568
2.01197
0.775469
1.72107
1.48318
0.985977
1.47745
0.132718
0.335115
0.258386
0.611657
0.242375
2.20347
0.828713
0.51237
0.89042
1.45378
0.259284
1.3139
1.393
1.92814
2.35457
1.16691
2.32374
1.38967
0.619474
0.244239
1.14362
1.0193
0.720983
0.610413
0.811014
0.243467
0.645811
1.28401
0.43618
0.883246
0.329717
1.48713
0.791513
0.924967
1.2783
0.866402
1.32624
1.22169
1.41599
1.42464
1.48074
0.940383
1.92184
1.1865
0.899228
2.21602
2.04144
1.39723
0.819897
0.0329784
0.437246
0.142599
0.689323
0.226323
0.455041
0.594823
0.71124
0.330109
1.26485
1.58566
0.644399
0.435807
0.33905
1.01316
0.0914266
1.24877
2.65298
1.98043
1.67802
1.10879
1.29723
1.46271
0.159189
1.44688
1.29926
1.09377
0.39479
2.25188
2.39817
2.25492
0.495009
0.481646
0.876971
1.09777
1.2499
2.44041
0.948263
1.1288
0.429691
0.842478
0.638258
3.01592
1.22804
0.64278
0.105262
0.748884
0.506515
2.24839
1.47307
0.768366
1.28038
0.782649
2.31513
1.1776
0.546726
0.456816
0.638567
0.290949
0.758458
0.511066
0.268666
0.702737
0.249233
1.40597
1.68186
0.184091
2.05281
0.89866
1.19097
1.926
0.086027
0.607992
0.874451
0.776703
1.71762
0.339254
0.570721
0.863656
1.22503
0.568354
0.842349
0.524353
0.139983
0.422614
0.369279
1.20675
0.719358
2.48715
2.72643
0.818822
1.6121
0.46835
0.93826
0.433147
0.168666
0.764754
0.50514
2.38184
1.6904
0.662075
1.21547
0.547501
1.01952
0.524529
0.0790512
1.28578
3.80457
0.219671
0.883168
0.189769
0.305326
0.885919
0.889115
0.508214
0.931071
0.580521
1.23056
0.708914
0.604007
0.81708
0.932099
0.269169
0.688187
0.399186
1.16899
2.25725
2.32695
1.45153
0.121039
0.169089
1.115
0.418681
0.609476
0.625647
0.332825
0.842179
0.806405
0.80498
1.18915
1.04585
0.986468
1.00894
1.99523
2.47351
0.748475
0.8738
0.553788
0.22476
1.02436
0.500098
0.824774
0.492618
0.513671
0.599156
0.516748
0.899052
1.37992
0.401567
0.757947
0.973648
1.54092
0.303114
0.725975
0.652084
0.463203
1.56435
1.51229
1.84103
0.317333
0.162987
1.00798
1.25815
0.705267
0.304555
0.654057
0.564868
1.28594
1.03786
1.57894
0.447791
1.59209
1.33614
0.0505006
0.898459
0.851901
0.41267
2.35643
0.993962
2.00878
0.141383
1.20365
1.29334
0.586623
1.18573
0.599383
0.465754
0.564982
1.4544
0.533725
0.365329
0.827271
1.90517
1.19319
2.23712
1.49491
0.72698
0.299161
0.717041
0.592508
0.887942
0.295878
0.836607
1.89332
0.657511
1.22095
1.25349
0.601888
0.935777
0.521686
1.06308
0.408781
1.35118
0.624067
0.657243
0.148333
1.41214
0.897213
1.89261
0.699874
4.19618
1.09222
0.908396
0.22438
1.93089
0.738032
0.837016
1.50782
0.207426
0.192715
0.730906
0.463359
0.229036
0.27209
0.735701
0.815159
0.409977
1.1866
1.3514
0.417351
1.16566
0.957895
0.391306
0.959198
2.66957
1.36707
0.694109
0.680497
2.08666
0.713881
1.43265
1.46698
0.305006
1.70451
1.75357
0.815191
1.13767
0.485476
0.729698
0.420588
3.42914
0.443727
0.246412
0.469006
0.652803
1.99022
0.8411
1.97984
1.86242
0.662747
0.507103
0.0848052
0.193038
0.612539
1.1976
0.748926
3.18541
0.749883
1.91743
0.50472
1.17144
2.09951
1.48967
1.80055
2.96619
0.3949
0.22782
2.27631
1.44932
1.03251
1.08598
2.69548
0.0726309
2.35005
0.582058
1.16726
0.582781
3.71848
1.01295
2.69599
0.772493
0.0643173
0.471924
0.59741
0.808217
0.549159
2.20822
1.18443
1.42434
0.729535
1.0622
0.90951
0.353435
0.82016
0.596321
2.14799
0.32255
0.469988
0.476181
0.938482
0.831818
2.59471
0.376458
0.722827
0.797671
0.24117
0.225754
0.246311
0.818299
1.50965
1.40901
0.686717
1.06781
1.55314
1.10947
1.16297
0.60832
0.433466
1.35148
0.704256
0.601487
0.432518
0.916528
0.246027
0.632581
1.45298
0.0809625
1.31487
0.553324
0.321397
0.622
0.651218
1.2944
0.208471
1.6607
1.02795
1.24631
1.09192
0.0901793
1.01643
0.576618
1.47583
0.979013
0.750997
0.640992
0.482627
0.55339
1.05064
0.294714
0.0420941
0.268732
0.630114
0.325586
1.04639
0.633578
1.99417
0.748233
1.42242
4.31617
0.144705
0.473329
0.940601
1.2363
1.39688
1.79833
1.29045
1.45882
0.964904
1.14336
0.35904
0.9272
0.744949
3.66618
0.723446
2.35261
0.509957
0.215457
0.618278
1.82163
0.707858
1.01579
0.824071
0.710013
0.819441
1.13257
1.17245
0.310935
0.128696
1.32615
0.88242
0.221475
1.67669
0.324327
1.01002
0.178182
0.667742
1.01349
0.689005
1.6447
2.41434
1.32553
2.32725
1.74666
0.30886
1.20249
3.42625
0.653656
0.344945
0.738025
0.413533
0.200697
0.0993846
0.553163
0.671719
0.718149
0.969209
0.21578
1.26093
0.398139
2.20327
0.439587
2.0689
0.566394
0.366817
2.11159
0.418272
1.17429
1.84065
0.450618
0.23151
1.23153
0.836526
0.512061
0.60809
1.17426
0.449329
0.189966
0.219943
1.04679
1.69747
1.52339
1.48579
0.383283
0.20053
1.29938
1.36245
0.102133
0.650305
2.71677
3.3121
0.163794
1.46893
1.05105
0.609585
0.585584
0.227195
1.41533
0.549602
1.53098
1.86825
0.177338
0.826387
0.326369
0.875388
0.329864
1.66998
0.0997566
1.90258
1.65321
1.60255
0.987125
0.677984
0.436027
1.65535
0.0470765
0.475278
2.30154
3.69692
0.910708
0.750202
1.11335
0.395873
1.3976
0.639841
1.322
0.935665
1.04686
1.97332
1.57606
1.26066
1.20051
1.42515
0.206929
0.815116
0.316284
0.404812
0.299358
3.69717
1.1421
0.407539
0.141987
1.1625
0.268421
0.47229
0.578263
0.806816
0.695811
0.375014
0.723027
1.9897
2.27364
0.533338
0.36748
0.218962
0.644446
0.663229
0.536417
0.162182
2.74476
0.450405
0.738554
0.336741
0.679276
0.00814493
0.228606
1.12023
1.92522
0.12059
1.46745
0.740191
0.632356
0.274066
0.364765
0.785222
0.333908
0.0711663
3.78545
0.175679
0.238319
0.638661
2.47508
0.251578
0.603232
0.0760279
0.919469
0.412065
0.300514
1.97886
0.311436
0.227018
1.51913
0.962377
1.17265
1.18828
0.304849
2.18449
0.510196
1.38856
0.532287
0.569382
1.34551
1.51441
0.155946
0.594091
1.3635
1.65698
0.38165
2.17379
0.76584
2.61708
0.583136
1.11422
1.35256
0.6164
0.261598
0.59234
0.852182
0.750286
0.824181
1.03414
0.173993
0.0503779
2.63884
2.36583
1.24135
0.351986
0.868765
0.570455
1.04969
0.937383
1.05141
0.475117
0.998636
0.958447
0.385344
0.458309
0.475832
0.911559
0.807392
0.424464
0.658721
0.746959
1.20159
0.119999
0.71981
0.603599
0.773719
0.719881
0.77855
0.846466
0.545446
1.58738
0.443644
0.468681
1.33237
0.605095
0.622702
1.49762
1.36426
1.07615
1.40965
1.20626
0.76899
0.625686
0.530457
2.40305
1.23922
1.37737
1.34743
0.521107
0.64544
1.43378
0.805294
0.299562
0.423078
1.28677
1.17446
0.590483
0.856869
1.02215
0.152622
0.715968
1.2163
0.902791
0.653694
1.33761
0.29137
1.49537
0.744861
0.513706
0.980342
0.708303
2.39951
0.673862
1.87542
1.55873
1.54892
0.814972
0.936303
0.476947
0.495652
0.735684
0.614302
0.936492
0.905093
1.33455
0.309212
1.30384
0.369261
0.591771
0.0793783
0.926718
1.48686
1.16568
1.44005
1.87654
1.13226
1.20588
0.695881
0.650695
0.917165
1.84671
0.157521
0.2172
0.252188
1.72517
0.283938
0.917664
0.321789
0.695006
1.05917
0.580444
0.118561
0.869986
0.439105
0.998385
0.393319
0.592805
1.52095
0.696359
0.0988131
0.485213
1.468
0.145609
0.579587
1.04843
1.68131
1.91045
1.00997
0.717472
1.20617
0.477019
0.621543
1.55245
0.72799
1.40152
0.492557
0.737232
0.609877
0.6108
0.631059
1.0382
1.11905
1.05712
0.285275
2.66071
1.20873
0.744519
0.548127
0.340128
0.318849
1.07135
3.02489
1.22237
0.250953
0.377248
0.392061
0.366867
0.570983
2.30908
0.842145
0.264576
2.68726
0.532341
1.50672
1.02853
0.60718
2.0156
1.39976
1.10324
1.80885
0.608194
1.89019
0.247655
0.155783
1.84618
0.588339
0.151693
0.201745
0.857938
0.0471853
1.45449
0.369442
0.97948
0.657991
0.412691
0.516664
0.266371
0.539826
1.04473
1.04402
0.885427
2.24111
0.435663
0.219791
1.5285
0.933548
0.160079
1.34662
3.31466
1.79545
2.74324
0.961774
1.07034
0.932418
0.85524
0.578865
0.567996
0.157615
1.84401
1.66611
0.598252
0.841543
0.527856
0.849858
1.48666
0.548454
0.604774
0.270858
1.8035
1.94721
0.309983
1.04529
0.0742508
0.635634
0.261274
1.1013
0.745692
0.894146
1.33814
0.671613
2.81711
0.266077
0.541251
0.149197
2.06497
0.334792
1.07961
1.02456
1.6186
2.44572
2.13001
0.585147
1.30367
0.611317
0.165763
1.0866
0.736843
0.558581
1.1634
0.356975
0.234433
0.580106
0.264863
0.346101
0.8007
0.678161
0.0634719
0.405651
1.05761
0.915264
0.345574
0.437642
0.674393
1.01561
0.317934
0.581085
0.750375
0.799826
1.05896
1.00975
0.690919
0.907572
0.78613
0.668297
0.144195
0.324398
1.23381
1.26971
0.940746
1.72877
1.1836
1.51913
0.544757
0.125734
0.725657
0.957973
0.959555
1.5576
0.798877
0.125477
0.652559
0.577224
1.79976
2.3633
0.548383
1.27033
2.0337
1.09617
2.55712
0.329239
0.536932
0.446397
0.364949
1.01383
0.975796
0.213842
1.65376
0.631157
0.326062
0.895215
1.65588
0.2032
0.170725
3.0173
2.33897
0.389747
0.0215477
1.17964
1.75639
0.23377
1.16712
1.68513
0.586501
0.900705
2.05772
0.658846
0.578052
1.88998
0.878492
0.678441
2.44147
0.661568
0.298277
1.29718
0.613159
1.87428
1.0413
0.143271
0.700421
0.605997
1.44461
2.51683
0.162746
3.1421
2.63305
0.630602
1.27937
0.807798
1.97582
1.59775
3.6544
1.34885
0.439553
0.696596
1.15629
1.48573
0.955861
0.197357
1.99988
2.01395
0.212815
1.06298
3.29203
0.324648
2.95198
0.201644
0.661954
1.66106
0.362768
0.952799
0.563194
1.56087
1.16155
0.546766
2.2749
0.288717
1.21846
0.374522
0.954798
0.910841
0.266111
0.338813
0.85035
0.339785
1.98083
0.68692
1.44083
0.4706
1.38176
0.937883
1.57377
0.264493
3.82057
1.84451
1.86643
0.891623
0.501314
1.19937
0.17642
1.28319
1.5423
1.448
0.620268
1.30681
0.830764
1.63126
0.483357
1.08469
0.941299
0.611995
2.10935
0.554986
0.477217
0.760079
1.08186
0.317721
0.56273
0.527824
0.65453
1.16796
0.526001
0.6303
0.142597
0.365079
2.27327
0.441821
0.124293
0.710282
2.60606
0.795545
2.62962
0.605745
0.13645
0.858657
1.63209
0.538547
0.357482
0.26183
1.33494
0.392107
1.83796
1.04176
1.31739
2.16791
0.498581
0.621415
2.16636
0.239355
1.05766
0.285447
0.250895
1.15602
0.350547
0.831022
0.841954
0.900346
0.718948
1.01279
0.977347
0.393501
0.541794
0.504508
1.46788
3.38849
1.49362
2.0284
0.639966
1.33999
0.664362
0.74498
0.35487
0.81015
0.959164
1.45014
0.574432
0.833994
1.03472
1.16267
2.79313
0.421967
0.308082
0.645628
1.66979
1.21426
1.11773
2.61341
0.26423
0.299698
0.483139
1.2854
0.773368
1.09204
0.705944
1.03482
0.484365
0.282737
0.161714
1.35543
0.157779
0.998255
1.13745
1.4014
1.93153
0.247124
0.284277
0.369735
1.88938
2.02543
1.96499
0.971239
1.26684
0.745299
2.03842
2.12102
2.84
0.770684
1.22493
0.947998
0.0656617
1.87467
0.256311
0.790955
0.702833
0.0532536
0.473099
1.81724
0.570038
0.677905
2.24024
1.39465
0.963564
0.827199
0.820384
1.09905
0.293286
1.83519
0.581688
0.853694
1.41928
0.484385
0.937199
0.546229
2.46904
1.81838
1.41704
0.897885
1.49928
0.922051
1.78369
2.65353
1.61239
2.45016
1.99926
0.208277
1.23136
1.31604
0.347276
0.956491
1.87023
1.08553
0.280239
2.19519
0.810298
0.41262
0.456606
1.08677
1.61734
1.23995
1.26242
0.150688
1.22743
4.11122
0.303726
0.379736
0.325233
2.02013
1.077
0.651363
0.398629
0.617021
0.112903
0.286414
1.12715
2.19915
0.62621
0.38261
0.746523
1.47469
2.01034
1.43845
0.507064
0.585563
0.684994
0.21909
0.393074
0.253335
1.10811
1.85156
1.80449
0.368422
0.955064
0.895858
0.548768
0.123705
0.997126
1.60427
1.08912
0.897963
0.38799
1.5943
0.6972
1.09295
1.91651
0.930609
0.847695
0.352881
0.833499
0.635044
0.154174
1.06585
0.779038
0.68102
0.521165
0.701994
1.38916
1.32519
1.8724
0.914436
1.36463
0.751185
1.75265
0.610476
0.603233
1.68219
0.871814
0.797908
1.30413
0.911357
1.68862
1.26322
0.912233
0.852123
1.22243
0.726259
0.0364638
0.516327
0.74021
0.548821
0.656145
1.53104
0.864346
0.733935
1.24853
1.93444
1.75906
3.33852
1.48949
1.1744
0.763459
2.26633
1.44975
0.0771076
0.237327
0.376923
1.0167
1.86608
0.674074
0.202954
0.837287
0.0253383
0.317661
1.28408
0.453451
0.418347
1.07315
0.380878
0.424984
0.712423
0.173664
1.34521
0.347876
0.142338
0.805445
0.301024
2.52163
1.90787
0.899612
0.237086
1.02475
0.601881
1.84173
0.375631
0.060496
0.987415
0.654523
1.08928
2.56565
0.823864
1.12844
1.74807
1.32275
1.67964
0.197718
0.411187
1.12574
2.18283
0.559145
2.07335
0.761527
0.676955
1.38624
0.506463
1.56901
0.835843
0.860179
0.298832
0.418774
0.164241
0.738654
0.830954
1.67204
0.593398
0.866863
1.49532
0.737164
1.19931
1.46268
1.67811
0.664049
1.38997
0.680647
0.548962
1.85241
0.977603
0.503047
1.21699
0.601345
0.426473
0.365929
0.922249
0.784019
0.406873
0.994963
0.937352
0.408334
0.448484
1.77135
0.871404
1.50058
0.321802
1.15196
0.785509
1.01121
1.65047
2.68587
1.00186
0.911796
0.911067
0.821976
1.64528
0.133786
0.67956
1.04742
0.82936
0.263745
1.6078
2.84141
1.21879
0.639393
0.879594
3.07353
0.29156
0.697183
0.58033
1.46777
0.831919
0.967634
1.44584
0.712452
1.40678
0.66381
0.552237
0.978701
0.697849
1.97358
2.57199
0.898961
0.30258
1.16429
0.0651594
1.72321
0.51702
1.5299
0.0885039
1.21448
1.37242
1.10334
0.306017
0.791112
1.25582
0.764582
1.01508
1.02313
0.414531
1.37999
0.889971
1.19748
0.256363
0.405046
0.596716
1.44219
1.17792
0.552543
1.62398
0.786475
0.342062
0.734541
0.834436
1.49031
0.923748
1.46679
1.12128
0.338855
0.368745
1.03671
0.806388
1.8332
0.138991
2.08114
2.12175
1.53793
2.59417
0.729948
1.69515
0.487797
1.54182
1.12332
1.18173
2.11939
0.566261
1.32428
0.904195
0.310225
1.47474
1.19565
1.62773
0.77123
0.909929
2.17803
0.361613
0.559119
0.284505
1.25783
2.4922
1.24913
1.61612
0.869608
0.921952
0.536154
0.0576576
0.586422
0.668603
2.76573
1.31161
0.488068
1.73047
0.320398
0.928708
0.607265
1.87696
1.16867
1.54493
1.11229
2.69162
0.504356
4.76753
0.970131
0.823469
0.247895
2.00354
2.09015
3.50532
0.356406
0.429767
0.598001
0.629439
0.576431
3.35242
1.06548
1.99296
0.143747
0.486954
1.97211
0.623007
1.65881
0.100236
1.22282
0.189753
0.376539
1.45886
1.80278
2.55494
0.593468
0.294273
0.560612
3.70887
1.32014
1.35182
0.94357
0.230032
0.145133
1.78807
0.714551
1.23817
3.32966
0.718099
1.36284
1.53711
0.245093
0.67622
0.657876
0.476513
0.636623
0.794538
1.67617
1.46817
1.22665
1.67167
1.2791
0.989422
0.610519
0.910988
0.122452
0.55549
0.972173
0.424991
1.5298
0.598485
1.64001
0.378753
0.469618
0.253547
0.311663
0.206228
0.598481
1.03977
0.614293
2.26596
0.491952
1.38616
0.966378
0.531823
0.694347
0.590051
2.5144
0.57157
0.927982
3.53825
0.31659
0.180604
0.0767092
0.165315
0.12973
1.11823
1.48974
1.21327
0.973444
1.72902
0.635671
1.11386
1.26734
0.400967
3.24718
0.268804
3.56271
0.476374
0.496976
0.575943
0.664374
0.0739382
1.51896
1.38031
1.7807
1.72858
1.13024
0.705065
0.676447
3.84862
0.345248
0.885554
2.01909
0.515318
2.44834
3.28084
0.693382
1.95185
1.16392
1.31337
0.730448
1.48898
0.0635067
1.06064
0.512732
0.618253
1.58981
0.382354
2.18515
0.291236
0.891203
0.268224
1.03254
0.721572
0.87669
1.17267
0.672345
0.606776
4.10278
0.192229
0.805422
0.170465
1.05247
1.3616
1.98807
1.6787
1.31654
0.412077
0.908842
0.742826
2.83705
0.909854
2.47678
0.521389
1.47974
0.605901
1.68496
0.433724
1.28715
0.397485
0.802208
0.133246
1.2548
0.199588
0.935989
2.53405
0.655046
1.31622
0.999441
0.133662
0.79116
1.2935
1.39882
0.257051
1.48565
0.607404
0.566019
0.488073
0.436466
1.41624
0.561535
1.96028
0.82055
0.807824
2.15704
1.08165
0.555516
0.968191
0.977345
3.05903
0.667344
0.853518
1.2655
0.737129
1.07321
0.743957
0.647625
1.2894
0.767033
1.26516
0.250814
0.583817
2.41215
0.210937
0.755016
0.103978
1.63338
0.72966
0.3096
0.263471
1.56825
1.12855
0.468524
0.498506
1.62377
1.34271
0.696471
0.665652
0.308875
0.759168
0.739775
0.371079
0.415337
0.30742
0.611725
3.17516
1.66519
0.0436894
1.09716
1.50382
0.910756
0.250279
0.666019
1.19469
0.898753
0.253679
0.370788
0.449116
1.29371
0.229287
1.30687
2.5349
0.599014
0.284919
0.25229
0.176719
1.86731
1.18583
0.865739
1.10312
1.54744
0.982498
0.584276
0.48201
0.0937499
1.50167
2.82423
0.809888
2.47112
0.239151
2.62154
1.72596
0.975411
2.07999
0.105321
0.388275
1.83501
1.2295
0.488551
0.446298
1.9427
1.44605
1.0612
0.778267
2.4635
0.951872
0.988074
1.78048
1.38835
0.992435
0.967749
0.233048
1.49908
1.63068
0.366816
0.147115
3.41212
0.745805
0.308911
0.452454
0.194695
0.42265
0.491084
0.0627482
0.957347
0.699231
3.01032
0.589837
0.39676
0.974793
1.21641
1.09059
1.03492
1.56243
1.26916
1.19394
1.96456
0.6238
0.657392
0.117577
1.84196
2.24085
0.706412
0.497193
0.592529
1.16466
1.94113
0.79537
0.425023
1.22929
0.43073
1.79408
0.752524
0.20227
0.478079
1.96872
1.59401
0.394222
1.00801
0.933008
1.31825
2.47554
0.754734
1.04225
1.26538
1.20497
0.634314
1.2001
1.24056
1.00655
0.973742
1.08853
1.43625
0.451272
0.818516
1.12085
1.28987
1.16963
0.0874968
0.737204
0.535974
1.24078
0.445746
0.122892
0.97418
0.555647
0.161108
0.432084
0.651189
1.18413
0.830559
1.04687
0.0751437
0.711811
0.627458
1.66542
0.586328
0.452726
0.667029
0.697947
0.951234
1.07897
1.69362
1.66875
0.102127
0.306986
0.276731
0.330911
0.624255
1.07682
1.82598
0.28761
0.870381
0.210412
2.29513
0.253045
0.586343
1.30628
4.15036
0.721282
4.25735
0.888673
0.572232
2.07598
0.596519
0.698487
2.42919
0.281242
0.404413
0.424216
0.334119
0.2477
1.7636
0.705264
1.36422
0.99407
1.38344
1.0631
0.376186
1.04483
0.345304
0.474947
0.16716
0.391492
0.323647
1.24062
2.03528
0.623272
0.239432
0.0159862
0.731287
1.57099
1.09943
1.33414
0.498402
0.512908
2.70289
0.738648
2.30836
0.233283
0.814203
1.02758
1.50612
1.17408
0.71375
0.751079
0.816959
0.257067
0.570868
1.43591
0.621652
1.02866
0.823327
0.726415
0.560435
1.07944
1.67025
0.54268
0.946358
0.979565
0.34566
0.81229
0.702361
1.70327
0.42906
1.54411
1.09342
0.834403
1.80327
0.540718
0.999415
1.27006
1.61985
1.14372
0.233593
1.27815
1.51532
3.84162
0.372081
0.400585
3.15462
0.615529
0.0675348
1.64961
1.12946
1.29505
1.5388
0.657779
1.03796
1.71878
0.683202
1.55828
0.701487
0.604411
1.15352
0.640147
0.636484
0.531321
1.06664
0.445051
3.03803
0.175729
0.521888
0.525035
1.97797
1.36242
0.774241
1.09575
1.03428
0.312497
1.20305
0.26518
1.73361
0.878542
0.336598
0.965243
1.49564
1.82512
0.578296
1.09784
1.07017
0.582182
1.19758
0.824645
2.4859
0.472519
0.390773
0.214206
1.07341
1.47952
0.845418
0.430946
0.732127
0.659647
0.357114
2.53514
0.146117
0.173407
0.960121
1.9769
0.607048
0.441606
1.2001
1.07046
0.550604
0.552156
0.941467
0.84094
0.155904
0.536582
0.900878
1.45961
0.550622
2.28982
0.883991
0.796872
1.7687
2.29122
0.766033
0.745289
1.59608
0.68463
1.8914
2.44685
0.822462
1.18549
0.20935
0.031703
0.985315
1.68961
0.193989
0.430585
1.03431
2.34723
0.543118
1.2346
0.0866225
0.86654
1.39415
1.41038
1.06954
1.3872
0.901025
1.82289
0.21665
1.1883
2.98757
3.12625
0.667401
1.34426
0.349367
1.3596
0.424478
0.6557
0.966409
0.482094
0.845493
0.492967
1.02707
1.6284
0.824962
1.13999
0.319962
0.21328
1.32378
1.29262
0.141488
0.385773
1.85488
0.9642
0.284696
0.745739
0.625593
1.6678
0.776842
0.567924
1.59261
1.7241
0.434447
0.793517
0.329664
0.233345
0.735058
1.35871
2.3173
0.556602
1.83567
0.726013
0.767578
2.62467
0.980873
1.34122
1.45511
2.31436
1.40303
0.172208
0.662087
0.255601
0.357649
0.483596
1.56884
1.20621
0.979662
1.01387
3.68273
1.12275
0.752037
2.54826
1.3237
0.421126
1.15568
0.811965
0.902168
1.6257
0.38611
1.52987
0.61721
0.578931
1.13873
1.60557
0.172667
1.26143
0.617981
0.418244
0.461416
0.780067
1.2154
1.8362
0.450051
1.32081
1.097
0.292757
0.597152
0.637621
0.779817
0.52572
1.24049
0.277163
0.887813
0.252341
2.08981
1.49362
0.23099
0.177457
0.994168
0.595586
0.74262
0.40953
0.956609
1.0182
0.836955
0.984805
0.136042
0.694865
0.641803
0.372412
0.293131
1.13307
0.941173
0.435345
0.205403
1.19416
0.882514
0.376144
0.593036
0.213509
0.175954
0.744493
1.72797
2.05648
0.767808
0.170197
0.245595
0.349123
0.405383
0.749683
2.09676
0.332697
0.364457
0.468199
0.614467
0.244292
1.34235
0.560599
0.240305
0.124347
1.85353
1.65656
0.221898
0.671382
0.966653
2.39528
0.626502
0.203988
2.47948
0.368291
2.70561
0.789559
0.807726
2.93852
2.61385
1.48196
0.490861
0.337958
0.12794
0.889333
1.28203
1.24165
2.32511
0.621123
1.5596
0.841898
0.782142
1.5356
1.60124
0.778395
2.33762
1.08817
3.19558
1.53601
1.06936
2.07378
0.713813
2.23048
1.72585
0.290389
0.40667
1.53865
0.208893
0.233518
0.39768
1.78147
0.71616
2.49501
0.757386
0.603244
0.759955
1.60102
2.17721
0.749892
0.69259
0.8693
1.11539
1.36601
0.189082
0.500759
1.36501
1.13087
1.05486
0.45715
0.402585
0.927715
1.17817
0.486434
0.782694
2.39783
1.17155
0.819324
1.84827
0.478351
0.301625
0.86829
1.00633
1.23891
1.0522
1.39548
2.04063
0.165247
0.18597
0.784505
0.495291
0.710931
1.51303
0.306544
0.750638
1.79872
0.188902
0.894866
1.53298
0.916773
1.01141
1.09467
2.99371
0.728693
1.39392
0.66829
0.508621
0.823399
0.406165
0.563512
0.414076
3.19744
1.83972
0.86202
0.232559
0.634792
0.487202
0.232252
1.05209
1.09085
0.558143
0.986242
0.796027
1.41994
0.076555
1.06935
0.386941
0.366132
0.955166
1.68
0.808709
0.341757
0.405078
3.19815
0.567826
0.914903
0.817178
1.08909
0.759716
2.32663
0.87146
1.465
1.224
2.14375
0.663835
1.11032
1.41912
0.391183
0.838403
1.46559
0.860135
1.12277
1.56729
1.22711
0.656795
1.45168
1.35682
0.533719
0.633919
0.603697
0.615735
0.76496
0.651604
0.480212
1.78795
2.94842
0.506489
0.799624
1.79188
0.591782
0.918439
1.01771
0.033208
0.882418
0.661945
0.261694
0.667968
0.835404
1.80269
2.23764
1.92081
1.23391
1.24321
0.298562
0.999611
2.93475
0.394048
0.742903
3.59461
0.710806
0.904294
0.36475
1.12863
0.279387
0.411988
0.261565
0.504596
0.737074
0.55407
0.410806
0.437561
1.00656
0.44945
0.981928
1.86086
0.0240276
0.776304
0.454246
0.504962
1.68577
0.921182
1.17043
1.26337
2.98048
2.72288
3.30513
1.54709
0.14778
0.945978
0.638653
0.560631
1.93367
0.770983
2.28762
2.56575
0.810345
1.0645
0.354741
1.38275
2.41692
0.535513
0.758722
0.662615
3.06363
0.325348
1.86361
2.89632
1.31156
1.55426
0.829089
0.606719
2.74472
0.784376
0.231088
1.28812
1.36186
0.100693
0.998935
0.503939
0.647085
0.988059
0.608111
3.92658
0.238636
0.514636
3.98561
0.908216
1.74418
1.30013
1.52285
1.22826
0.676824
0.281062
0.387464
0.559665
0.984403
1.26219
2.65268
0.124585
0.826138
1.22056
1.2992
0.845541
1.71944
0.343841
0.605649
1.4285
2.03901
0.365983
0.705777
0.406752
0.217199
0.233891
0.601231
0.441843
0.816306
1.2106
0.748021
1.06738
2.74863
0.426813
1.12746
1.20533
1.09032
0.726367
0.336595
2.35636
2.07821
0.765062
0.331984
0.404724
0.32895
2.66795
1.59753
0.446525
0.897487
0.893437
0.774073
0.720609
3.01093
0.844657
0.685694
0.622048
0.228507
0.602718
2.19653
0.423458
0.646374
0.610713
1.32774
0.417066
1.17268
1.03696
0.919285
0.785114
2.03034
0.609847
1.60948
1.20812
4.63646
1.7606
1.6314
1.31717
0.445007
0.615495
2.0027
0.716787
0.331887
2.61131
0.753458
2.32222
2.2078
2.16798
1.58561
1.88273
0.378524
0.480577
1.44216
0.552153
0.612285
0.160218
0.88755
2.86722
0.54029
1.19008
0.609765
0.406651
0.828053
0.261547
1.45312
0.94845
1.49807
0.152155
0.784596
0.229539
0.158255
2.46276
0.884398
0.0514056
0.447426
1.10183
0.228447
0.858279
0.92091
0.531868
0.524239
0.27852
1.47292
2.131
0.895995
1.04858
0.548552
0.728324
0.381183
0.817718
1.57268
1.83283
0.680996
1.61232
1.37809
1.15411
0.124554
0.334299
0.109146
0.896985
1.57822
0.442203
1.59689
1.33873
0.785832
0.415113
0.213749
0.942481
2.40646
0.415677
0.470353
0.51723
0.188057
2.2312
0.749874
1.67998
0.540352
1.38176
1.64232
0.348248
2.85364
0.590857
1.27051
1.88015
1.22507
0.685009
0.550419
1.03196
0.420063
0.942986
3.17471
0.188233
1.29325
1.5062
1.7159
0.120593
0.974491
0.767077
0.290286
2.89647
1.21895
0.55476
0.803644
1.3683
1.23153
1.14188
0.489753
1.56334
0.300086
0.28562
1.16315
0.739686
1.31318
1.44964
0.544304
0.871458
0.868158
0.457769
0.0976667
0.465836
1.11927
0.500136
0.665609
2.59789
0.724843
1.06929
1.51315
1.18163
2.12739
0.424903
1.35863
2.03087
0.683219
0.481829
1.1714
1.00462
0.0579932
0.917112
0.190326
1.50942
1.89698
1.59259
0.12042
0.613566
0.325636
1.11144
0.783251
0.750002
1.12082
0.44982
0.6451
0.690362
0.576321
1.1186
0.456906
0.189899
0.542197
0.934354
1.5306
1.09575
0.0831894
0.579927
1.51775
1.04352
0.602541
0.573262
1.99219
1.87623
0.360483
1.67122
0.450879
0.996327
0.58163
0.955098
0.674414
1.47003
0.657246
1.75999
0.640282
0.587846
0.642781
1.76599
0.685009
0.29782
1.05032
1.23331
0.457044
3.77064
1.33181
1.30352
1.54347
0.374697
0.164106
0.565789
0.301905
0.509172
0.867343
1.11102
0.174659
1.31794
1.60876
1.92483
0.200816
0.707052
0.490521
0.471192
0.709427
1.74105
0.40924
1.01518
1.32216
0.920993
0.671073
0.807141
0.418925
2.07389
1.38488
1.24728
1.222
0.961837
0.0628354
0.805062
1.5072
0.89696
0.955856
0.684395
0.775425
0.570443
1.85282
0.452452
4.45252
1.29529
1.01077
0.223251
0.852499
1.51333
0.733912
0.0939692
1.21687
1.22045
0.111263
0.0184673
1.41464
0.186167
0.274615
0.271393
0.957886
1.29203
1.86839
0.517883
3.46753
0.645218
1.05201
0.571968
0.724387
1.32636
0.389502
1.86944
0.794683
0.97276
0.580141
0.97334
0.89494
0.90687
1.25731
1.19251
0.640225
1.67
1.83159
0.379897
2.00145
1.65383
2.28256
0.447416
1.50854
1.16563
2.18736
0.597243
1.27766
0.339565
1.3601
1.70653
1.13014
0.917916
2.38228
0.587936
0.859397
3.86907
0.98736
1.1452
2.41378
0.504078
0.288788
0.989609
0.694354
0.595678
1.28632
1.18529
1.02479
0.995042
1.562
1.80373
2.28808
1.30638
0.640009
0.706264
3.13868
0.768997
1.30292
0.394822
1.3758
1.35568
0.734765
0.332724
0.131701
0.846014
0.600554
0.778158
2.06666
0.846635
0.672423
2.18655
1.38424
0.766068
0.119034
3.28411
0.940804
0.637945
2.28856
0.522604
0.924706
1.61234
0.600319
1.50736
0.164912
1.2682
1.43934
0.691275
0.203252
0.528405
1.11438
3.16344
1.10902
0.347256
0.315609
0.7012
1.3053
0.485968
1.50038
2.93406
1.13744
0.23739
0.393956
0.401446
0.917931
1.27511
1.85745
0.720174
0.166845
0.403492
0.634824
0.372417
2.04952
0.337571
0.166034
2.40189
1.28871
0.767411
3.03287
0.816424
0.1997
0.744397
0.829025
0.373148
0.730367
1.75897
0.141521
0.694882
0.693528
1.15994
0.219566
1.48837
1.23707
0.565571
0.539216
0.448862
1.20854
1.22434
0.715217
0.60441
0.566185
1.5
3.2191
0.172028
0.496933
0.0895713
0.435942
2.61366
1.39349
0.733939
0.611983
0.354539
3.83808
0.345464
0.907279
0.570501
0.317292
1.23224
0.594149
0.557559
0.620172
0.866967
0.364465
3.08495
1.73459
1.00865
0.49631
0.192276
1.6394
0.641225
0.97865
0.942137
0.202569
0.981565
0.790659
1.02412
0.0917118
0.788191
0.407793
0.724817
1.2696
1.39367
0.230616
1.25157
1.09054
0.515799
0.951096
1.16436
0.459437
1.5809
0.917895
1.95975
0.571207
3.37092
1.04635
1.70051
0.454757
1.02101
0.549326
0.402074
2.06506
0.234457
0.442552
0.221143
1.16656
0.650611
1.87906
1.42885
0.320518
1.84861
0.0903487
0.876047
0.742641
1.45193
0.151343
0.890144
1.58388
0.246399
1.32951
2.39245
1.81326
0.97195
0.352843
0.285331
0.896651
0.178552
1.19197
0.186311
0.963367
0.374065
0.662918
0.177719
0.126345
1.61445
0.662117
0.316655
0.998684
0.559609
1.21435
0.530196
1.99528
1.80384
0.529731
0.945531
0.892309
1.08195
1.01527
1.27124
0.331761
0.912596
0.532748
1.38609
0.560124
1.06787
1.22491
0.605891
2.21918
2.71717
0.268771
0.115611
1.04249
0.535993
0.341826
0.2497
0.73097
1.38314
0.610725
0.589939
0.894972
0.341028
0.456634
0.951885
1.32671
0.204182
0.943798
0.516064
1.77393
0.0449758
0.501275
0.334572
0.444172
0.539253
0.997824
0.239467
0.329597
0.298376
0.705156
0.439803
0.196799
1.49698
0.144383
0.856849
0.707863
0.646829
1.33248
1.75895
1.01273
0.742358
1.00545
0.549536
0.40934
0.551312
1.20926
2.75487
3.03693
0.905943
1.60057
0.349331
0.745331
0.519903
0.218273
0.910919
0.0881591
1.34537
0.721254
1.68759
0.217846
1.10168
0.375594
1.80145
1.94249
0.504462
0.568329
1.55189
0.401895
0.644562
0.494839
2.67543
0.716085
1.60616
2.94004
0.871019
0.0959341
0.92235
0.735755
0.866762
1.37469
0.369315
2.4568
0.955895
1.64772
0.774008
0.334582
1.11174
0.318592
0.283895
0.740965
3.12794
0.418237
0.87567
0.973458
0.436343
1.13348
0.899377
0.608138
1.07017
0.671002
0.720234
0.865064
0.381882
0.511542
0.902286
2.44303
0.253612
1.15902
0.71684
0.291528
0.374487
0.242566
0.469122
1.61944
1.61729
0.7889
0.150079
0.267041
0.906083
1.03003
1.07471
0.900855
0.404457
0.479337
1.54719
1.49208
0.466066
1.12082
0.732004
1.3803
0.612521
2.50985
0.079099
0.203753
0.42495
1.5155
0.270823
1.13671
1.50793
1.84616
1.41829
1.20416
2.1654
0.773546
0.288333
0.778644
0.347279
2.26267
0.459375
0.662841
1.14591
1.31385
1.41204
0.35429
0.685276
1.31664
0.646947
0.604605
0.909965
1.78749
1.24738
0.822875
0.850003
0.351298
0.367001
0.707313
1.01401
1.5146
0.170351
0.986535
0.206737
0.28354
1.97015
0.752041
0.427729
0.634706
0.440305
0.881607
3.82597
2.85229
0.200948
1.07305
0.929327
0.684169
0.439953
2.83227
2.18563
0.154814
1.50612
0.695076
1.14817
1.83627
1.05538
0.218802
1.27813
0.139987
0.39533
0.579853
1.71575
0.633358
0.825798
1.45768
0.751454
1.19561
0.137791
0.850311
3.67083
0.154325
2.49208
0.820178
0.214399
0.523496
1.89602
1.42926
1.97732
1.16602
0.673262
1.43192
4.50325
1.14369
1.10416
0.62372
0.0727204
0.543658
1.28993
0.420161
2.33159
0.191366
0.922504
2.61579
0.209683
1.0449
0.217126
0.899878
1.05416
0.684396
0.688681
0.915897
0.97403
0.542764
0.819883
0.195394
0.168913
1.36703
0.177052
1.93114
1.68359
0.795111
0.606531
4.73088
0.980844
0.81773
0.513573
1.21216
0.773129
0.644058
0.62315
1.14626
0.716759
1.80195
0.936248
0.509816
0.237471
0.909354
0.412308
0.591483
0.760189
1.86102
0.710405
2.69635
1.21576
0.962682
1.79062
0.963148
1.21944
0.604967
0.525111
0.345727
1.1378
1.35459
0.267371
1.84036
0.348246
0.401374
1.15852
1.35422
1.38007
1.58735
0.863724
1.22326
1.11411
1.93322
0.321968
0.55146
1.98184
2.12606
0.983935
0.814412
0.0579229
0.909708
1.69268
2.42153
0.147056
1.60739
0.967445
0.238844
1.0693
2.58763
0.661585
2.1129
1.31504
1.44474
0.166475
1.8443
0.765073
2.1518
1.13627
0.681447
0.584404
0.727239
0.673075
0.973486
0.0673292
1.47548
1.06353
0.220064
1.19759
0.645981
0.661982
0.0458463
0.523167
0.993186
0.526888
0.356774
0.820722
0.204649
0.104391
0.0849755
0.291294
2.34443
0.172175
0.622693
1.01718
2.74886
1.24858
0.716373
0.407138
0.898514
0.317575
0.975306
0.596276
1.46623
0.756491
1.56098
0.802402
1.23654
0.831419
0.907501
0.336953
1.34654
0.90023
0.148217
1.92644
1.64145
1.73952
0.280803
0.115375
1.13965
1.09866
1.10827
0.980941
2.19335
1.13576
1.0104
0.509717
1.69591
0.309502
0.0751703
0.597272
1.13438
0.998452
0.0518047
0.796938
1.10673
0.451995
0.309608
1.94382
0.574275
0.502668
0.462065
0.32417
1.7714
0.273914
0.0821916
0.684151
2.04998
1.46892
0.530206
0.0975061
0.794833
0.721246
0.89506
1.16797
0.934002
0.579088
1.31811
1.99459
1.56027
0.631633
2.16285
0.307156
2.35598
2.03264
0.272546
0.246726
0.772365
2.19979
0.643228
0.65061
1.14248
0.375707
0.270577
0.311837
0.686466
0.38914
0.17458
0.499365
0.620775
1.68092
2.25767
2.09455
0.756063
0.225546
2.27221
0.05765
0.842859
0.918539
0.894768
0.726887
0.251665
1.01345
0.593904
1.14826
0.818419
1.57831
4.11255
0.626724
1.48324
1.39339
0.505259
0.99899
0.816163
1.09467
0.401103
0.423514
0.425175
0.174422
0.448232
0.601996
1.91015
0.589519
1.27702
1.04973
0.547076
0.917848
1.19919
3.49646
0.406061
1.1075
1.21866
0.718734
0.601399
1.23463
0.623604
1.30879
0.242994
0.72528
2.03469
0.254085
0.714483
2.9347
2.49764
3.06928
0.269282
2.73064
0.32867
1.27785
2.1967
1.00576
1.16637
0.16359
1.15136
1.45432
0.062618
0.666637
0.381714
2.22991
1.43251
1.14706
1.00732
1.96105
0.775042
1.17585
3.51146
0.616214
1.22911
0.583069
0.563112
0.634976
0.533684
1.00389
0.323694
0.440908
1.15311
1.5628
0.685443
1.67859
0.597168
2.00511
1.57477
1.79774
1.1031
0.740807
0.630945
1.14861
0.783673
0.629978
0.229591
1.13374
0.460119
1.60347
0.992306
0.664584
0.500202
0.103591
3.04866
1.95854
1.18145
1.39033
0.480398
0.810723
0.883279
1.04283
0.186948
3.84171
0.589318
1.50234
1.33212
1.26778
0.70808
1.46055
0.495335
2.38775
0.646146
0.776938
1.19431
0.611449
0.691468
1.01014
0.984289
0.995881
0.66478
1.56932
3.07647
1.36849
1.22385
1.57043
2.58878
1.41716
1.09034
0.788387
0.748381
0.295581
2.79517
0.823076
0.0954462
0.821389
0.776612
1.48136
0.412703
2.11313
0.849246
1.1501
0.377497
1.05258
2.30749
0.519191
0.337448
1.11753
1.37395
0.632003
0.927242
0.234415
0.831897
0.285405
1.13302
0.556106
0.599936
0.974024
0.761007
0.103235
1.06801
0.271905
0.598306
0.755035
0.14291
1.52148
0.917483
0.616695
1.21868
1.32732
0.551188
0.243682
0.531198
1.05226
1.673
1.04012
3.43899
1.58192
0.512744
1.00967
0.698595
0.544163
1.05731
0.31977
1.15005
0.57472
2.05056
2.23795
0.997383
0.931316
0.981002
1.91857
1.19194
0.288429
0.862954
0.240501
2.52158
0.945787
0.660382
0.781658
0.726206
0.165226
0.770102
0.218006
0.996823
0.775812
0.133059
0.700374
0.888786
0.417024
0.336219
3.18304
0.607273
0.0957924
1.86626
1.1232
1.07736
0.37538
0.861777
1.48924
0.62169
0.599462
1.47557
0.454548
0.855379
1.80065
0.42409
1.31191
1.16814
0.892596
0.813191
1.87471
1.25379
1.00568
0.515603
0.963529
1.98624
4.84424
0.561108
1.07085
1.47645
0.0776136
1.43708
0.0967815
0.139932
0.498663
1.16835
2.19143
1.27189
0.883981
1.47847
0.501442
0.370676
1.47335
0.734022
0.854855
2.17686
0.820414
0.331795
0.403595
0.553263
1.41008
1.10745
0.632311
1.27012
0.240644
1.17312
1.15969
0.760334
0.677715
0.270974
1.51402
0.688775
1.59521
1.8252
0.377487
2.04944
0.142136
1.02892
0.370731
1.52278
0.196138
0.472862
0.840782
1.4574
1.3365
1.24401
1.97566
0.0581404
0.694776
0.0362215
1.05172
2.16502
1.0022
1.12777
1.11562
1.28137
1.91118
0.664252
2.28386
1.58496
0.660505
1.00343
2.1168
0.570345
0.375912
1.33747
0.8175
0.343665
0.370601
1.46719
0.454496
0.109189
1.11778
2.1313
1.7997
1.08476
0.982938
0.765671
1.02634
1.59391
1.82635
0.150339
0.721424
0.353173
1.7374
0.622494
0.433924
0.368007
1.02205
1.98217
1.97923
0.743108
1.1901
2.3521
1.10889
1.72572
0.437864
0.889093
1.3325
0.47321
0.99766
0.16196
2.28978
2.37446
0.79874
0.477098
0.534767
1.49954
0.422924
1.44612
1.64461
0.847938
1.05564
2.00591
0.594693
0.898891
0.109708
0.258607
2.27627
0.48132
0.117477
3.1496
0.660508
0.83139
0.587639
0.50531
1.01026
0.792854
0.435313
2.02383
1.42527
1.13296
0.190273
0.660788
0.846671
0.218802
1.14962
3.1954
0.482789
0.779436
0.502266
0.289118
0.512874
0.788011
1.7313
0.540962
0.93071
1.84904
0.946382
0.167655
1.43144
0.610863
0.534482
1.74423
1.15461
2.15804
0.684032
0.328119
0.227237
0.408486
0.915775
0.923162
0.820444
1.35683
0.15981
0.603916
2.02926
0.145391
0.780078
0.42789
0.929947
1.08344
1.08136
0.943138
1.1532
0.111361
0.521382
0.700797
0.714314
0.738328
0.243314
1.03085
0.923353
0.785473
0.395695
0.706558
0.865671
2.31578
0.865144
0.290532
0.523038
1.43509
0.873183
0.717582
0.493951
0.667227
0.594242
1.65934
0.886419
1.65946
0.538387
1.31255
0.670359
0.770249
1.07179
1.07229
0.266401
1.90396
1.01979
0.312128
0.417437
0.580118
0.459331
2.04858
0.553141
1.10355
2.10221
0.623949
1.47109
2.48338
1.31402
0.253824
1.2971
0.0600618
2.59684
3.82524
1.98601
1.20879
1.08997
0.433965
3.25057
0.464122
0.740624
0.242905
1.40542
2.07449
0.542022
0.0498952
1.07717
1.14109
2.89033
2.04384
1.05196
0.166229
0.532006
0.402938
0.25807
0.303883
0.674613
0.337677
1.49705
0.118863
1.67412
1.04006
0.319732
0.809344
1.18558
1.41234
0.141371
2.10899
2.67595
1.52124
0.329439
0.353964
1.81729
0.404218
5.35328
1.1373
1.17076
0.451258
0.378619
1.84631
0.897791
2.08194
0.887657
1.55016
0.580957
0.547422
1.40559
0.736616
0.46151
3.6407
3.83785
0.820795
1.10309
0.356209
0.617894
1.31056
0.233576
0.257099
0.328105
1.47543
0.318828
1.08163
0.487097
0.928439
0.222721
0.92062
0.313738
0.626522
0.829021
0.742893
0.239922
2.50986
1.08286
0.886508
1.67878
1.28041
0.148352
0.100836
1.13463
1.6917
1.28905
0.91315
0.0924727
0.779469
0.755551
2.09587
0.317408
2.45977
1.3894
0.910222
0.851721
0.857974
0.952158
1.33327
1.03335
0.698286
0.254319
0.438224
0.257903
1.02448
4.4897
1.5566
0.354977
1.78428
0.608855
0.225288
0.830768
1.96149
0.906952
1.84257
1.72139
1.00581
2.16853
1.785
0.676371
1.72584
1.2214
0.229074
0.14979
1.55064
0.261815
0.234415
2.83099
0.669239
0.91486
0.552422
0.170451
0.42538
2.94422
2.14376
0.369096
0.420958
2.28188
0.266284
0.552084
2.36846
2.52026
0.157781
0.333125
0.121093
0.0959678
1.21579
0.840711
0.494245
0.315403
0.707118
0.349967
0.609509
0.0911009
0.761393
0.536657
0.775665
0.162502
0.625066
0.697921
0.973388
1.50084
0.194802
0.32282
0.736477
0.813378
0.403485
1.59107
1.16234
1.9006
0.244516
0.955
1.17958
0.460503
0.743405
0.0412155
1.34238
1.29252
0.71828
2.52094
1.03896
0.215002
0.684407
0.646402
1.46298
0.376955
1.09703
0.40586
0.739735
0.559728
1.16519
0.450871
0.644841
0.965801
0.719548
1.27841
0.619949
0.278211
0.233202
1.04368
1.75791
0.664805
3.55303
0.0486524
1.71409
0.237107
0.198921
0.898713
0.189458
1.11201
0.211077
1.30693
2.66674
1.62662
1.03117
0.517795
0.364769
1.52596
0.196992
2.96282
0.972592
0.525971
0.202239
0.871698
0.29491
1.44638
0.647465
2.42648
3.40748
0.426558
1.19084
0.93665
0.599791
0.784141
0.833063
1.05234
0.768627
0.790481
0.459726
1.55804
0.524162
1.23904
0.708325
0.360968
0.763308
2.13091
0.358542
0.37612
0.871481
1.45594
0.282687
0.132093
0.359953
1.93467
0.152607
0.280691
1.02805
1.98546
1.01417
0.0386826
0.918229
0.269926
1.32427
0.962191
0.381805
0.776956
0.720141
1.55088
0.635956
0.189793
1.88479
1.55972
0.13403
0.642898
0.890283
1.32652
0.622165
0.904772
0.545958
0.431377
1.43423
0.838156
0.366282
0.608628
0.20136
0.909163
0.557337
0.136939
0.652109
0.151279
1.8905
0.591205
0.561134
1.51811
0.902589
1.20738
0.814031
0.0757651
0.8974
0.342879
0.31289
0.568408
1.92379
1.57095
2.48309
1.62358
0.58463
0.347288
0.940488
2.51069
2.07669
0.221046
0.880299
1.87673
0.159428
0.457833
0.577704
0.582447
2.01892
2.58316
1.67465
4.25871
0.89237
1.65835
0.905489
0.397615
0.255225
0.512527
0.893722
0.180667
1.2916
0.246041
1.06426
0.908293
0.736687
0.704093
0.680755
0.913463
1.4678
2.36699
1.78919
0.563028
0.0558869
0.698057
0.732371
0.604828
0.298452
1.55567
0.494609
1.11254
3.68413
0.0950285
0.704049
0.19054
1.32085
1.76115
0.740923
0.240676
0.336207
0.478572
0.75735
0.53566
2.38297
0.369258
0.851502
0.530632
1.20429
3.42785
1.05102
0.615745
0.542577
0.60472
0.132015
2.02786
1.47748
1.52626
0.582221
0.814714
0.342419
0.803053
1.04076
0.271173
0.315906
1.83605
1.76214
1.44329
1.50558
0.28652
0.333905
1.38197
0.939457
0.132237
0.838989
0.163201
0.938801
0.845651
3.00979
1.0277
1.73641
0.543136
1.48904
0.789833
1.23223
0.87814
1.96361
0.647473
0.971071
1.25876
0.39716
1.6708
2.28126
1.02901
1.91847
1.25449
0.980931
0.996801
0.720654
0.124067
0.343623
1.99249
0.745679
0.20244
0.70164
0.764287
0.697336
2.3007
1.46879
0.111258
1.75284
1.52302
0.83412
0.448133
1.84778
2.40369
0.985558
1.72434
1.96096
0.429052
1.6818
1.95541
0.441583
0.708631
0.760804
0.263995
1.37095
1.40238
0.192587
1.22046
0.663906
0.2947
1.01761
0.706206
1.73093
1.65802
0.162187
1.32179
0.192184
1.70044
0.88966
2.26376
1.81937
0.392224
0.288407
0.902475
0.582133
0.37088
1.3887
0.41733
0.555193
2.14025
0.526063
0.493203
0.291425
0.0950947
0.0834719
0.196899
0.699859
2.54459
1.49559
0.778628
1.00205
0.591944
1.38175
0.474219
0.374685
1.01549
0.557711
1.7016
2.16687
1.18263
1.31799
1.22324
1.67583
2.361
2.255
0.844987
1.01517
0.25431
2.06534
1.57915
1.84207
0.441779
1.41265
0.881481
0.607748
1.63374
0.193207
0.617608
0.694528
0.839038
1.22948
0.500426
1.60923
0.645083
0.698347
1.26095
0.876976
0.346981
0.57884
0.605378
1.2346
2.90288
1.28955
2.00795
0.816316
0.105613
0.106463
0.269186
1.78306
0.261694
2.13032
0.127709
1.9244
1.48982
2.56687
0.799284
1.34301
0.817662
1.0353
0.0717299
0.285679
0.514655
1.29638
2.96959
1.06348
1.59366
0.58602
0.336054
0.38919
3.18996
0.473778
0.432852
0.590438
1.87716
0.0279926
2.98986
0.229415
0.369335
0.392443
0.0630882
1.35653
0.367447
1.97205
0.745039
1.22324
1.45819
1.67585
0.336567
1.78164
1.55511
0.418855
0.896578
1.23741
0.495142
1.3107
1.23269
2.70333
1.1926
1.35512
0.212784
1.82281
1.33458
0.679268
0.915234
0.69355
1.04951
0.133608
0.604721
0.874408
0.514906
1.75626
1.69424
0.839804
0.31464
0.836493
0.305713
2.4456
1.91909
2.23226
0.60771
1.05483
3.44144
0.631678
0.204436
1.90803
0.899997
2.76446
2.58806
0.31414
0.45852
0.591268
0.805718
4.192
1.61675
1.76537
1.43499
0.303224
0.175342
0.251571
0.524278
0.149846
1.06662
0.841834
0.972687
0.814516
1.35976
0.651024
0.962207
1.60488
1.26587
0.78523
0.830036
0.300852
1.29844
0.424665
1.72335
1.55228
1.0199
0.189932
1.21515
0.838126
0.470495
0.2201
0.583469
0.873929
0.498614
0.92225
0.439333
2.54463
0.257104
0.894262
0.792477
0.253636
0.194666
2.52244
1.41204
0.431156
3.35131
0.816539
0.377833
0.850559
2.28196
1.41607
0.157681
0.480843
1.50767
0.764665
0.427997
0.18179
1.75965
0.884587
0.541017
0.349164
0.338891
1.58368
0.734287
1.85288
0.645424
0.803869
0.434519
1.23504
2.63898
1.8789
0.247582
0.376073
0.708984
0.571373
0.312118
0.555222
0.497332
0.50226
0.250544
2.5023
0.324443
0.807774
1.80647
1.32141
0.943071
0.446481
1.07904
2.33361
2.0793
0.289877
0.106828
0.95258
1.00897
0.879597
1.08032
0.635376
1.30025
2.75054
0.136385
1.1368
0.640368
0.370165
0.676195
1.32997
1.96258
0.829733
0.57444
0.988401
0.298133
2.43136
0.611587
2.54201
1.97445
1.59156
0.504174
0.5159
0.644252
1.09363
0.939806
0.457162
2.65902
1.7968
0.559109
0.783482
0.857614
0.55247
0.0939787
0.485546
1.10226
0.778545
0.231359
0.297955
0.360002
1.07585
0.108021
0.599151
0.330648
1.55444
0.484676
1.02279
1.93228
0.239829
1.44235
1.02273
0.467966
0.878333
1.41902
1.36005
2.69999
0.966453
1.43796
0.453163
1.52847
1.16915
0.95817
1.01447
0.573626
1.10636
0.28971
0.134326
0.190227
0.329603
0.908481
0.119162
0.938022
1.05783
2.05362
0.695826
0.288361
0.469172
0.698247
0.879665
0.822525
0.32557
0.300012
0.760352
0.367293
2.70075
1.34421
1.07741
0.458899
0.99869
0.45228
0.307816
0.770943
1.62504
1.04669
0.946729
0.190728
0.561532
0.716412
1.12175
1.2662
0.947264
2.38669
1.1831
0.89236
0.459409
1.70371
0.624219
1.44897
0.445692
0.689278
0.507467
1.10759
1.18063
1.44375
1.56132
0.880948
0.77244
0.973191
1.38149
0.687757
0.439675
1.12042
0.338556
1.16901
1.29059
0.359787
2.95065
1.29393
0.294636
0.783968
0.0533452
0.925333
0.948693
0.362113
1.37663
0.672371
1.58095
0.145853
2.11385
0.432651
1.3826
1.13808
0.683265
3.16393
1.03283
1.40362
0.506586
0.857265
2.21253
1.33596
0.257124
0.163298
0.508347
1.01232
0.724376
0.27164
1.17242
1.55127
1.49312
0.400978
0.338542
1.06407
0.373772
0.856047
0.755071
0.564274
0.57156
0.782043
0.713128
2.17859
0.580989
1.69917
0.653748
0.629831
0.811552
0.235311
1.87766
0.965261
1.42615
2.24231
1.09691
1.36353
0.593836
1.54514
1.77357
0.407839
1.52053
2.59144
1.72862
0.403043
1.04134
1.03308
2.57091
1.35238
0.341023
2.37746
1.51153
0.549692
1.46082
1.51122
1.89007
1.50871
1.70154
2.06081
0.315622
1.65351
0.784343
0.268075
1.04445
0.0984283
1.08931
1.98331
1.78729
0.36813
0.784039
0.616794
0.385947
0.736544
0.565036
0.82934
1.13645
0.558225
1.42435
0.462728
0.356229
1.16796
1.51216
2.98877
4.42974
1.35303
0.740969
0.386199
0.808604
1.72916
0.895227
0.548684
1.27655
4.25692
0.573525
1.42087
2.14367
1.4001
0.170579
0.723009
0.628682
0.773358
1.03814
0.577758
0.666451
1.07194
1.88355
1.87967
1.3062
1.90012
1.6843
0.966231
0.934191
0.354041
0.281111
0.480878
0.0963514
0.825964
1.61419
0.0712778
1.04814
0.951816
0.0987977
1.40966
1.55873
0.316409
0.181169
0.39049
1.38617
0.427815
1.30258
0.0866129
0.77481
0.27937
3.92225
0.261136
1.73008
0.549065
0.849706
1.59973
0.69459
0.627809
3.30314
0.784721
0.364846
0.215072
0.539162
0.666118
1.02326
1.17034
0.595372
1.8368
0.31114
0.488145
1.28487
1.15944
1.45655
4.05621
0.73266
0.528152
3.4562
0.403402
2.72592
2.27156
0.597014
1.86652
0.456824
0.76579
0.463761
0.670208
0.908589
1.08905
0.549662
0.40414
0.565503
1.61249
1.15305
0.201896
0.810986
2.49451
0.438987
0.429976
0.999272
0.567372
2.51081
0.46503
0.786318
1.18885
0.343229
0.744812
1.24491
0.26331
1.35628
0.788788
1.6019
1.59911
1.43201
0.544861
0.892043
0.802049
0.205781
1.28951
0.307751
0.720159
2.33112
0.596364
0.142268
1.61553
0.620744
0.887945
1.2033
0.408619
1.48595
0.971621
1.02041
1.79663
0.678821
0.312739
0.908664
0.52444
0.817892
1.48665
0.97007
0.430208
0.362188
1.07411
0.814667
0.94872
1.56734
0.199538
2.34104
0.903888
0.924475
0.604733
0.983635
0.303725
1.13071
0.331411
0.515658
0.353411
1.18924
0.144258
0.393911
1.99686
1.37213
0.835485
0.549644
0.0696484
1.12504
0.344952
1.9895
1.13381
0.477433
1.52486
0.631747
0.588592
1.26473
0.271823
2.55635
0.650055
1.13007
1.4184
0.765136
0.674161
0.621036
0.0447356
1.42108
0.384759
0.638396
1.80201
0.295459
1.67567
1.82899
1.77413
0.746097
0.341189
0.763327
0.794784
0.551569
0.651331
1.97117
1.26764
0.826181
1.31139
0.608722
0.955631
0.907028
2.17405
1.24503
1.99889
0.758889
0.688736
0.980842
1.30655
1.29645
0.8393
0.15531
1.9707
0.79383
0.328924
1.24862
1.02924
1.55753
0.719206
1.21497
0.611657
0.533962
0.704391
0.102964
1.03913
1.92069
1.90441
1.18329
0.454077
0.717393
1.15624
4.28448
1.0109
0.232382
1.28943
1.28069
0.415143
0.703658
1.02968
1.55847
0.839911
0.983922
0.149393
2.41681
1.41327
0.0940955
0.502251
0.755595
1.10208
0.24665
2.31608
0.152111
1.62767
0.120932
0.713141
2.39194
0.261677
0.938934
0.100113
0.949644
0.745942
1.30256
0.592078
1.05608
1.19861
0.430435
1.32111
0.707697
1.80948
0.687479
0.820729
0.358425
0.853854
0.22761
3.51222
2.7596
1.0345
0.493496
0.778406
0.971708
0.339657
0.973145
0.763361
2.04687
1.03764
0.401255
0.716067
2.48493
1.12967
1.17581
1.8669
1.24096
0.49921
0.657874
1.61568
0.6131
0.650683
1.20202
0.599514
0.827248
0.54059
0.527197
0.295362
0.601275
1.75837
0.399599
0.335212
0.714329
1.01138
1.39773
2.00895
0.475465
2.21728
2.38386
0.883206
0.45389
2.0121
0.22494
0.836666
0.0437463
1.13673
1.47233
1.49063
0.341076
0.844451
0.363771
0.709895
0.726433
1.15465
0.180222
2.08939
2.30318
0.785015
0.389412
0.21522
4.01105
1.19286
1.071
0.285836
0.532323
1.21162
0.578182
2.00367
0.737972
0.344069
1.17568
0.370657
1.69752
1.6145
2.14443
0.283208
0.505782
0.971135
0.559368
0.117432
0.299567
0.235073
0.547721
0.126994
0.786558
0.973089
2.23435
1.90957
1.6874
0.510322
0.985099
1.13281
0.738133
0.186307
0.369277
0.537302
1.45056
0.914775
0.0600408
2.35657
0.239804
0.452754
0.419905
1.26643
1.79447
0.506358
0.895522
0.711576
1.19479
1.4048
0.877493
0.831674
0.958802
0.687502
1.3733
1.1019
0.413047
1.17908
0.393814
0.747964
1.54413
1.26111
0.397968
0.540593
1.09397
1.42337
0.263067
0.244891
2.97219
0.724051
0.046398
1.54769
0.166813
2.28844
1.30369
0.350372
0.216931
1.11849
0.762545
0.895741
1.37489
2.7962
0.306319
1.58711
0.641818
1.38452
1.54729
3.13419
0.798882
0.895732
1.1353
0.838675
0.501671
1.40257
0.915019
1.30435
2.4139
1.10419
2.04526
0.974734
0.724088
1.20992
1.0806
1.128
3.16891
1.20481
2.10881
1.33444
0.926458
0.167264
0.469943
1.86962
0.787628
1.6924
0.821995
0.631547
2.29254
1.25828
0.478344
0.0759041
0.171649
0.371854
1.47761
2.06582
0.354029
2.99414
0.298526
0.873613
1.54634
1.56615
0.718222
0.677446
1.04033
1.55979
0.858544
0.166149
0.355891
2.25418
0.601333
2.09065
0.928307
0.389655
0.747055
0.817639
0.139112
0.857415
0.434594
0.72051
0.703223
0.842032
0.588686
0.880599
0.36838
0.581379
0.250709
1.82633
1.80202
0.691574
0.413366
0.597114
0.52028
0.818331
0.749553
0.640059
0.822851
0.997832
0.249887
0.749693
0.89904
0.880285
1.03111
0.353776
1.65392
1.71755
1.81586
1.42175
1.00117
1.96133
1.22847
0.686383
2.22187
1.9074
1.61045
0.835195
0.510363
0.869734
0.874696
0.837823
1.71869
0.530799
0.849863
0.610694
1.74761
0.33754
0.66932
1.20532
0.114058
0.961184
0.459232
0.890257
1.43078
0.54933
0.597028
0.719238
1.05953
1.10671
1.54542
0.456299
0.552577
1.0479
1.29538
0.494274
0.79623
1.6225
0.334277
0.898026
0.678305
3.23528
0.287451
1.93752
1.46864
0.365289
0.637617
0.737864
0.74332
0.830058
0.761965
1.06667
1.79853
1.04217
0.692367
0.78547
1.66272
0.654777
0.533804
1.73064
0.273866
0.369674
0.172216
1.94738
0.625891
1.16008
1.10587
0.37429
4.24897
1.4592
0.984546
0.212547
1.73328
0.723886
2.60169
0.975287
0.474628
0.302055
0.700802
1.02099
0.803316
2.11408
0.834965
1.54079
0.782042
0.248261
0.97964
0.733535
1.03849
0.391509
0.627697
1.54023
0.185485
0.342238
0.564657
0.234681
1.13332
0.702525
3.51221
0.510931
1.17022
0.118104
0.220403
0.146798
1.33215
0.895609
2.24863
1.52664
1.04543
0.219354
1.44771
0.387719
0.678885
1.40036
1.36212
0.710106
2.80287
0.983786
1.35898
1.59731
1.31827
0.948594
0.802545
0.799088
0.338481
0.520781
0.256077
0.571784
0.518227
0.699377
0.347654
0.91889
1.2617
1.43777
0.753016
0.81652
0.611432
2.68501
0.617511
0.449917
0.876934
1.51431
0.804156
1.12719
1.41076
0.917927
0.618934
0.535889
0.185852
1.74361
1.77778
0.509373
0.777737
0.205532
0.0528091
3.39835
2.15041
2.14711
0.534146
0.865317
1.09103
0.283587
0.220079
0.663874
0.637413
0.671903
4.05937
2.82252
0.278844
2.08706
1.77842
1.88265
0.6199
0.874937
0.598778
0.391132
1.21141
0.14961
1.62018
0.327998
0.429133
0.11935
1.67926
0.599084
0.0831925
2.28536
1.16511
0.329446
0.758611
0.283475
1.37603
0.778534
0.704606
1.35596
0.685101
1.93095
1.05354
0.465054
0.330101
0.529678
1.40626
1.29918
0.908201
0.713951
1.00118
1.03055
0.14187
1.69634
1.01725
0.346633
0.91714
0.534748
0.0966186
0.262527
0.818679
0.99288
1.07747
0.595035
0.614633
0.368618
0.956576
0.346726
0.163006
0.438706
0.43017
0.226792
0.979435
0.851088
1.18763
0.409942
0.312298
0.487358
3.46795
0.871271
0.367162
1.61785
1.22262
0.56993
0.80436
0.420458
0.383802
0.413749
1.3021
1.10031
1.83194
1.18291
1.7127
1.78727
0.448061
1.75282
0.455437
1.424
0.535139
0.657074
1.07353
2.01114
1.93288
0.363346
1.14455
0.390899
2.0352
0.15901
1.43137
1.16952
0.765409
2.04243
0.058123
1.05275
0.855276
1.18737
1.56108
0.31032
0.43734
0.202086
0.541268
2.51587
0.232277
0.541525
0.588394
0.727778
1.21904
0.325905
0.403025
0.596055
2.43307
1.82347
1.23445
0.175752
0.576251
0.740473
1.07395
0.916749
1.4809
0.445037
1.8707
1.07497
0.484428
0.705621
0.322968
1.4605
1.13046
2.65283
0.805563
2.93802
0.268545
0.395695
0.254
1.33608
2.56682
0.484747
0.549463
0.253328
1.73863
0.793628
0.0584475
0.838253
0.954627
1.26084
0.555965
0.370074
2.26605
0.633805
0.800959
0.148876
0.176543
1.40692
1.5559
0.395283
1.38005
0.83879
1.20705
0.0352209
2.27996
0.560398
1.86679
0.974953
0.354829
1.87373
3.76057
1.06513
0.897627
0.59794
0.77028
0.328078
1.47444
0.883539
0.695284
0.468852
0.41344
0.336638
0.255205
0.953894
0.70067
1.65119
1.22804
0.484212
1.71047
2.01558
1.15925
1.43881
0.315226
1.24056
0.500121
0.412489
1.84764
1.12391
0.988335
0.449932
0.944774
1.3913
0.228739
1.6738
0.188204
0.970391
0.0775483
0.189639
1.57756
0.91437
1.12185
1.2443
0.403766
1.40015
0.950617
1.28088
1.94567
1.81234
0.478381
1.10974
0.441432
0.207555
2.13316
0.362024
0.343503
0.318276
2.12281
0.960082
0.152774
0.276503
0.253285
1.37856
0.268736
1.50552
3.14326
0.939588
0.863786
0.285352
0.176668
0.529862
0.351754
1.30988
1.6349
1.00627
1.44626
1.08616
0.815845
1.19023
1.50434
1.80505
0.651292
0.393654
0.482512
0.345692
1.02445
0.606097
2.10892
1.12777
0.348942
0.850573
1.76263
1.28987
1.0707
0.643282
0.921025
0.378658
1.61453
1.85065
1.79663
0.633031
1.20571
1.06475
1.09777
0.108447
0.40543
0.61387
0.685123
1.77719
1.10127
0.857817
0.599125
1.34633
0.291871
2.0123
0.552129
0.22353
0.561528
1.92328
2.5042
0.451993
1.22729
0.587332
1.08234
0.902665
3.05611
0.629055
1.797
0.980248
0.424454
0.913692
1.37002
0.496392
2.85954
1.26298
0.5029
0.590437
1.2536
0.235724
0.7886
0.809994
0.64225
2.47776
2.94876
0.945111
1.41022
3.17516
0.732201
1.28636
1.20537
1.69879
0.687507
0.443569
0.263749
0.663347
0.191054
0.572928
2.44736
2.00649
0.53843
0.808762
0.569577
3.04001
0.807015
1.1102
0.648627
2.55883
0.760311
1.51734
1.06393
3.32034
1.72451
1.01127
1.16198
0.440094
1.14261
1.03397
1.26313
0.142244
0.350551
0.670484
1.32498
0.700614
1.01718
2.13276
0.962054
0.748039
1.16754
0.291719
0.833592
1.1167
0.783016
0.176069
0.573063
0.436531
0.298352
0.850247
1.7458
1.01255
0.805135
1.29698
0.198804
0.360753
1.3343
0.610719
1.98679
0.0589089
3.15133
0.147343
0.101172
0.986051
1.03004
0.245912
1.20086
1.05672
1.36058
1.04786
0.964127
1.55137
0.934716
3.79663
0.412421
0.552787
0.6668
0.228843
1.09003
0.14848
0.98796
2.23095
0.51863
1.10076
0.854332
2.78277
0.470516
0.342564
1.19331
0.931399
1.02084
1.70945
0.745642
0.277737
2.91056
0.238881
0.69327
3.31207
2.12827
0.578498
0.47524
1.28586
1.32429
0.35591
0.457159
0.851032
0.18983
1.28608
0.233031
0.147368
1.40317
2.15452
0.639586
0.152885
1.73964
1.50082
0.716581
0.231184
1.83326
1.93733
1.48822
0.517564
0.246356
1.64941
2.74879
0.638729
0.122508
2.08373
1.07492
3.74991
1.71732
0.566455
0.25359
1.30724
2.11668
1.44009
0.333831
0.668459
0.252353
1.45213
2.79089
0.987745
0.710312
0.520491
4.74407
1.48486
1.49577
2.19561
0.959657
2.41726
0.16249
0.555125
0.231254
0.425068
1.38003
2.76386
0.676303
0.502662
0.622332
0.65981
2.03839
0.917271
0.36928
0.824718
1.38144
0.449538
0.600124
0.340756
0.755699
0.941164
1.48262
1.32188
1.86929
0.89411
2.29089
1.24963
1.16867
1.14469
0.813247
0.550382
0.559569
0.917699
1.39299
0.209064
1.21602
0.123913
0.339771
2.50069
0.504364
2.32117
0.397395
0.654573
1.5759
2.09386
0.506077
0.341203
0.682118
2.03402
0.568777
1.11137
0.999691
0.922265
0.18857
0.0920525
2.47562
2.16489
0.250876
1.30179
1.15141
1.06367
1.77138
0.263072
2.23385
1.98827
1.77495
0.855885
0.507437
2.77251
0.904162
1.61812
0.030607
0.727268
1.33711
0.370672
3.27958
0.25513
0.377505
0.827531
0.386567
1.73296
1.03451
0.691077
3.08684
0.293887
1.09752
0.602282
1.17271
1.85624
1.55968
2.53536
1.12128
1.02958
0.84848
0.884498
0.549849
1.2044
1.98855
1.12325
0.944633
0.641798
0.333019
0.590227
0.107928
2.7851
1.42538
1.11777
0.693459
0.542228
0.506623
2.11961
0.910207
0.548178
0.13586
0.508274
2.74533
0.369628
0.915157
0.685543
0.312024
0.357333
0.345625
0.8187
0.918456
0.543665
0.527116
1.37941
0.338686
0.861619
1.20032
0.23838
0.155163
0.217347
1.17178
0.527252
0.901534
0.347747
0.867172
1.84571
2.17966
0.172811
1.1829
1.61322
0.298975
0.603181
0.769078
2.45812
0.813922
1.29875
1.04212
1.63889
0.902166
0.076025
0.65453
0.664526
0.538857
1.12969
0.082547
0.904101
0.502015
0.627741
1.85601
1.5119
0.731552
0.393762
0.673985
0.908288
0.680193
2.56319
0.248082
1.37127
1.12522
2.26142
0.766596
1.38456
0.371494
0.730838
0.704418
0.49574
1.57999
1.30226
1.37424
0.173709
0.355458
1.20986
1.40903
0.635142
0.982611
1.00539
0.621996
0.987268
0.51196
1.60288
0.461568
1.1916
1.47799
0.531296
0.480819
1.21432
1.34115
0.719087
1.59597
0.941969
1.19375
0.272571
0.904208
1.82388
1.57424
1.29571
0.268125
2.33938
0.688266
1.5161
0.771862
0.286338
1.52398
2.31452
0.942619
0.811605
0.896015
0.867809
0.861568
0.58526
0.415285
1.55708
1.08053
1.49602
1.94466
0.295605
0.642515
0.336381
1.76009
1.06573
0.11785
0.151934
3.29741
0.467822
1.10852
1.01747
0.303506
1.00053
1.61984
2.91015
0.709649
1.86104
1.41318
0.533201
0.799154
1.11302
0.540022
1.58436
0.30753
0.810182
1.74072
0.37113
0.648257
1.06111
0.653604
0.582836
0.589119
2.56883
1.16099
1.40988
1.63609
0.81298
0.0353014
0.996855
1.29323
0.302447
2.07988
2.43168
0.253342
0.412709
1.53878
0.337105
0.362029
1.48918
0.943455
0.446622
0.264469
1.62598
0.493338
1.08053
1.57793
1.02983
0.0619714
0.0860355
3.377
0.880447
0.269344
0.307308
0.408699
0.311119
1.47473
1.56855
0.792336
1.76678
0.549902
1.35326
0.494485
0.991853
0.748979
0.675383
1.09327
0.400677
0.600907
1.47539
0.873827
0.776261
0.624881
0.0887972
0.172925
0.921615
0.720858
0.947408
0.451159
1.26781
0.719995
0.0834225
0.747346
3.73332
1.38763
2.12266
0.745998
1.39466
0.539784
0.891661
0.658002
0.624898
0.750604
1.907
0.408042
0.626399
1.59556
2.10405
0.923602
2.58989
0.729038
1.50062
0.799786
0.844522
1.99805
1.67986
0.767683
0.219589
4.45905
0.694874
0.821787
1.02024
1.48094
2.60179
0.306076
2.17089
0.465812
0.955587
2.46561
0.222924
1.04295
0.801539
1.17641
0.22038
0.366412
1.21351
1.16243
1.44079
0.94882
0.18705
0.949267
2.60675
1.04829
2.02074
0.129276
0.238777
0.87754
0.323936
0.81806
1.5369
1.0385
1.73588
0.315436
1.49334
0.175976
1.12159
1.2772
1.91114
1.13152
0.228567
0.258163
0.726965
0.60927
1.47249
2.57455
1.48558
0.527908
0.529063
1.04132
1.07768
1.32137
0.710395
0.77258
0.776554
1.26205
0.798806
2.09279
1.66429
0.457077
1.06784
0.701255
1.48962
0.379542
1.31042
0.313578
1.45639
0.343313
0.886959
1.28477
1.39242
0.913606
1.40413
0.159806
1.2108
0.609136
1.53429
0.473985
0.292962
1.01459
1.83017
2.62534
1.45204
0.48958
0.631041
0.0240782
1.23028
1.10137
0.705644
1.92832
1.10636
0.645943
0.660862
1.42063
1.43891
1.36173
0.240366
0.541109
0.941548
3.00147
0.309914
0.232276
1.317
1.38767
1.42995
2.99426
1.31761
1.10585
0.0588091
3.70649
0.545549
0.864749
0.30008
1.84297
0.873533
1.13537
1.08018
0.377072
1.34311
0.869519
2.80728
0.22044
1.12446
0.853426
0.511941
0.158187
0.554052
0.601282
0.81909
0.490733
1.36151
0.424828
0.474598
1.57495
1.86765
0.299442
1.39922
0.830538
1.26326
1.07336
0.479581
1.82107
0.472942
0.0376119
0.641187
1.81182
0.412272
0.26681
0.187106
1.01645
0.404501
0.831431
1.60646
0.451054
1.23003
0.806776
0.413584
1.51379
0.521037
0.754336
0.135712
1.36906
1.54816
0.406936
1.2316
0.924039
0.38911
1.51833
0.437444
1.95214
0.478206
0.757427
0.917484
0.473182
0.827745
0.098554
0.533261
0.984712
0.566363
0.841604
2.31516
0.462925
1.58153
1.92035
0.423988
0.840239
0.823537
0.760404
1.03067
0.308608
0.998866
0.502183
0.710102
0.345699
1.439
0.860391
2.87465
0.380253
0.717918
1.13016
1.582
1.12231
1.89449
0.0495034
1.24035
0.225286
1.52817
1.68981
0.432635
1.13546
0.885475
0.776286
1.06358
0.304383
0.892029
1.61518
0.489019
1.28443
1.26971
1.65309
1.0187
0.850101
0.174275
0.46148
1.26443
0.445744
0.511591
0.171498
0.91858
0.891988
0.46465
0.60473
1.1805
1.91324
1.71948
0.693759
1.35298
0.57835
0.381614
1.07863
0.033084
0.868002
1.2171
1.08013
0.980602
1.01553
1.39993
0.485878
0.370575
0.8134
0.922998
0.200065
0.547495
0.817614
0.251242
1.00958
0.804203
0.523905
2.0531
0.406668
0.278159
0.337844
0.390331
0.417513
0.0975127
1.1764
0.0998019
1.92214
0.778259
0.259064
2.62184
0.0597529
1.44135
0.715261
0.797527
1.28246
0.209205
2.05618
2.03599
1.49517
0.390154
0.441379
2.09879
0.176258
0.513228
0.5959
0.518489
1.35106
1.34703
1.11729
0.622315
1.88387
0.654981
0.190529
2.38776
0.254623
1.05241
2.1578
0.614167
1.7492
2.70627
1.70601
0.0248447
0.762779
2.25173
0.95477
1.93589
0.684953
0.808492
0.75831
0.523709
0.2986
0.951252
1.30725
1.29408
0.585298
2.39691
1.43396
1.36851
0.22158
0.741577
2.25145
0.762656
0.959254
0.782369
1.92877
0.229012
2.52794
0.374945
0.983958
1.28747
0.182214
1.37047
0.811448
0.644594
0.639402
0.487079
0.440491
0.498551
2.25167
1.68458
1.39358
1.23098
1.31794
0.287167
0.316011
0.724638
0.364165
1.25972
0.401279
0.196347
1.05311
1.68411
2.07976
1.15484
0.094599
0.122915
0.957699
1.16208
0.872784
1.72068
1.28562
1.04798
0.598031
0.449598
1.71645
0.612124
0.668508
0.655185
1.54135
0.726541
1.07683
1.24597
1.52736
1.03209
0.485678
0.505814
0.872366
0.892887
0.47559
1.52296
0.249574
1.15465
1.62152
2.004
1.85769
0.288922
0.560014
0.436085
0.574918
1.26363
0.402234
0.112264
1.6906
1.5329
0.346338
0.586009
0.608334
0.691554
1.18553
0.259794
0.286238
0.242059
1.17603
0.198302
0.0790291
0.0923914
1.24552
1.39133
0.708582
0.306761
1.55422
0.770931
1.01991
0.190119
0.511573
0.114911
0.606914
1.03032
1.78647
1.29699
0.434207
1.14214
0.465464
0.544005
0.180979
2.447
2.06361
0.407796
1.79069
1.27984
1.96197
0.180582
0.734012
0.407293
0.2847
1.29629
1.29477
1.24496
1.99599
0.828617
0.52338
0.139023
0.870345
0.718329
1.24505
1.61378
3.27572
0.795228
1.77222
2.1125
0.254857
0.983109
0.34829
0.203663
0.519475
0.340863
0.152971
0.704226
1.12328
0.101561
1.32715
0.716612
0.453058
0.724549
1.18317
1.20828
0.668268
0.919215
0.715642
1.9877
1.40481
3.01558
0.767196
0.671662
0.44116
0.740201
1.5447
0.187621
1.04369
0.100147
0.154987
2.29941
0.780327
1.79678
0.432566
1.23313
0.523031
0.741355
1.45887
0.0419944
0.198402
1.03295
0.602312
0.319349
1.26791
0.70918
0.997935
0.459244
0.216603
0.716429
0.610329
0.758797
0.515133
1.04266
0.769982
0.391834
1.83591
1.24807
0.431887
1.06435
0.690636
0.471821
1.45912
1.81512
1.0876
0.436615
2.05757
0.892254
0.81921
0.212815
0.26029
0.727547
1.41718
0.18131
1.38277
1.82306
3.49384
0.40059
0.941527
0.60396
1.4344
1.16678
1.87264
0.314394
0.761675
0.895184
0.930704
1.12132
0.666322
0.878402
1.30885
0.350636
0.196909
1.62271
0.846149
1.29061
0.311908
0.600778
0.570382
0.718735
0.48363
0.508159
0.66166
0.404767
0.0851753
0.577972
1.37078
1.50959
1.22722
1.4491
0.473346
1.73588
2.16762
0.133622
0.583747
1.23142
0.368155
0.745926
0.684767
0.725556
1.26477
0.853626
1.26595
2.35972
0.36232
0.445073
0.928448
1.48291
1.14204
0.0937737
0.290465
0.389656
0.723007
0.241573
0.336619
0.599064
0.207483
1.14793
0.6379
0.297924
0.8064
0.742214
1.70793
0.137424
1.40989
0.0729995
1.14547
0.712933
0.690173
0.288105
0.113138
0.36341
0.161825
2.16151
0.613871
0.689723
1.69184
2.19083
1.47968
0.472103
1.82369
1.74207
0.996877
0.651309
2.22548
1.39488
0.369335
1.64821
1.69429
0.584179
0.862389
2.31911
1.02729
0.57326
0.439724
0.645603
1.56304
0.572377
0.731044
0.980512
0.86072
1.55111
0.122284
0.34422
1.7781
0.611661
0.758702
0.785603
0.8758
1.55744
3.74598
0.322867
2.15202
0.430998
0.252778
0.956633
1.45744
0.157717
0.319065
1.13034
0.0714303
0.591584
0.611526
0.496739
0.330112
0.699412
1.00018
0.0537689
0.245606
1.09548
1.77892
2.49788
0.791454
1.20456
0.775041
0.655043
0.297387
0.0214545
0.521505
0.279388
1.84566
0.401612
0.203022
0.944046
2.14523
0.099982
0.760931
1.64374
0.672233
0.769208
0.32168
1.03886
0.689987
1.01311
1.26766
1.92768
1.21826
0.49374
0.302057
0.0905127
1.94763
0.643844
0.665487
2.57112
0.640466
0.653667
1.85953
0.560217
1.23474
0.494246
0.769436
0.61842
1.19681
1.29352
0.833086
0.443928
0.707836
3.4261
0.132311
0.702238
1.49479
0.950512
0.568282
0.339157
3.42246
1.48105
0.206614
0.239977
0.335532
1.02001
2.31468
1.20781
0.626302
1.59457
1.9522
0.918599
0.173943
0.2829
0.954791
3.75175
1.29003
0.350077
0.318244
1.65258
1.72823
1.1604
1.74071
1.09903
0.340002
0.4374
0.250476
1.72842
0.567886
0.859076
0.413074
1.06695
1.78063
0.685067
0.718875
1.86576
0.343603
0.989435
0.597036
0.142522
1.1399
0.862929
0.725957
1.47502
0.451994
1.30952
1.40948
1.39371
2.04374
0.212886
0.755147
1.37974
0.272556
0.540405
0.262303
1.85182
1.36817
0.306856
0.20204
2.28886
0.46989
1.20425
0.29801
2.71449
1.20297
0.937307
0.731097
0.263208
0.16757
1.72998
1.30715
0.992164
1.52428
0.852463
1.24424
1.17187
0.237723
0.495592
0.565667
0.192555
0.316011
1.84799
0.757063
0.447812
0.266688
0.743109
0.946192
0.918797
0.801138
0.564919
0.367708
2.30715
0.763693
1.76645
0.658375
1.73178
1.63151
0.858247
0.834676
1.70538
0.627677
2.62307
0.677774
1.13221
