-0.558099
-0.979903
-5.88697
-1.13844
-1.21455
-489.246
-0.761227
-0.422345
0.34733
-3.7255
-0.728459
0.90128
1.25729
-0.60193
0.792045
1.0008
-0.120288
0.170618
0.0340936
0.54204
-2.81504
1.04877
0.797594
-2.28717
1.29368
-0.407203
0.50249
1.399
0.87647
0.0404722
0.71186
1.58456
1.1658
2.31458
1.84778
2.47407
0.357641
0.511703
-0.383734
1.00114
-0.235057
-18.7786
-1.76547
-0.745076
0.367674
-0.090727
-3.06666
-2.43922
0.433222
-1.03573
1.68508
5.96476
1.55383
1.05193
-0.0556578
0.115999
0.69712
2.81655
-0.975233
-85.7122
53.212
0.707578
4.61947
21.8894
0.696154
-2.54225
-0.736517
0.0436716
-1.45938
1.39907
-0.319004
-12.2272
-1.35358
0.232147
1.0635
21.1727
-0.589166
-3.26092
-3.31167
0.229199
-2.88647
7.18828
0.468652
0.348087
-5.56019
0.0114567
1.09787
4.04914
2.87701
-2.66812
0.307139
-8.48129
1.0205
0.935623
0.10219
2.25536
1.30086
-1.5231
-0.206334
7.55405
1.73322
-0.331367
-0.493598
-0.52199
-4.37198
-0.0485151
-5.48698
1.1489
10.3421
0.464218
-0.214819
-7.74757
-1.82254
-0.193792
4.27423
-0.0459779
0.640275
-0.174652
-3.33513
1.85378
0.780348
0.865002
0.0580774
-0.471607
2.26512
1.08404
-0.956185
13.6716
5.77692
-0.261886
0.551475
-0.89167
0.093085
0.251559
0.22622
-0.347091
0.589466
-0.816952
-2.1106
-0.979356
-0.456727
-1.85441
-0.32883
-5.15698
26.6395
0.705765
-8.25975
-1.57688
1.42765
1.8902
-0.597012
-0.440692
-0.282112
3.59264
-6.55193
-1.40673
-0.704834
-8.98204
1.28154
-0.389169
-0.539699
5.62732
1.67015
-1.86748
-4.4114
0.592935
-2.92547
1.03497
-6.77105
-0.568753
-1.13554
-0.66374
2.05059
1.286
0.532374
0.789446
1.43661
0.50853
-7.50483
0.929642
0.367096
-0.725044
-0.683197
-0.337279
0.029212
-1.26187
0.527568
1.33558
-1.99233
1.4055
-1.51909
0.699084
-8.1117
-0.319807
-1.74286
0.212624
-2.36399
0.365449
-0.495895
0.2534
-0.512893
-2.14613
-109.02
-0.826894
-0.0617601
0.767815
-0.835073
0.213893
-0.629017
0.421633
0.0763904
0.764079
-0.661838
-1.98634
0.343987
1.42064
1.34505
-0.182092
-1.66438
1.78845
3.35877
2.73946
8.27251
4.45552
-0.163416
5.33826
0.601481
1.78138
2.95933
0.830348
-0.157991
-0.331562
1.50867
-0.268987
1.6968
4.55053
-0.553328
0.628049
-6.20564
2.84605
-1.44366
1.73246
-2.01922
2.58542
-0.066712
-0.547785
-0.0541949
15.3646
-0.101023
-0.100971
1.11494
0.523633
-4.42381
4.35667
0.270352
-2.99077
0.562889
-0.014648
-1.09337
1.091
0.762814
30.7127
4.52682
-0.913284
-0.893235
0.0831406
1.64183
0.650424
-0.058116
0.380142
3.12253
-0.415616
0.787459
-2.42903
-0.194721
-0.218235
9.02286
1.37547
1.90126
1.24485
0.748339
-0.326475
-1.07729
-2.30741
-0.775108
0.106961
-2.36463
-2.82282
-0.512519
-0.555809
0.437674
0.627607
-0.510972
0.125966
0.638915
-1.43542
-0.436103
-0.857747
1.20902
-0.313869
-0.650583
-0.940413
-1.21632
1.90736
-3.7259
3.40699
-1.59796
0.294073
-0.505563
-0.477185
-0.601803
4.43979
-0.98424
0.384706
2.30957
-1.7147
-0.666971
-1.28194
0.327257
0.534178
-25.3064
0.0966068
-0.0409393
-1.14677
-0.815582
0.0988431
-3.79997
0.234778
-0.623779
0.226563
2.13919
0.8571
0.164235
1.51684
-0.560641
2.83304
0.0832997
1.09901
-0.0732284
-0.0853688
-11.63
0.00576649
3.13412
-0.561352
-0.901222
-3.55668
0.526712
-0.181752
0.194528
-0.155484
1.66279
-0.274836
0.533052
-2.13443
18.2633
1.29168
1.03983
0.917987
-4.02955
-3.46001
-6.71368
-0.495661
1.01848
0.491106
0.27308
-0.884079
-1.32734
-3.0511
0.784295
2.48655
-0.111783
9.26756
0.598102
6.6217
0.424431
-0.596975
-0.824433
-4.74954
-1.44759
-1.62663
0.0863883
-0.332336
-3.90628
-0.0200385
1.1137
-0.136265
0.722082
2.62043
0.0519399
0.770902
3.0442
-1.15572
-0.62983
0.781812
-0.385393
1.15984
0.785924
-1.51741
-4.96884
7.44072
11.2093
10.3215
-0.781907
0.868561
-0.514761
-5.32285
1.18283
-1.34456
1.88587
3.44467
-7.73122
1.12696
6.28883
0.855123
-0.528855
-12.8739
-0.124223
39.8333
1.79461
2.00704
2.32339
-3.11125
-14.6654
-1.34148
-2.38773
2.41444
-0.186596
-0.0596079
0.787535
3.38774
1.34468
4.63134
1.32166
-0.506678
1.87326
2.5812
-1.63547
1.18661
0.0547416
-0.765702
-3.67341
0.218342
3.50577
0.159793
0.944445
-0.202607
0.198794
0.964777
-2.19116
-2.55612
-0.83187
0.393045
11.1166
0.95821
0.787544
-0.823967
-1.14115
0.602531
-0.97971
16.9933
0.676597
-1.39246
-1.91236
-1.15264
1.19841
-0.411659
-1.66716
-2.55646
0.571194
0.931933
1417.65
-1.78853
0.208527
5.81944
1.59707
0.426273
0.742588
-1.72769
18.9308
-1.56706
0.177711
1.21406
3.09812
0.013766
1.08578
0.362262
13.691
-0.295213
0.0190827
-4.21043
1.43417
-3.16643
17.7971
0.692231
0.559635
0.640154
-0.859941
0.283366
-0.590183
-2.00704
10.1424
1.79673
1.17619
0.564972
1.87593
-3.5727
0.572157
0.607583
-0.207221
-6.20445
0.493878
0.715947
0.943975
1.26357
0.406552
-31.0978
2.29437
1.54066
2.22991
2.30152
1.28038
0.915236
-0.392636
-4.30034
-2.81626
0.505427
0.121928
1.03231
-2.42095
-0.825996
-3.27506
0.851756
-0.596546
0.0169651
7.93215
-0.0909123
0.307595
7.54502
2.3227
-0.662091
0.236279
-0.861773
0.0169388
-0.389102
24.9573
2.92669
-0.145127
-1.36116
1.05018
-0.198138
0.655121
-0.532462
0.328826
2.22008
0.26467
0.0183156
-0.393999
-0.333376
-0.0190095
1.1846
0.349114
2.64075
0.0542833
-7.20584
0.425363
-0.24869
0.990826
-7.39307
-0.10389
-0.659515
0.540715
-0.706831
1.23598
-0.134103
4.58866
-2.97247
-0.371587
0.534503
1.95094
-4.00166
-0.420482
-0.24827
0.545918
0.400233
0.123392
-2.2124
-5.62282
0.0472377
8.13904
1.47533
-6.38889
7.90177
-1.25328
8.15486
0.406472
-0.297044
-0.821052
-0.0400062
-1.03019
-0.0902464
-0.609838
0.560314
-1.41237
-6.01085
0.156855
-0.177843
-16.944
0.729913
-1.30444
0.900889
-0.935857
0.631525
-4.29857
1.67135
14.2191
0.0479872
-1.22092
0.455332
-0.735898
3.28662
-0.391975
0.787559
2.67706
-4.29523
0.750898
-3.7187
1.4299
7.7228
-2.3411
-3.24029
1.01224
-0.0532955
-0.239293
-2.96302
-0.260648
-0.278925
-1.36524
-8.15818
5.91031
-34.3744
-10.9168
-1.07955
-0.439755
-47.4295
-0.034125
-1.74039
0.767122
-1.11557
0.14553
4.14569
-0.990576
0.729807
1.10469
-2.68317
0.998852
0.776571
-0.670319
0.842153
-1.12937
0.842496
2.25724
0.625721
-0.174492
-3.8413
1.33383
0.594974
3.61997
-50.1461
-0.242108
0.247937
1.67872
-1.18573
-3.63556
0.0738253
2.55368
0.626125
-2.27121
-1.77737
0.0405405
2.01386
-4.4674
-19.7884
0.088871
0.952596
-2.75655
-0.0639801
181.81
-1.03649
-1.25639
1.40417
-2.78836e-05
12.8658
-0.033496
-0.876239
-0.147711
21.0538
-0.470944
4.00925
0.2183
-13.6629
-6.38998
1.57858
-4.91343
1.21826
-0.459945
-1.45217
2.13295
0.863716
-0.804894
1.59597
0.776307
0.227635
-0.99569
-0.0757611
-0.451023
-4.41867
0.110306
5.28173
-1.04967
184.179
1.49821
0.676153
-1.35331
-0.686124
2.4649
3.18935
-0.262475
-1.34566
4.75625
-0.630444
-0.325337
-2.15201
0.722411
-18.7221
-1.90245
-68.161
-0.78706
7.51898
-0.426953
-0.179506
-1.74202
0.175767
-1.95959
0.222808
2.10465
6.5711
-5.24363
-0.584334
-0.876806
-0.984013
-1.97364
-6.17374
5.13567
3.13192
0.3149
13.8332
-1.90993
-1.0744
-0.71874
0.318422
0.694797
-4.7989
-0.52524
-0.343975
1.24057
1.4684
0.950421
-28.1292
-0.616618
-1.41934
-0.207471
1.46295
-0.530596
3.84154
0.147426
-2.38169
-0.256938
-1.05586
-0.327025
0.661644
1.48706
0.213102
3.06542
-0.286982
-1.78834
-1.09517
-0.203517
-0.511123
-1.09399
0.303488
-0.358876
1.08941
0.16499
-1.02941
-2.10022
-0.281272
-0.440276
-1.53721
-6.76799
-1.5311
51.7575
0.872218
-3.46246
3.13296
-1.57229
-0.999719
0.806209
0.755719
-0.747505
-0.9666
-1.33509
-0.519538
-2.56663
0.529964
-0.589208
0.17611
-0.00824955
0.655385
3.35546
0.0159795
-0.373692
0.0519629
4.62658
0.122147
13.1752
-0.359164
-31.238
-1.30573
0.0149544
-0.0721955
-2.32006
2.4225
-1.62597
-2.72148
1.06603
-1.85452
-1.1684
1.58843
0.575289
-8.96279
0.192839
0.745619
-2.05211
0.668758
0.0542882
0.569666
-0.519575
-6.85409
0.614188
5.61416
-0.510474
-0.549652
-0.92786
0.126835
-0.222487
-2.1708
-1.00824
-2.9228
0.892512
1.34592
-0.674598
-0.506566
-0.297561
0.470998
-4.42767
1.43859
-1.5209
0.120851
-2.2212
-189.081
-1.43734
-0.161088
1.44471
-0.815424
-0.58977
-0.660452
0.316504
0.102321
0.821265
-0.251275
-1.92764
9.39086
-0.755555
-3.48831
-0.663935
-1.59563
1.04954
18.03
-1.05586
-0.169014
-2.8692
-0.139176
-6.46767
-0.642189
1.65787
-1.1057
0.0341741
-1.06348
59.9823
-3.36433
-9.41503
-0.404572
0.0177294
3.40105
-1.8314
-0.0107786
2.36457
3.23864
-0.602691
-2.21733
-1.46744
-0.709691
-4.01277
2.93141
-0.186381
3.1491
-2.20282
0.751647
-0.477193
2.67164
3.72867
-1.85842
-1.97537
-0.471283
-0.0699869
2.53015
1.02735
24.7216
-0.734543
-0.761833
-2.65029
-1.68972
1.94995
-0.561641
-8.90066
2.97684
0.0791334
-1.88693
1.74615
-0.599563
7.90554
-0.554137
-2.46908
-3.017
-0.295684
-4.61684
-4.07246
0.400277
-0.971283
-2.60229
2.44388
1.69406
0.850718
-0.736601
-0.194746
20.5002
-0.530729
2.33663
-0.760986
2.05414
1.54921
-3.53232
4.42532
0.398014
1.71306
-0.65144
-0.298203
-5.06943
-9.50753
4.03278
0.476713
-2.88987
0.327703
1.10613
-40.0221
0.984956
0.965336
-0.551178
-0.884213
-0.395667
-0.196208
4.34601
-0.554236
-0.804265
-1.27839
-0.516808
0.191888
2.12461
-0.205159
-0.37842
0.202654
-1.11279
-0.279372
0.996801
1.37569
-0.314734
-0.371979
0.763688
-1.14986
-3.14576
0.368154
1.60009
-0.803922
-0.471098
-7.2186
-0.390279
-10.2249
1.75628
-0.774368
-0.976367
-0.661799
0.259221
0.122971
-0.164325
-0.0294263
-0.0851302
-1.67294
-0.552901
4.37606
0.189966
0.269153
4.02164
0.994392
7.2318
0.0627464
-2.52005
-3.78696
0.710592
0.152041
-0.543123
12.4649
-0.0787797
5.30613
0.524687
-0.944794
0.39022
1.17308
0.0345572
-0.238695
0.00954512
0.348397
0.25697
-0.844448
0.0722392
0.300129
-0.339473
-0.255353
4.09579
0.508244
-0.705346
-1.0146
0.0127459
-1.85943
-0.710248
0.124857
-0.200844
-1.00696
1.4175
-1.20238
3.35239
31.3801
-266.583
-0.497053
0.467711
-0.509443
-0.712935
-3.50234
0.266642
0.00443994
-8.35074
-0.0307888
0.363809
1.62366
-2.01006
1.92463
0.0116444
-8.43843
-64.4331
-2.48635
16.0321
-0.434633
-0.945441
-0.620121
-0.469121
-0.950631
0.265754
-0.0424224
-1.84872
-2.21096
0.0582073
0.866146
-0.14028
8.6723
-5.19104
-0.784406
-1.14865
-2.30462
-1.03739
-6.60101
-10.3293
5.86144
0.156804
0.914137
-0.013945
14.6835
1.42324
-0.476937
-3.06705
-0.203211
-4.29144
6.37527
-0.304912
2.87373
-2.00865
2.85271
-2.18167
3.9303
0.142572
4.2551
-1.24342
-0.161377
0.329642
-2.74534
-9.62196
2.04008
1.47509
0.606935
-4.67258
-0.595748
-3.18316
1.26903
0.272616
-0.714406
2.77708
-7.34163
-1.9402
-1.38561
0.235034
-2.2585
-1.43407
-0.112576
-1.36946
0.464961
-1.62123
-1.3353
1.98058
2.59974
1.20528
0.857255
-2.93542
1.23774
1.36208
2.58812
1.35923
1.41702
0.359754
-0.258733
1.22684
-1.17425
2.27498
2.01889
-0.0785776
0.297588
-0.108157
0.166803
-4.06332
-0.394741
-1.6963
-0.300889
1.42995
57.5523
4.26394
0.514895
-0.954283
0.39075
0.249454
-1.5418
-3.24543
0.171215
-1.01836
-2.61263
0.36751
-4.36331
-0.752257
0.575945
-4.46564
0.0837704
1.41351
3.17499
-0.616358
1.04425
-3.50507
-6.01487
-0.151561
-0.661584
-16.2871
-4.16482
-8.29712
-1.32229
6.01288
0.237807
-11.5626
0.524314
2771.7
3.22415
2.89612
-0.401773
-1.86973
0.312686
-66.646
0.375885
0.290612
-0.569584
-0.288656
-0.540044
0.869961
-4.04824
-1.09026
-2.17074
-1.93277
0.746868
1.11513
1.30297
-1.02002
13.542
-0.0978752
0.456497
1.04839
-53.5644
2.24542
0.17466
1.55284
0.773728
-0.255861
-0.48731
0.865493
1.68953
-0.600461
0.0672574
-0.0764452
-1.49451
2.27238
-0.640287
-0.463673
-0.956473
-0.917915
-0.813514
-0.270823
-0.841594
-0.769935
-0.696062
-1.78674
-0.300545
0.246604
-0.00392704
1.32193
0.920564
-0.239117
8.15376
-0.479078
-0.124097
0.299088
-0.500314
0.317856
-0.368557
-0.438079
-0.705228
1.42115
3.71876
-0.931679
-0.008866
-3.17139
0.227118
0.185659
-2.72586
4.04725
0.196806
-1.97427
-0.140214
-0.163072
-3.50805
-0.264058
1.60752
-0.105178
-28.3798
1.58949
52.0723
0.643507
0.682654
-2.16628
-5.34449
-0.567388
8.10242
-1.55756
-0.773205
-0.599439
11.492
-1.12147
-2.11501
0.58623
0.428087
-3.25973
-0.134504
-0.321464
0.186505
13.4478
0.489589
5.84628
-0.433068
0.743502
0.901004
9.17122
5.30008
4.15693
-0.193351
3.89524
2.83473
2.75025
-1.36288
0.570473
2.02705
-1.55896
-0.806062
-0.597064
0.666871
0.990265
-2.80272
7.80307
-0.59251
0.17161
1.68006
-0.732781
11.1383
0.286383
54.2845
0.488355
2.64321
2.67653
0.528241
0.942143
-0.1913
-0.0640217
1.78294
4.49061
1.9848
-16.1077
-0.408489
0.343666
0.00348727
6.34988
4.09507
0.0818036
-0.130149
-2.34554
1.73266
-2.15887
0.747643
-0.50185
0.327351
2.85758
31.4224
-4.40019
-0.0706357
0.772512
-3.34854
-0.110024
6.29279
-1.18183
-4.12374
2.10799
0.498324
0.202171
-0.733289
5.11531
0.550313
0.47891
-2.83611
0.213227
-10.1384
-0.0820975
-1.70604
-0.465937
-0.289333
2.9003
3.31708
3.73778
-0.570695
-0.988342
0.746198
0.652941
2.26109
-0.708243
-0.220123
1.30277
21.0117
-0.0590955
0.349146
-0.0887029
0.609527
3.46626
0.8985
-0.0641858
-3.0375
0.0736486
-0.0276276
0.762947
-2.225
3.66069
2.49265
0.242387
0.614586
0.388224
-0.216226
2.4175
-0.529041
-0.276905
18.6709
1.04336
3.44395
-3.00664
-0.359206
-0.888314
-0.0727063
0.450124
0.991092
0.149131
0.0836495
0.494191
-12.7121
-0.706508
-1.32278
-0.393672
-0.613884
-3.43157
2.01358
2.81578
-0.836667
-1.07429
-0.55508
0.466598
-0.0925132
0.212672
-2.57636
-1.33722
-57.6272
0.0483567
3.22798
1.35124
0.961611
-0.761809
0.582531
9.71573
0.837021
0.0694407
-6.57156
-0.151936
0.180966
1.01265
39.4563
-1.06449
-2.55631
-0.136038
0.523671
3.88176
-0.188608
-3.51433
17.8665
-0.0339716
-0.487862
-1.25919
-1.89534
-1.07831
0.203499
-1.29343
2.10976
-0.0636008
-0.838529
4.25443
-0.119809
4.64077
-0.0149673
-2.46941
0.453195
-0.385233
-0.301648
0.00354797
2.59714
0.220509
-6.93635
-1.36234
-0.209086
0.122527
-3.27354
-2.58397
-0.31437
0.370906
-1.33798
1.61887
1.27745
-2.21503
0.0899436
-0.317515
0.0519464
1.25836
-1.64271
0.039925
0.0993073
0.829259
-0.0634695
-1.43026
0.54834
-0.813469
0.0514858
3.36167
-0.650593
0.330478
0.695055
10.4439
-0.112305
1.81617
0.14152
0.210209
-0.123974
-0.31061
-4.03031
2.19561
0.458323
1.0764
-2.12901
-0.261229
1.25173
1.11745
-3.65805
-6.84962
-0.423234
0.618647
-4.83389
0.612398
-1.18682
1.26985
13.0477
-2.75709
0.72262
-2.5059
0.615347
0.168627
2.29472
-0.0493626
-0.00330117
-0.167696
0.986537
-0.537988
-0.664207
-6.7562
-0.0221461
-0.340072
-0.419336
1.76441
15.465
0.00222393
-2.76074
1.21863
7.17215
8.87302
0.652882
-1.32193
5.93657
2.94141
0.515134
0.622791
-1.62406
6.41546
-11.2507
0.345702
-2.13772
-7.50637
-2.10111
0.51611
0.441042
-3.84399
1.26859
-0.951067
-1.89565
-2.7824
0.961771
0.261738
0.215573
-0.14709
-1.34422
-0.153347
-0.17429
1.47606
6.04379
-9.02573
1.56554
-7.6378
-0.0688684
-0.342833
-0.0930943
0.138767
-0.0195421
-2.4405
-0.16436
3.0434
0.548592
2.13237
-2.90205
-0.815572
202.841
0.366319
1.51987
0.798198
-10.271
-1.27115
-2.16589
40.25
-0.284508
0.267449
1.04661
0.0294566
0.345613
-6.31758
0.107186
0.52345
-0.141797
-8.79123
-0.254185
0.327392
-1.23692
0.810118
1.02836
10.2538
-6.119
3.74729
0.912629
-3.09543
0.582587
-0.659906
0.369775
-1.27263
-0.87498
1.61365
-0.213955
1.09303
-0.163096
0.519712
9.22259
0.375628
2.26764
0.455033
-12.1869
16.3569
0.422858
-0.427233
-1.86664
1.55424
0.298499
0.662612
-0.156166
1.39315
-1.71162
0.661106
0.544643
2.38584
1.19819
43.1702
-0.5276
-0.417844
-0.418503
-0.378596
9.6886
1.10821
1.81915
-0.453749
-0.458708
3.7869
-2.24153
4.12527
-3.10629
4.04011
-0.593237
0.294626
20.9741
1.78555
-0.345367
0.99883
-3.20946
1.14733
3.65742
-0.590234
-1.14856
4.13696
-1.67741
1.92234
2.55197
0.043046
-2.31465
-3.50812
-0.632235
-0.805512
1.39396
0.108138
0.0742847
-0.577126
-0.648674
-0.645817
0.867923
0.33612
15.656
22.6818
-1.05934
1.6816
0.0186066
-1.07567
0.977036
-1.13233
0.591466
1.2019
6.96075
0.920791
4.83039
-1.14572
-3.51695
-1.69679
-0.49082
-1.15997
-0.971148
-1.16148
-5.71269
0.028114
-0.0492953
0.0236499
-0.911094
1.19242
-0.61394
-3.49015
-0.210554
-1.44006
-10.4951
-0.760859
-0.0404182
2.79733
-0.267825
383.494
0.935487
0.629019
11.0728
0.633213
0.0349691
-0.44428
13.1158
0.785462
0.439361
0.267126
1.882
-2.22531
1.68388
0.0621598
0.611247
0.399166
-0.829347
2.78059
0.0300584
3.15263
-37.7833
-3.79952
0.594831
-0.163814
1.04386
-1.80986
0.506843
1.00747
0.186281
-1.01074
0.758936
-8.69417
0.1669
2.56056
0.160849
-0.473744
-0.465232
-0.721068
0.795976
1.38609
2.86395
0.256365
4.2236
-0.782872
2.06566
-0.26459
-0.450369
6.4619
2.65283
1.46805
0.415467
-0.0549446
-0.0299656
151.627
1.30612
-0.422757
1.51673
-6.36468
10.2754
-1.90017
0.516971
-0.264911
3.59393
-0.191793
0.820429
0.348808
-0.791981
-0.0981023
1.45049
2.07271
0.0269581
0.982862
-0.37821
0.786943
0.0747239
1.16378
-6.15407
-0.065991
-21.7145
-3.00885
3.1267
0.860089
-0.137893
1.70891
0.515906
1.84914
-0.305839
-1.23945
1.34538
1.63323
-2.70099
0.883945
-0.320095
-0.291223
-8.56685
1.42689
0.0655145
1.29111
1.28224
3.37755
5.21223
1.60131
-0.22618
3.64395
1.12764
0.336628
-4.55606
-1.8929
-2.07507
1.05659
-5.52499
1.23398
0.638218
-3.63509
-0.64134
1.75422
-2.68515
5.17864
0.464979
1.95235
1.77623
-1.57155
-7.9539
0.586896
2.28529
0.440743
0.39778
-0.379351
-0.367283
1.24939
-0.301908
-2.12795
1.23259
-0.925438
4.33364
1.07031
1.2507
-0.222164
-1.20924
-0.196132
7.4606
1.13795
-0.339823
-0.181593
1.67329
-2.56883
-7.65001
-1.05976
0.978147
-2.4135
1.67521
1.00644
-0.891418
3.1865
8.7567
-0.0652272
-0.669894
1.72871
-0.295234
-0.486188
1.43881
0.508694
9.80502
1.24257
0.124707
1.51056
0.216051
-0.235919
-2.73274
0.0414949
-0.91756
-1.85993
-2.32738
0.0222534
-7.30078
-21.3394
-3.34907
1.51609
-1.02222
0.160834
-0.507415
-0.0584364
1.25061
1.15176
-0.692147
0.620395
1.58317
1.33197
-1.09201
1.33561
0.445887
0.238614
-2.10163
0.00206124
-1.55361
12.5752
-0.967043
-2.4867
-1.69173
-0.220748
-2.6101
-2.14813
1.96584
0.633027
-8.48131
2.58842
36.385
3.69064
0.462818
-16.2678
-1.81137
0.226376
0.785773
-0.0344966
1.41716
-0.444456
-0.338074
2.74899
-1.01847
-2.07581
0.0324635
1.08189
-2.97935
21.7662
47.0204
-5.14568
1.40434
-0.689823
2.68491
0.890124
-0.309374
0.298889
0.557684
1.17253
-1.45444
5.64926
0.470977
1.25643
-1.10784
-1.81928
-1.30278
1.26151
-0.00485431
-3.01173
-5.10163
0.905071
0.261403
-0.591429
-0.0394412
0.873874
0.982111
-2.4001
-1.41079
0.37774
-1.37564
2.94356
0.708937
0.0863225
1.36537
0.176168
-0.17973
0.0149502
12.1193
27.3653
-0.421634
-8.01863
-7.42914
0.234205
1.04435
-5.54688
-8.90346
0.528114
0.571722
2.05389
-0.0139295
1.9506
1.40411
3.71768
0.53632
0.442398
0.26046
-0.199425
-3.092
0.533797
-1.92306
-0.200111
-0.492447
6.16434
-1.97274
-0.149026
1.8426
-0.624361
-0.513965
4.40818
0.345593
-0.140542
0.186614
4.06894
-1.34035
1.03679
0.99528
1.20797
21.8526
21.6629
0.115931
-0.479624
-4.8639
0.52025
3.43696
0.793726
2.15613
-0.792921
0.914762
0.748504
-1.10218
4.55704
-1.94689
-0.138747
-0.0394454
-0.918892
-0.419947
-22.5954
1.68284
1.17108
-0.0806966
-0.60038
-1.72546
1.72499
-14.1566
-1.27434
0.860705
-0.42419
-3.05696
-0.370095
-0.15172
-2.76739
-0.588889
-0.587216
0.300884
3.03055
-0.196333
-0.0355959
0.380036
-7.84103
5.85755
-0.118281
0.631493
4.73801
1.49882
-4.26314
-0.49721
1.32349
-0.487374
-1.41063
-0.530419
0.215401
5.89148
6.40611
-1.70303
-0.292899
-0.0262035
1.45836
2.86679
-10.8668
0.046374
-0.573736
-0.135489
-3.24199
0.113878
-0.343336
0.965209
0.453675
-3.57769
3.20226
-11.1193
1.12437
0.476939
-3.87891
-1.39099
0.536943
-0.920284
0.758755
0.398164
1.06962
-0.303929
0.343099
1.69494
-1.04347
0.462895
0.508205
-1.81312
1.58411
1.56795
0.85864
4.71887
-5.72904
0.462813
0.683011
-2.64846
5.65574
-0.217209
-0.89562
-0.357545
-4.69894
1.02313
0.126878
0.565225
0.449071
-2.12067
0.549414
-0.0140847
-3.92767
-2.05355
-0.662209
0.549235
-0.151506
0.74917
4.30943
-0.19364
-0.0116977
0.389291
-3.63455
0.0283166
0.523945
4.98794
1.46017
-0.212236
2.21492
-1.02808
1.99019
-1.29234
-2.57832
2.01704
0.225158
1.03753
1.07559
1.27266
0.438406
-0.376117
0.795645
-0.937585
0.107827
-0.217336
-0.72031
0.0932449
0.913769
-0.477187
-1.12623
-1.52246
0.786692
1.88355
0.492379
15.2569
1.48259
0.180442
10.2757
-0.0724814
1.84192
-0.486417
23.9482
-0.997738
4.09174
-1.25016
2.0002
13.4168
1.59313
-6.49426
1.17738
-0.430343
-1.9086
2.6077
-1.58991
0.739289
-0.280553
-0.846147
-0.0834313
0.510128
-0.132675
-0.319707
0.730358
-1.5609
0.183679
-2.67542
-3.65489
-0.129304
-0.169574
0.259544
-0.215207
0.974704
1.52395
-13.8875
-1.84769
0.948421
-14.0126
-1.00856
0.265321
-0.205599
23.9231
0.603412
0.562431
0.0875062
-0.172665
-44.5726
-1.37914
-0.784893
-0.893101
-19.9488
-0.0799151
-1.08007
0.493047
-0.61153
-0.0763897
1.41958
-1.74976
-3.91586
0.0788775
3.11904
-19.7223
-4.79007
7.79463
-0.964063
-0.704383
-0.532512
-7.99855
-0.758253
-1.33383
-1.83499
0.848622
3.58257
2.69671
-0.53562
-28.2138
-1.62342
-2.2734
50.4897
-1.10378
1.24928
-0.611861
0.992698
-4.50527
0.45365
-0.664652
-11.254
0.278054
0.279493
-0.163226
-12.4377
-0.534295
-0.251095
2.17651
-0.817396
0.943941
0.247869
-3.0808
-0.229656
4.24134
5.0903
1.09692
-5.81676
7.83732
1.24722
1.60165
0.7328
-2.31793
2.90626
0.649235
-1.08719
0.649738
-0.0485714
-6.41542
0.106392
-0.917356
-0.867024
0.76041
-8.90072
-90.3678
2.49039
1.35571
-3.19895
13.1146
-0.716544
-1.93649
0.673335
2.06192
0.761218
-0.365433
-0.0241433
-1.33502
1.17634
-0.0656428
1.96031
0.503688
27.9456
-25.8687
-1.77725
-128.098
4.84517
1.72665
-4.68778
-0.299363
0.207572
-0.588524
-0.310379
1.20148
-1.78855
2.1902
0.746617
-26.4929
-0.267456
2.22547
0.1279
-4.82283
0.379395
-0.329988
-8.38575
3.15846
0.24439
0.350701
0.384861
-1.47989
-1.44644
-0.240681
-0.203301
0.809597
4.29158
-1.03163
-1.1223
0.381726
0.310653
0.103522
-18.4233
-0.0403939
-0.736139
1.08547
-0.69845
-4.21381
0.39859
-0.252842
0.121196
-0.151491
4.65382
2.06006
0.0306228
-0.957342
-0.581404
-3.0759
-1.09935
49.5002
4.6048
-2.32597
1.64114
2.21393
-1.16977
1.34286
-0.249241
-0.252444
-0.993151
9.21099
-0.711237
0.467694
3.79901
0.648816
-9.47544
-1.93833
-1.55657
-1.42543
-0.128653
-0.943563
3.8276
0.805741
0.105837
3.86326
2.53797
0.469464
-0.0296638
-0.108464
1.76096
0.456617
0.338726
-0.537554
-0.171528
0.338241
0.0285755
-2.94381
0.142668
-0.562594
-0.216091
1.51875
-1.38177
0.725445
-0.135233
1.43557
-2.44927
-0.670645
0.137103
1.20768
-0.0349043
2.10244
-0.202236
-0.523711
1.7542
-0.748236
2.03353
-3.05627
1.47031
-0.729441
0.303625
0.539818
-0.444248
0.744111
0.319697
-0.423527
0.217974
-4.55701
-0.172366
4.86054
0.431594
1.28365
-3.38301
0.0295641
0.685256
0.420939
1.2332
0.154943
4.65769
-0.381958
-0.554794
-0.835093
0.862963
0.332354
-2.4898
0.777414
1.16752
0.911147
-14.7773
1.99584
-4.51621
-0.89345
2.86074
-1.53714
-0.355437
0.530515
-0.300036
2.97489
-0.431459
-1.73805
-0.290831
0.800534
-0.587607
1.91533
4.62763
2.58844
-1.35926
-4.70918
-0.824257
0.342379
0.334092
0.644808
-6.44988
-4.45302
1.58159
1.49402
2.83795
-15.1069
-0.351315
0.123513
-0.738163
-13.5936
0.703603
1.67378
0.929728
-0.546528
1.50494
-0.404563
0.787155
-0.257338
0.472043
-10.5648
-0.990774
-0.454304
-2.65883
-1.17708
-0.312238
0.170474
-0.665334
-3.16168
11.315
-2.09211
-0.507532
3.44229
-0.0728975
2.9167
0.72935
-1.00628
0.0128185
0.388672
-0.0584397
-6.97527
0.186545
-3.31223
-0.856594
1.97924
0.266398
2.34443
0.134653
0.308994
-0.206586
0.517408
-0.0314105
-0.263564
2.06436
-0.279721
-0.505932
-10.5525
-0.00780554
-0.327605
-0.039068
-0.112168
3.55301
-73.7761
0.232799
1.34331
-0.939155
-10.9483
-13.613
-0.505635
1.81056
-0.729675
1.80207
-1.6038
-15.7404
-9.58735
-1.03392
0.395824
-1.14979
-1.49871
-0.860623
2.11268
-3.16438
11.6829
1.50408
1.13318
-0.746983
-0.380723
25.0287
-2.81809
-4.35931
1.97204
-0.728016
9.34996
0.717034
-1.12223
-0.293248
-1.44529
1.28369
0.292289
-0.157118
1.27433
0.386064
0.552754
-0.193375
-0.126912
1.08894
-1.33668
0.68498
1.87129
-12.5751
0.356421
0.566975
1.50658
0.797485
1.97431
-0.156481
2.04705
1.77609
-0.946008
-0.104271
0.686746
-0.0876763
0.29046
0.318596
0.912645
-0.671405
2.02162
1.1403
0.791922
-0.233189
0.797861
-3.19603
0.3947
-9.18686
-0.180376
0.622991
0.0387035
4.11072
0.950832
0.79352
-0.272567
-0.65032
-1.51663
0.525706
0.393985
-0.820446
-0.325879
-0.402827
93.2674
4.91231
1.04633
0.173262
2.04141
-5.29467
0.979316
-0.408992
0.883711
0.0711384
0.899118
5.52267
4.05525
-0.843432
7.87338
-0.784584
1.94957
1.06029
-0.921772
0.150261
-3.29235
-0.203244
-0.198125
0.758438
-2.98029
-5.00109
20.9179
0.290783
1.88255
0.875709
-0.34242
-0.0921441
0.406634
1.41784
-1.29798
0.723988
0.685516
0.923991
1.34482
-1.00627
-1.93873
-0.67553
0.92007
0.484818
1.52183
0.541353
13.5336
2.06194
-0.660445
0.942525
-6.32564
-2.03982
-7.00732
1.69259
-3.66573
-0.151653
-1.36402
5.2097
-0.109828
-38.2226
-4.16793
-3.66677
-1.83724
-0.594466
4.976
-0.752411
1.90377
-0.377521
-0.297947
-0.0843067
-0.500112
-4.81244
-0.300546
-2.2662
-0.984824
0.325069
1.25188
4.23345
0.698587
-0.871678
0.644997
-1.36742
5.39376
-0.231572
-1.69527
-8.49851
-3.4637
-2.25416
-0.309073
1.70504
-1.19766
4.3271
-0.43324
-0.102397
-2.8987
-11.2373
-1.37182
1.09685
0.217578
-0.205723
-0.20166
-1.2937
0.352005
1.80299
0.17601
36.9812
-0.390434
0.254256
0.365622
0.454976
1.54295
1.68123
-0.370248
-0.554416
-24.2912
-0.329242
-3.63208
-6.21777
-0.858579
-14.2271
8.26242
-0.453125
-1.74393
-1.45934
0.759423
0.158958
-0.820078
-0.365492
2.15134
-0.245945
-3.26351
-2.66948
1.83568
-1.29366
-1.15793
-0.759138
0.862479
-13.3198
-0.165722
1.42782
60.1197
-0.959028
-11.1916
-0.470654
-0.361405
-0.273089
-0.671307
-0.116456
-0.523681
-1.84688
-0.0584575
1.53782
0.998
0.147139
0.75237
-1.27541
2.63466
-40.8226
0.261818
-1.30236
0.749146
0.324294
1.62299
3.14439
-0.119801
0.729439
-0.151927
1.2843
-2.11553
2.32081
-1.09911
1.851
-0.878145
0.0590766
1.36451
0.599082
1.06895
-0.0650015
3.37923
-0.283566
-0.686595
-0.254925
-5.89813
-0.631729
3.54864
2.8026
-0.176463
-1.03244
0.223562
-5.02664
3.30231
-0.614621
0.615046
3.5612
2.67101
-2.41101
1.03141
0.412263
-1.2726
0.290722
1.56671
-1.73255
1.64133
-2.29103
-0.684392
1.00022
0.314819
-8.40782
0.334159
0.494612
-6.12975
-8.43872
0.04291
-0.78498
2.69537
0.103926
-4.94858
8.68587
2.8653
0.435202
-11.6506
-2.12989
0.195846
-1.18331
-19.4134
1.49475
-0.404758
11.9955
1.20111
-1.56701
-1.76883
-1.50655
0.197033
-2.78866
4.39478
-0.318435
-27.9119
0.598606
1.42751
0.458312
-0.821451
2.30881
1.79576
2.21634
-2.69719
0.766103
-0.55791
-0.297687
-2.26023
0.203054
0.548633
0.406695
0.331769
-2.55905
4.02173
2.01738
-0.247658
-0.212188
6.72001
1.36201
0.861222
7.68202
-0.628697
-0.632718
-0.22832
-2.44779
-0.222056
0.144943
0.843836
-0.417448
0.0204159
0.111355
-13.5038
2.64495
-1.97163
-0.29198
-1.91485
17.3333
2.67247
0.758594
-0.80317
0.656089
10.5766
0.272307
-1.57142
0.289862
-0.641192
-0.313187
-0.739325
-7.59231
4.68823
-2.47197
0.444094
0.993923
-3.11283
0.609763
-0.327078
-1.5883
2.54187
-0.367473
0.592118
0.402039
-1.32156
-1.12963
-1.78824
-8.36632
0.0925884
1.53812
-2.09729
-1.7171
-0.165519
-23.7301
0.449351
47.1608
-0.242294
-0.835233
0.718092
1.01539
-0.602461
-0.0518021
-0.0502861
0.113311
-1.62954
-1.55066
0.224535
0.407888
0.103166
-0.098262
7.02121
-0.439602
2.2576
12.1745
-2.63592
-0.626994
0.718661
0.171164
0.519721
0.664588
2.41217
-0.52986
0.736475
0.183177
-4.48876
1.43824
1.12087
0.249217
0.255308
0.280673
-0.487723
0.35843
0.834587
18.2633
1.44553
-0.538718
-24.3816
-3.49591
-1.03193
6.45607
-2.47159
-0.583287
94.7365
1.75287
1.46554
3.68286
-2.67286
-0.807265
-0.0785616
-4.18815
1.75715
-0.593554
-5.94253
-0.623179
-1.62748
-0.438542
-0.93034
-1.11413
-0.342286
-0.545301
0.984599
-0.193633
14.1655
0.857129
0.445065
0.274219
0.50737
-11.303
2.36901
-0.381728
0.582894
-0.20723
-0.0600947
-0.0783343
-1.38054
-0.303011
0.750345
-0.140663
1.35486
-3.37022
-0.921996
-0.173681
0.367479
-0.293833
-0.719423
0.228583
-1.20295
-59.7543
20.6693
-0.572648
0.398469
0.0508492
0.507023
-0.596891
-0.983271
1.57148
2.6502
-0.632848
2.25227
0.964125
0.533321
5.00494
-0.862021
0.503134
0.40893
-1.85623
-1.3983
0.48834
0.67526
14.6869
0.000384074
17.9088
0.631372
1.38844
-1.91137
-0.0108812
-0.951409
-0.93751
3.29748
-0.465279
0.841521
-0.505532
1.7072
-0.626211
-0.00484063
0.418954
-0.129585
1.40194
3.52207
4.20736
3.82215
-1.93024
0.489913
-4.61832
2.40918
10.6496
-20.7144
1.26026
6.79435
22.8848
0.395552
10.4815
-0.0177061
1.33034
4.1215
-1.63617
-26.7512
0.269967
-0.434222
35.6666
-0.792744
0.398788
-0.0894917
2.35721
-70.0039
1.98321
-2.39877
0.587657
-1.52155
-0.0797136
1.11691
-15.5645
0.282766
-2.12856
-0.651275
0.209343
-1.33595
-0.846235
4.97006
1.50752
0.195689
-0.519398
-2.26526
0.17877
0.392677
-14.5122
0.901429
0.336259
-1.19611
0.690381
-0.218844
-1.37849
5.41941
5.03125
-1.1554
0.0111527
-4.90569
-1.20292
-0.481156
29.0566
0.551284
-0.99537
29.9202
8.46346
0.356322
2.87182
0.91955
0.000124793
-1.35401
1.74307
-0.886782
-0.464522
0.492146
2.65107
0.433339
0.674139
0.128447
0.0344398
-0.411773
-1.69423
-0.828203
-6.01897
-1.48595
17.9307
-2.70066
0.15828
0.755404
-1.93503
-0.349601
-10.9971
-7.02319
5.84565
-0.342735
-0.864386
-4.01693
4.82157
-53.2141
0.421771
-2.34451
0.246106
-0.406418
5.05438
1.46768
1.02437
-1.23947
-0.515797
-7.27968
-0.337664
1.16764
0.258506
-0.405322
1.24618
1.1881
-2.69603
-1.95482
-0.951371
26.4642
-0.125267
-0.514932
22.0496
1.14955
1.14617
2.56146
0.805494
0.55022
0.428254
-2.15904
-0.197106
-0.124414
9.24888
-0.182755
1.66513
-0.544469
-1.02558
-0.230892
-0.518741
11.9779
0.179024
13.6165
11.4184
-0.0953443
5.86156
-22.8542
0.192301
-68.6459
2.27281
-2.3084
0.790062
46.2457
-0.0806852
21.5425
-6.08397
4.40146
-0.20596
-0.577838
-0.0527563
26.0831
-0.925189
0.801381
0.260259
-0.211784
-0.11484
3.8142
-0.764419
0.698021
0.142669
-0.572114
0.86744
3.07138
0.735535
0.363368
0.369589
0.874062
-0.255363
0.37322
1.47329
0.354107
-19.6221
0.824698
1.64805
10.6904
0.864726
-0.388055
5.74451
-0.0552963
-2.05866
-7.43927
0.359149
0.139309
0.248899
-1.45336
-0.0780344
-5.89783
-0.283751
0.460337
0.362888
-0.165679
0.167586
-0.221169
0.231364
-0.251231
0.638054
-13.0819
-0.260611
-0.898438
-1.19079
0.482293
0.972014
-0.0471037
0.00579822
1.05734
-2.35492
1.03927
-0.477081
-0.751311
-59.971
-0.98605
-0.668961
-0.924295
0.0428997
1.33931
0.944523
1.45045
-0.283449
1.63084
-1.06774
2.59953
-0.376964
1.97063
-0.0746989
15.277
-2.82974
5.79399
0.828005
-0.676009
-0.59343
-1.53789
3.46477
-3.29981
1.72347
-0.63667
8.19592
1.32535
-2.9776
-0.860417
-8.1354
0.645834
0.597157
0.363934
0.610054
1.08391
4.58097
0.412844
1.08154
78.4507
1.38451
-1.09734
2.00766
-0.233001
-2.06926
-1.84355
103.696
1.23641
4.0885
0.664618
-0.693544
3.42789
-0.949032
0.797363
-19.421
-8.00858
0.108398
1.86283
1.52772
-0.0651106
-1.93353
-0.678102
-0.1357
-3.56325
-2.81811
4.3169
-0.319542
-0.593149
2.17953
4.45669
-1.38335
0.0912674
37.2781
0.518456
-0.257044
-0.720808
0.910102
-10.08
1.72941
-10.0187
10.0219
1.57729
28.9663
-0.606753
8.03974
-4.4218
-1.77092
-3.8174
-2.90058
0.478224
0.271244
-13.101
18.5636
-0.745714
0.46383
-0.228343
0.363831
-1.49126
0.391178
-1.04654
-3.49877
5.86252
0.782227
-0.823769
-18.0996
-2.46385
0.921555
-1.72324
0.192045
0.251008
-2.6845
-0.290505
0.0101692
0.130716
-32.1848
-1.67934
-0.0691638
-0.814867
1.88775
-0.637671
0.631342
-0.455768
-28.1161
0.665241
2.6016
1.56719
1.0359
-0.145161
-0.452112
-0.0490426
0.617327
-0.399331
-6.28039
-0.892024
-0.352019
1.14741
2.443
-0.538457
-3.0587
-0.270692
3.58121
0.858369
-0.84969
0.0401996
-0.441919
-0.0992973
-2.89634
-0.506758
0.181473
10.6944
0.675332
-1.52295
16.8312
-0.469324
-1.3475
-0.573255
-0.601967
-0.461618
0.667699
0.444061
-0.0165349
-0.259064
0.346571
-1.40676
-5.83722
0.337449
-2.99177
4.17311
4.05147
0.182003
-1.71309
1.49029
-4.91901
-4.26262
2.81588
-6.72865
0.436434
1.02385
-0.31175
0.777599
-2.75536
-0.156676
-2.48009
-1.87719
-13.7363
0.00359525
5.59748
-2.68918
0.619889
-0.0463408
0.904572
2.40248
-0.0396954
0.22859
-1.86923
0.593268
10.8678
-1.43733
7.39785
1.21906
-0.189846
-8.49278
0.0793261
0.492852
0.159792
-12.8491
0.689525
-1.44961
1.74949
-2.62611
0.412028
0.200926
-0.762755
-2.09891
1.19826
-0.447498
-19.7789
0.0674465
-0.745353
3.94351
-3.93602
0.589866
2.09964
-5.16602
43.4165
-1.217
15.2608
-0.443863
1.75435
4.65703
-3.08219
-5.30334
0.577788
-2.58867
-0.896483
1.05451
3.77036
3.0237
4.16594
-0.233288
2.56458
-0.982519
-6.51717
-0.571918
2.13894
-1.90444
1.77169
-0.080539
5.98034
-0.201991
-0.115853
0.521813
-0.60346
-9.50559
8.5714
1.28272
-6.66607
21.8346
-0.965635
4.58571
-0.0398896
-2.11107
12.2183
-1.0698
7.55421
0.344668
0.408205
-4.17809
0.0595006
0.440291
1.51136
-14.0219
0.733863
0.80872
1.71293
0.209204
-0.0179192
-0.423295
0.0314479
-1.47409
0.140181
-0.880161
-0.727075
-5.58211
-1.64906
0.529822
3.30517
-0.642158
2.3875
0.229957
-0.362347
0.347368
-3.37
-0.389054
0.773141
-1.31414
1.71709
-38.2899
5.86018
-5.73258
-0.367911
-2.35189
3.98304
0.591456
-5.8101
2.24311
0.0420081
0.385746
0.0290885
4.09973
0.28551
10.1213
-0.323252
0.120065
3.11811
0.71208
1.65869
-0.580104
-1.91262
0.756697
9.62962
-0.356487
-1.53824
-6.38269
1.82851
-1.09976
0.20791
-0.523289
1.27802
-1.04253
0.1125
-0.0477353
0.279115
-0.665528
9.03592
0.326579
2.72803
-0.334792
1.1066
-0.682386
0.834895
1.00317
0.108954
0.793886
0.388439
17.9782
0.455949
0.928315
0.536054
-0.523358
-0.688645
0.360016
-0.957384
-3.08788
0.177113
-0.0903107
-5.11538
0.254265
-0.268458
-2.76169
1.87366
1.22768
-1.85419
-1.13131
-4.84368
0.686177
8.47492
-1.44463
-0.938861
0.916323
0.289492
0.188305
0.27208
0.0190582
0.40038
1.49733
0.61374
-4.07751
-89.5587
-0.360464
2.69173
-1.34381
0.812655
0.263999
0.00498117
5.21501
0.227519
-5.61253
0.852738
-0.5282
-2.71337
0.48839
24.1513
0.502953
-26.2472
0.770102
-1.31352
7.01763
-9.03195
-0.0873275
1.60486
0.114674
-0.791918
0.909965
-0.674609
-0.274217
4.20829
-0.965531
0.170295
-20.72
-1.7221
1.20182
-3.0897
-1.00955
-2.54584
-4.55714
-2.06821
0.380717
0.280535
0.101307
-0.274834
1.37761
1.7717
-3.53017
0.961235
-8.95724
-1.65701
-4.33368
2.48728
-7.08402
0.0346818
-4.51656
0.693129
0.724224
0.878361
0.215014
0.500909
-0.208528
1.4826
0.53852
0.123515
-0.586087
-0.726274
2.75041
0.54962
-2.40366
0.272201
-5.85844
1.07261
-3.57817
0.604949
-0.950226
-1.75098
1.06756
0.145198
0.337399
-0.150824
-0.167269
-4.83902
1.25774
3.03341
0.889724
0.468543
6.57609
-0.491998
1.61743
3.0419
-1.91731
-0.79119
-1.42473
-2.93882
1.47844
-0.119037
-1.82852
0.429269
-1.12079
-1.73412
0.575445
4.5563
-2.61253
0.424511
-0.583577
-4.99344
0.141128
2.31398
-0.828102
-0.417801
-0.26116
-1.55448
-1.00449
-0.526507
-23.7746
0.0898486
2.40416
-0.159684
0.917819
2.68898
0.311757
1.9436
-1.12842
-0.114919
1.38764
-17.4613
0.519517
1.95701
1.03045
1.84992
0.420278
-1.11699
1.42608
-0.0117829
2.15757
0.31719
0.927751
0.323889
-0.151654
0.508659
-3.06547
0.402349
2.35815
0.0309487
-6.71244
-1.24168
-0.514912
-4.45476
-0.16659
0.816812
-1.18723
-2.69455
-0.0501296
-7.31665
-3.53352
-5.45852
0.0308926
-16.2007
-0.0493226
-2.2868
-0.872389
2.36225
-1.75264
-59.0177
-0.976173
0.706592
-0.0526159
4.4909
-0.35916
-0.393088
0.0855201
0.842479
0.271355
-0.856985
-0.42603
-1.12933
-0.153428
-8.04907
6.93633
-4.86156
0.736195
1.37501
0.208792
2.68303
-72.7184
0.569412
-3.59491
0.646101
20.7008
5.69974
44.575
0.190168
0.572223
-0.217451
-0.814353
0.285732
-1.07739
-0.962353
-0.468718
1.17152
-0.00668729
-0.129618
-0.112434
-0.907741
0.35468
0.568863
0.00132956
0.257055
-0.348413
-0.395318
-1.26984
-9.76656
-0.760723
-0.319763
-0.612935
1.8247
-1.36091
-9.12587
5.06512
-4.30792
-0.142047
-1.25175
0.0392919
2.66094
0.289723
1.41197
1.39714
0.821512
-0.952283
0.0732682
-0.85048
-2.61884
0.873175
1.40118
-0.329027
-1.11021
0.171354
12.3265
-0.364283
0.762107
1.18807
27.7072
1.13911
-2.54474
0.178642
-0.768336
-0.674152
1.15559
11.6456
-0.780986
-0.621748
-0.839139
0.0680634
1.77385
-0.402258
1.31672
1.5858
-0.0916414
0.242776
-5.49604
0.0975533
0.447599
1.91762
0.0677851
0.821114
0.292045
-0.287465
-0.219754
-0.904182
-3.78291
0.406038
1.05702
-2.68607
-0.174867
0.670702
-14.0459
0.0191275
0.46957
1.26006
-0.627938
21.5681
-7.19393
-2.36012
-0.308584
17.6854
-0.249917
-0.917618
0.270458
-0.591019
-1.7487
0.407841
7.88868
-0.56111
0.335103
-0.634262
-2.46494
-0.0367947
-0.556089
-0.383606
-4.81562
1.02358
2.64548
0.10665
-2.07183
-0.451627
-0.285484
-2.24506
7.60628
0.838655
-0.0271584
-0.627706
-2.0516
-1.25933
0.905296
0.756092
0.0258366
0.60192
-0.761362
1.30365
1.35296
-0.398512
0.794074
-3.38091
0.645563
-3.45917
4.34413
0.345876
-0.104954
-2.28763
-0.61878
0.0353753
-0.0410832
-0.696834
-0.444862
-1.05142
0.578499
0.382769
0.898579
0.703459
0.296131
1.98144
-0.386522
0.106253
-23.2441
2.28627
0.448618
-0.0174562
0.0148514
0.251409
-4.99224
-0.653352
0.459196
0.354044
1.82368
2.4008
0.126814
-0.240802
-0.796121
0.104673
0.372508
1.78917
0.791815
0.321205
-1.53522
2.0018
0.0982403
-0.468742
-0.0431643
1.93119
-4.43318
-0.364461
-1.00565
-0.236091
4.08689
-6.10664
-0.397931
-0.0304773
5.7651
0.718645
0.368196
0.15116
0.35189
-15.0968
-1.39194
-0.198479
0.248396
0.538165
1.81786
0.273497
0.296852
0.564736
-1.32827
-1.07806
-2.22392
-7.56438
-5.17691
0.528968
1.84075
1.42348
0.826444
-0.812452
3.36837
6.2626
0.0490901
15.6836
0.196205
-1.95149
-0.285847
0.990958
-0.0448743
-1.47798
0.281846
-0.651725
0.477066
-7.60555
3.80233
0.658807
-0.0446209
3.0114
0.97872
12.1157
1.33363
-2.26556
-1.14472
1.23691
-3.73852
0.84917
0.01297
-1.07078
-1.79319
-9.15574
0.138839
3.59583
-0.986566
-0.44446
0.828547
1.46439
-0.75568
-1.13613
40.4821
0.0793687
-2.08774
-1.06124
-0.544417
-1.85444
1.7236
1.46082
0.218718
2.76769
0.510683
-1.12667
-2.71781
0.113808
0.541177
-0.253753
-0.762976
0.382703
0.0989828
-4.74686
4.72272
0.647145
-4.83542
-0.746637
1.18264
-0.21039
-1.6647
25.5744
-2.91367
0.221244
6.59305
0.843343
-1.11152
-0.249411
8.61706
0.79797
0.0486104
1.13909
-0.457193
-0.509859
-0.355912
-2.2018
0.837784
-0.268028
-0.37374
4.17143
0.665843
-0.499076
0.122689
-15.988
-0.0628792
-46.0683
0.755148
-0.0248379
13.2879
0.942775
-1.60859
-0.640844
0.292084
-0.15269
-0.9917
-15.1729
-0.0906242
0.551198
3.61746
-15.1024
19.2299
-0.0503292
2.86772
-0.265327
2.8668
-0.723181
1.43644
1.75712
0.905184
-16.6124
0.30304
1.65398
-0.0219809
-2.0868
-0.177839
0.107978
2.08059
4.54557
8.87625
0.739218
1.38679
-0.326851
0.716152
0.540599
-1.64719
-0.608118
-0.0680164
-3.91762
-0.461804
-0.604328
-1.38328
-4.50092
0.0323782
0.314609
-0.973541
0.361538
-0.00540535
-1.03521
2.38623
-0.652163
0.823547
-0.356114
-12.1945
0.700882
5.12577
0.375979
-0.323
-0.408604
0.662127
0.932632
1.67744
2.29256
-1.45522
-1.80801
0.392687
0.116509
-2.69457
1.72862
-0.081306
3.97191
-14.0209
-0.10901
-0.248253
-0.431898
0.296105
-10.5147
2.90847
0.777914
0.446748
-1.81654
0.241763
-0.0443591
-0.143331
-9.03233
3.25867
0.665369
-0.10261
-0.873826
0.825791
0.918117
0.451855
0.0127489
-0.497923
-0.862493
6.47826
0.352947
-6.58314
-1.61214
-0.418334
0.248202
1.16191
0.628688
-1.36971
-82.7139
-2.51284
-2.71594
3.61948
1.49061
-0.730633
1.54472
8.32608
2.08017
-1.84864
-4.66374
0.844335
-2.95767
-5.22296
-0.55833
4.06607
5.31755
-0.537959
-0.578224
0.695636
3.47631
0.777851
-0.444454
-1.22282
1.67023
-2.82379
-0.361149
1.11627
0.50321
1.10954
-0.435172
-1.04695
-2.38608
-0.389682
0.577049
0.0115726
-0.610838
1.88876
-13.9724
0.102866
2.59106
-0.158022
-2.32534
4.38428
-0.388847
-3.41605
1.11547
6.04161
68.3226
1.76666
0.550795
-0.980734
-0.731268
-0.76784
0.79239
0.182537
0.0430152
-5.76464
-0.707783
1.30143
0.473197
0.306173
8.8122
0.434315
-2.40749
-2.52522
0.39352
-0.799888
-0.0877786
0.0774324
1.04287
0.0307776
0.235595
7.53176
7.1829
7.46692
1.76385
0.00977438
0.709041
-5.89952
17.5727
-0.125929
0.122471
0.0747818
-0.777149
-0.16551
-2.19089
-2.21726
-8.19846
-1.68261
2.60535
-1.66089
-6.0901
1.72199
-0.138201
1.87811
-0.448365
-0.143049
0.333447
-0.551994
0.150235
-1.10787
-1.26434
-4.35976
0.269591
0.362737
0.0504414
2.81021
-4.82247
-0.168234
-0.808628
1.96888
-1.37729
-0.445275
0.409423
-5.64299
0.141391
0.314003
4.1188
-0.0112491
-0.782119
-2.16634
-31.1796
0.498027
-0.700448
-0.248006
0.041534
-0.386833
-0.499874
1.41455
-2.5596
3.58298
-4.29808
-0.248846
2.63056
-1.51026
0.0596076
-0.0306428
0.749543
-0.986547
-1.55641
1.19544
-0.0381182
0.519073
1.10985
-2.23238
-2.05354
-0.251642
-0.353147
-0.0316605
-0.487802
0.204176
-0.987358
0.671683
1.60163
0.333722
0.40556
0.165289
-4.82381
0.589296
1.26649
-6.03299
1.04876
7.4983
0.358558
-1.11507
0.462604
-0.765222
0.00998715
0.808222
1.58326
-2.65965
0.479035
0.43269
-2.53395
0.474057
1.07132
1.00913
1.56273
0.894143
1.17592
-1.87882
-1.26986
-1.42418
0.639843
-0.158381
0.476052
-0.562313
-3.62601
-1.0387
0.537422
6.12484
-0.493574
-2.63663
-1.52015
-0.497962
0.615381
2.87571
-3.47066
0.163893
4.45313
1.05964
2.64808
125.232
-0.0701832
-0.310057
-2.78315
-0.0557353
-1.41175
107.508
2.56602
-0.290903
-0.600256
0.281225
6.49221
0.124176
0.397548
-0.30747
4.6838
0.25591
2.27882
8.04032
0.838682
0.166104
-1.24412
0.196712
-0.409925
0.0737057
2.60864
-0.654819
35.6204
0.265039
0.0438903
-1.08029
-0.128453
-2.02586
1.86729
-5.63783
-3.57659
1.04959
8.19494
-0.0204097
1.0605
-0.885632
0.10461
1.32414
-1.74001
2.01802
-1.38834
0.406622
1.50714
1.11798
-0.850909
-4.05831
-0.704523
-16.998
-0.790321
-0.648672
-0.142544
0.954097
-0.592622
-0.140662
-0.180882
-4.78994
-2.48907
-0.0594528
6.06638
1.79699
-0.46914
21.4449
-0.575835
0.86486
0.0759789
-0.767143
0.0421259
-0.890383
0.761059
36.3874
0.752884
48.0583
-0.411679
-0.325864
-0.0304635
0.192254
0.298355
-2.2699
0.173304
-1.86393
1.15929
-0.505336
0.925223
0.482069
2.77812
3.39395
-0.0907063
0.286537
4.14918
-0.617536
-1.13091
-0.0508801
-5.35854
2.06034
0.439014
3.71499
-0.155942
0.379505
-0.444901
0.0107823
-8.6925
0.00757241
-3.19534
2.72764
-0.897946
-0.551614
0.162962
-2.98112
1.35834
-0.00403891
2.42357
-0.170897
-1.01226
-0.440126
-1.29403
1.67108
0.602827
84.5161
-1.40106
3.62662
-2.27323
0.00380303
-0.467629
0.731353
0.41496
-0.74754
-78.2945
0.122461
-0.613061
-0.050645
1.7449
-24.7609
0.565633
4.00967
6.9692
-0.671384
0.213205
-3.32703
18.9345
-1.06171
-1.18827
-0.282316
-0.0119504
1.66975
0.114505
-9.95803
-0.398804
7.79141
0.895397
-0.631608
-5.62722
1.14177
-4.95692
1.36023
-8.26028
-3.09568
-1.50167
-0.704836
0.206852
-0.743058
0.925965
-0.816578
5.84805
0.837148
-1.71713
0.76087
-0.024583
1.19033
-6.25629
1.03502
-2.53848
4.32011
-0.412975
4.22294
-0.449952
0.0769827
0.551685
-0.179885
2.45468
-0.202323
-7.56724
-0.519465
-7.00884
11.5915
-0.889911
-0.171541
-37.5756
-5.7701
2.0615
-0.480756
1.10906
-2.10946
-0.507659
-0.923094
0.107273
-1.56828
8.14285
-3.15632
-0.629237
-0.0952251
5.12612
-5.20335
-1.68732
0.397111
0.687383
0.696643
1.45034
11.4347
4.19957
1.38646
0.836896
2.4467
4.01319
-0.93121
-0.326841
-1.60023
11.8299
0.997651
-0.125403
0.947792
0.395464
0.297647
-3.30128
8.04829
-0.36392
-1.72786
4.13744
0.0566048
1.12031
0.345098
-9.7909
1.03034
-54.4544
0.340858
46.5677
-0.171895
0.670942
-1.01048
-3.15228
-0.271611
1.1369
0.736658
-0.972982
-1.55954
-0.191624
-1.09182
-1.12634
-0.409792
1.42439
1.67754
-0.2834
0.220971
-0.48154
-1.18689
-0.429871
-0.11119
-0.276302
2.93633
8.17498
0.141998
4.4942
1.03656
1.59163
0.769946
1.13264
-0.187809
-0.399643
-0.316632
0.0956776
3.98192
-1.9741
-0.910482
2.64904
0.808052
1.10644
-0.448559
1.56245
-1.27111
1.45408
2.25863
0.492498
-35.6893
0.0934128
2.46928
-2.45449
0.326258
-1.71675
30.6799
-0.966978
-3.08529
0.467127
0.110786
-0.534826
0.137995
-1.51999
7.68825
9.634
-2.04852
-0.523387
-4.29944
0.402033
0.299761
-0.397293
-0.56966
-1.26752
1.04324
-0.565697
-0.730883
-1.16198
-0.141908
0.543831
-1.91779
-0.261193
-0.341756
0.548483
0.981724
0.666941
-0.813183
1.84236
-1.99523
0.427827
-1.26497
-4.57803
-2.0251
0.16761
0.122004
-1.35034
-0.248753
-0.592112
7.71575
3.98663
0.0381445
0.737142
0.0115195
-1.00176
5.79598
5.16843
-3.54141
-8.15073
-70.1828
2.29875
-3.25603
-0.954506
-0.856854
-4.85903
-2.30898
0.0897255
-0.675167
0.0355161
-1.22566
-0.91239
0.719579
-0.309437
-2.51691
-0.725058
2.54088
0.349218
-1.02324
0.34308
-1.87921
-0.495745
1.30218
2.64155
-11.6805
-0.425462
0.491157
-1.47336
0.0298095
-7.10701
0.485308
-25.233
-1.67394
-0.984603
-1.20322
45.4946
0.621335
0.235882
0.613691
0.250207
-1.05488
0.570637
0.00978689
125.376
0.606612
-25.699
6.51886
0.101061
-2.53277
1.08276
0.726697
0.0181148
0.248286
-0.108432
-0.915924
-10.3543
0.875654
-0.0465856
1.72554
-0.464794
0.931216
0.483602
-2.46923
0.470556
-18.2779
-0.113061
-16.0571
0.115484
-7.43666
0.234667
-0.238726
1.62342
-0.355885
-1.50172
0.457068
1.13867
-0.420253
0.164301
1.19325
-0.189068
-1.19661
1.14284
0.474585
-1.42517
0.549203
-1.17307
-0.00898258
-0.607364
1.58202
-1.21244
13.401
-1.61156
-4.46559
-13.5968
1.68573
-0.248913
-0.874823
0.858904
1.07237
-0.619357
0.372786
-0.18482
-0.431438
1.2331
0.48035
1.44502
-1.78355
9.9478
-50.8757
-1.2705
-0.378669
2.06611
3.28157
-7.38967
0.476414
1.00989
1.81592
0.372503
2.55675
0.699807
-1.10215
-0.29086
4.96814
-2.20164
0.853375
-8.42116
0.697307
-0.738246
-0.405711
4.8978
-0.259562
-1.40354
0.516126
1.4492
1.21044
-0.477955
0.344554
-1.14994
-1.09928
0.0822855
1.02898
-1.21563
1.28918
4.50906
-2.13702
3.17234
-1.24098
16.2771
-1.22447
1.99927
0.876055
-0.850978
3.15747
-0.0714589
0.486452
0.435989
1.47642
-0.912887
0.483698
1.57586
-0.410514
-0.477488
0.214834
0.360578
-0.889373
-0.79794
0.0292335
1.30379
-9.264
0.922996
6.20544
0.0427404
-0.868796
-1.71769
14.0545
0.132568
2.30465
-3.24422
-6.99306
0.948042
-5.47491
-3.75922
0.191513
0.987223
-4.69718
-1.11538
-2.68219
-0.377518
0.605041
0.767734
9.03768
-0.313328
1.34342
4.06661
6.70353
-2.81228
0.467209
0.611708
-0.0863058
1.05878
0.901995
0.350945
34.5626
9.77215
0.933372
7.03497
-3.88095
0.263166
-1.14621
-3.93008
-3.34137
0.630852
0.206132
-0.641419
40.8335
-1.40887
13.73
0.108542
0.0700764
-1.30848
-0.592153
-1.01392
-0.471532
0.0354966
-0.766225
8.04366
-2.63949
-4.56482
-3.40525
-1.79144
-1.72159
-1.18061
-3.10282
0.0147602
-1.09688
3.9786
-1.40303
0.384527
7.272
0.218511
-2.87701
4.92007
2.027
-3.05847
-0.035447
7.08927
-4.38493
1.2144
3.04474
0.568136
-1.23558
3.10979
0.233707
-4.36522
-0.0337943
-1.45553
0.733118
0.173909
-0.0925788
-0.17473
1.17824
0.306198
-0.561614
-0.323821
-0.619344
2.31878
0.092663
5.54534
-0.0328424
4.10344
-0.442195
-2.36948
1.90482
0.310987
-12.6481
4.47852
-8.00683
0.264867
131.115
-1.26927
0.612816
3.64132
7.22836
4.65287
3.54815
-0.0572412
-0.664874
-5.38878
0.555809
-3.90202
1.68062
-0.630868
2.26474
0.200281
-0.356881
-0.158456
1.36406
1.19391
-0.0392772
-10.1383
0.188665
-21.3196
0.827955
0.389779
3.15571
0.0787918
1.70844
-0.874084
-3.75556
0.539823
0.902086
-1.39577
-2.13764
0.384828
-8.05078
-0.370863
0.936726
0.877231
0.106412
0.492534
-0.391642
2.7601
0.807159
0.000111136
1.38977
-8.65854
2.50698
87.7736
-0.502568
-0.225521
-0.575236
3.63754
-2.74223
11.1671
-4.06665
-0.208441
-1.22049
-0.489843
2.83967
-0.0271315
-0.301297
-1.25128
0.343847
4.64469
-1.18882
0.184514
-50.801
2.34973
-3.25223
-1.90258
-3.36
103.587
-0.80336
-0.567057
5.23051
0.701755
-1.57713
118.124
-6.07864
0.66593
0.858447
1.14454
11.0024
-1.34474
0.613372
-1.79563
1.55463
0.49699
-3.73167
-1.36929
5.10834
0.811943
-4.67996
0.9053
-0.201132
-0.751086
-0.00849833
-0.641397
0.637388
-0.0758199
-0.189397
-0.723945
-1.56628
-0.560159
0.644882
1.49809
0.426774
-2.5486
3.03786
-0.260774
1.29247
-0.00404016
1.26339
5.25485
0.566793
6.40482
1.60192
0.0987015
-0.461198
-2.4458
-0.727933
-2.2113
-0.195724
3.08914
-0.909464
-1.48844
-1.59023
1.22105
-1.93535
0.55193
2.21287
-5.43967
-0.228608
-1.33614
-1.25301
2.3562
-1.53928
0.165204
7.29247
0.102649
2.90503
-1.39913
-2.84161
0.654373
1.32821
-9.84612
-0.538746
-0.229475
-1.22397
-4.19535
-0.612881
0.279053
-0.924405
-7.71787
-0.674398
9.63181
1.56931
0.230086
0.925579
2.49439
0.489141
-1.56826
-0.407846
-0.866447
-0.0591617
-0.430211
-0.456934
0.493561
-0.00445376
0.180005
-1.90472
0.36302
-0.150542
4.65865
0.946252
-0.457348
1.146
-2.34859
0.301683
1.8184
2.66226
3.33726
-1.82221
-2.36019
0.301671
3.35088
0.669022
-0.132427
2.27385
9.81323
0.961415
-1.71683
0.550936
-1.33694
-0.412366
1.33086
-0.527205
2.81658
0.856295
2.28404
-19.8014
-0.173012
-1.42879
0.564416
-0.210449
-0.48232
-0.771714
0.503551
-1.66628
-0.855246
0.228027
0.278148
-1.48916
-1.7116
18.5501
5.4751
-0.606592
-0.722578
1.63851
0.424864
-0.0139548
3.28452
2.72669
9.5721
-0.547763
1.40116
0.537418
-0.511253
0.282316
-0.264408
-0.218571
0.822559
1.07739
9.52806
2.24463
-4.83012
0.461412
-8.56506
-0.411199
0.0361897
0.307473
-0.694014
-0.823861
0.964674
3.10028
1.56651
0.80872
9.66005
-8.12277
0.328192
0.550729
0.291109
-6.27641
0.825742
0.0398258
0.481405
-0.699022
-2.74316
0.89357
1.25387
-3.91976
-2.49525
2.3505
4.28364
3.26538
-6.36308
0.661915
0.0341222
1.61945
25.2327
-1.09476
-0.465119
6.43441
-2.51545
1.09626
-1.41442
1.20217
1.5969
-0.0602773
8.06066
7.81406
5.83269
16.1816
-0.851272
-2.51908
-89.2369
0.471417
-2.59573
-6.31247
-2.05342
0.334332
1.43666
-0.106454
-0.887674
-6.57399
-1.57465
-2.28947
2.28355
0.124816
-0.571143
-7.95103
-6.09757
-1.55321
0.215306
0.599839
3.36034
-0.506968
0.127203
-0.208931
0.345543
-2.02599
0.652893
1.17479
-0.162087
2.02482
-1.12314
-0.272856
-2.02634
-1.835
-0.732181
-0.398164
-58.7842
1.67835
5.44207
-0.968402
-0.247031
0.00243468
-1.7762
-0.683448
-0.874171
0.710571
3.19681
-0.203186
0.75696
0.351106
-1.71409
-0.944958
0.389808
-0.070324
0.0847345
0.249123
-22.4632
0.0555021
1.71556
0.833306
-53.1169
-1.22339
-12.4214
1.27664
0.49093
-2.6857
-1.40918
-0.350756
-1.23972
-3.72529
-2.21176
-154.917
-0.243404
-1.16985
-2.05452
0.725035
0.460072
1.27271
2.05249
1.0164
2.37734
-2.48516
-4.36981
-0.328038
1.87477
0.667243
4.44472
2.58573
-0.548485
0.760507
-6.34608
-1.79725
0.807939
17.8409
-1.16362
0.497535
-0.797118
-0.741234
-3.42396
0.0498334
-0.842136
-4.72689
0.512806
-0.486336
5.34505
2.14591
-1.59541
0.826663
-0.135161
0.514844
-3.00225
-0.0869315
0.292933
-27.1843
-0.0306394
-1.57656
-2.37541
7.817
0.510197
0.0723374
-0.508044
-0.972473
1.46306
0.0366296
1.42711
0.15927
0.439736
-0.381224
0.96929
8.05253
-2.34426
0.848912
3.84029
10.1006
-24.5093
0.444351
0.568805
-1.07879
-0.283985
-1.05452
0.0879245
-0.483176
-0.247253
-0.630373
0.816573
0.255507
0.0044651
-0.195809
-0.253975
10.3021
2.42971
1.40833
-0.782397
0.646146
0.860611
0.282379
-0.059373
-0.107327
1.35969
-2.90312
-0.143347
-0.721651
0.353257
1.16855
2.3838
-0.833389
4.43905
-0.521995
-0.0325109
-0.648519
2.61828
0.508742
-0.458868
-20.0814
-0.618344
1.08859
-3.99461
-2.78182
0.425094
-1.28896
-0.0161369
0.755893
-0.419375
-54.3869
0.201404
0.942282
-7.07034
10.5597
-0.918705
0.0836343
1.08423
0.641812
-0.410142
1.76272
-1.00095
-0.0603317
-20.4088
-0.508453
-0.251022
-0.598362
1.36362
-1.17697
0.193909
0.588592
-2.90416
2.94397
-0.00600173
13.2605
0.406617
0.297434
0.120863
-0.698502
0.6671
-3.13252
-1.13229
0.254825
-1.61384
-0.950807
2.1382
1.54673
1.6481
0.399458
0.22963
0.0375477
0.0503202
15.9743
0.228038
-0.78246
9.22475
-0.792485
0.822388
0.640896
-1.45696
0.505155
-1.81878
0.318617
1.37665
0.146391
5.69612
45.5412
2.267
4.46721
25.3773
-0.0672856
1.45109
-0.461238
2.93293
-1.3659
0.284392
0.473389
1.55508
0.375447
-0.0880319
-2.23396
0.462244
-0.552543
2.58644
7.38339
-1.14668
1.86522
-0.158439
16.3077
-14.4088
-0.0656495
2.28092
0.381206
-0.694184
0.559737
-11.2997
1.13841
0.331036
-0.292884
-0.937154
2.68455
-0.506015
-1.22481
-0.585136
-1.43121
-0.210017
1.17006
-2.73455
-0.565274
-13.0713
13.455
1.8834
-3.7326
4.46302
-0.602869
-0.303962
-0.938216
1.16041
-13.4385
1.06177
3.61971
-0.35789
0.165696
0.432427
-2.78011
0.187845
-1.02985
1.52956
-1.5588
0.158936
0.486719
3.55404
0.153088
0.367909
0.351088
-1.38687
1.93993
-2.53719
-1.72209
-1.87483
-0.345945
-8.83177
-2.20335
-7.56209
-0.23297
3.44526
-0.993741
-3.94437
-21.8025
1.26928
4.14284
-0.261943
0.154147
1.66258
0.15789
-2.53448
-6.56612
1.42542
0.492022
0.0333523
1.1311
-0.775679
31.3587
-0.877629
0.852116
1.60053
1.0737
-4.04054
-4.51671
0.823869
-1.80264
0.0166286
0.256696
4.12389
0.502516
0.315027
-2556.95
0.136358
-4.58076
-1.6702
-2.67333
-2.2967
-1.06305
19.8663
2.19359
-0.873779
0.326651
0.91746
0.153228
-0.41475
-3.65376
12.6811
-3.35748
2.23653
0.342105
0.271422
2.4758
4.32259
-2.664
0.546429
15.5657
-0.943548
2.72211
-0.0886821
0.482946
-0.939697
0.550689
0.122989
-2.26816
-1.23108
-0.257328
1.25716
-14.478
0.306787
-0.455968
-1.33715
15.0641
-0.24264
0.607548
56.3365
0.287426
-2.29496
0.309759
0.474151
0.402906
-1.01193
-1.5575
-0.578564
-0.891515
-1.25842
1.9588
0.53457
-0.676283
-1.07031
2.33965
0.782737
-2.31419
-3.96595
1.24296
-16.1218
13.0171
-0.654051
-0.767647
-0.235917
-0.235017
1.96911
5.2616
0.0689148
-5.22371
-0.406169
1.71206
-1.45603
3.11858
-0.401287
-0.44416
5.53227
1.9766
-5.44943
-1.18531
0.0862835
-2.27952
0.526691
-8.75869
-1.75871
5.77354
5.74852
0.355252
3.23747
-1.86854
-0.870427
1.97229
-2.12282
-0.882722
-0.976612
1.13521
-0.710514
-0.907376
0.673681
0.166018
0.477973
-5.85885
0.226922
9.2953
-0.34507
2.42279
-0.462998
1.75176
-0.462654
9.19451
1.42612
-13.5054
0.808799
3.91681
3.9762
-0.843785
-1.35734
-0.463013
-1.61108
1.91395
-1.688
-0.264128
0.314723
0.640379
0.869091
-0.621996
0.486064
-2.67564
0.825159
-1.40974
0.487335
0.129533
2.45003
-10.4626
2.00753
-0.457531
0.208733
-1.29732
-37.4673
-1.02205
0.188688
0.296833
-0.792521
0.281635
-0.314197
-1.77501
-0.384465
-1.58857
2.78156
0.902552
-0.315837
-0.471877
0.580824
0.0203621
0.199179
0.508437
-0.142178
0.853153
-2.97404
-1.05567
-0.255148
19.7163
7.06319
1.15594
-0.955797
0.135222
-0.632553
-6.29584
0.0925258
21.5685
-33.5545
2.92885
-0.0819184
-1.73542
-3.58649
0.437454
0.143394
-0.136077
2.0499
-0.965968
1.08345
0.154581
14.8417
0.720477
0.783077
1.02652
0.13007
1.76085
1.19094
0.086323
-1.76064
-1.72909
-2.11214
-6.33022
-6.26318
-0.372785
-1.89601
-1.31131
266.414
-0.634269
-0.410459
1.07673
-0.746489
-4.31186
-0.437149
4.45639
-0.999137
-0.495026
4.01051
2.47726
2.02997
19.0966
-4.09646
49.974
-30.6049
-0.569546
1.05927
-2.38061
3.3354
0.84659
-0.808674
2.13802
3.43707
3.07467
-0.324807
3.95353
0.545036
0.808346
-0.330686
-1.67285
0.0868712
-0.390064
0.207548
-2.58603
0.224468
5.72605
0.446715
0.109074
-1.02998
1.46966
114.506
-3.03014
1.33396
1.32886
-0.701594
-6.52607
-1.39867
-0.229488
0.146674
-2.08295
-6.20705
5.74435
4.47897
0.421222
-0.487009
-0.149356
-2.59689
1.92047
-0.826697
-4.78056
-0.440498
0.190704
0.380502
0.411043
-0.737274
4.81712
-0.81596
3.97936
-0.354675
0.334739
11.3475
-3.18626
1.09459
3.52732
-0.118758
0.0987795
-21.1046
-19.8105
1.15023
0.258136
-0.399267
0.914671
-1.07558
2.69683
0.000194912
2.01443
2.30838
-2.61306
-3.37184
2.02791
1.18868
0.0595785
1.12466
-4.51423
-0.364738
0.237993
-2.27714
-0.817689
0.693105
2.03508
-0.432707
0.220992
4.08494
1.92472
0.204373
-1.71871
-1.15747
-25.0905
0.313789
0.249903
-0.196382
-3.24303
-5.24145
-2.09595
-8.61641
0.1056
-7.76564
-1.21484
0.179973
1.83634
-0.0160037
-0.245351
0.597169
0.293255
-3.02714
2.96489
-1.74963
0.229167
-0.0501622
-0.563998
-35.2441
-0.627548
-1.25306
-1.551
-3.50018
12.8936
-0.044674
0.13788
-0.938328
2.25681
1.35094
4.27817
-24.2793
3.82995
-0.0836162
-0.832081
2.51476
14.8565
-1.52711
-2.2255
2.63835
-1.49717
0.493499
0.454718
-5.51078
-0.705306
-0.574533
-0.135822
-5.66401
0.259863
1.06919
2.8209
-1.62291
1.11742
1.43504
1.40535
1.27842
0.695375
0.186817
6.41864
-3.21335
-0.170126
2.84107
1.51116
0.843956
-0.793518
0.94274
0.150859
0.62178
1.56475
-0.780225
-0.863595
10.9977
3.05284
-1.22281
-0.732704
0.898506
12.7001
0.213802
-2.23603
1.59296
-1.87547
0.250986
-1.48662
2.57106
1.75545
-1.96245
-0.120831
2.06157
0.470778
1.10256
2.84775
-3.57085
-2.03562
0.609683
-0.640188
-0.0378991
-0.868452
0.187811
0.643038
1.29127
-2.26069
0.379581
-0.438131
1.19149
-0.137257
-0.12435
-0.592477
-0.241239
0.752574
-2.5934
-0.143992
-0.270031
-9.62287
-0.578173
2.60174
-0.255733
0.228396
-3.31351
-2.2529
-0.0669371
-2.76579
-0.164299
0.376412
0.263013
-0.756848
-0.477824
-0.267915
0.108062
0.799978
-79.2383
0.110183
2.7993
3.36403
0.525706
-91.267
0.593038
-2.14085
8.20105
4.19199
-0.00445088
2.27142
0.299266
0.862122
-0.0599375
-0.915941
0.278162
0.826096
-0.510756
-0.0250648
0.187809
0.124509
0.00083988
-0.00751141
1.76429
2.64876
2.51734
1.16314
1.3989
0.615969
2.92372
1.32551
-2.0472
3.01565
-0.951082
-0.154228
-0.292084
0.40343
-26.4143
0.89461
0.436776
-3.77783
0.684429
-2.45476
0.211217
93.764
8.25644
-1.4731
7.87468
1.36937
-29.406
-0.359999
0.798363
6.57761
0.302925
2.14981
-0.110045
0.865091
-2.63572
-1.47921
0.402337
0.0949988
-2.67252
-0.0329814
0.129711
0.509504
-0.505898
-14.3597
1.80526
-1.74093
-0.0264914
-0.213292
1.61965
-0.406144
0.0490248
-0.409185
-0.436668
2.12937
-0.104254
0.435755
-0.529514
0.241034
0.417133
0.888105
-0.345723
-0.243168
-0.844959
-2.22769
-0.0397903
0.0948259
-1.26886
1.38462
-1.31425
-1.48275
8.84809
0.494815
-0.539278
0.0760276
13.201
-1.91006
-2.11196
2.6445
-0.905971
-0.728431
4.39792
-2.19094
-3.97098
-0.0877349
1.66728
0.659881
2.57333
-1.45961
-2.2589
0.489101
-4.43274
-1.20862
0.148172
-5.43914
-0.0294483
-1.20008
-0.0661469
1.10329
0.126513
1.48101
1.25722
1.63609
-0.352652
0.249244
0.448866
10.1651
-3.18068
0.65915
0.289452
1.23138
-0.735029
0.149188
1.6174
-0.35159
0.411992
1.19327
0.992766
1.84545
-3.11529
147.584
7.01546
-3.87367
-0.0425087
-8.1172
-1.69574
5.27746
4.94754
-0.78256
-0.894506
-1.12881
132.134
-0.750229
3.94269
2.71772
83.8511
-0.502446
-0.388913
-1.58187
-0.685375
-0.050401
0.603232
0.275028
-1.89854
-7.39709
0.611092
11.1475
-1.0228
-0.287557
3.12785
-1.57828
3.72091
-0.615144
0.706581
2.14547
0.956147
-0.52133
-0.020382
0.593859
1.36417
-1.13179
0.547862
0.0889797
0.910504
-18.8005
0.205735
-0.323826
-1.78251
-1.03948
-1.76518
-2.63261
0.0152179
0.656493
0.836635
0.764431
7.14114
-0.176197
1.49953
1.38293
-0.0774611
0.223457
-1.40015
-0.0573865
-1.90316
2.03629
-2.36421
0.0807729
-0.325635
-1.73141
1.0895
6.10742
-4.29361
-9.97501
0.081583
0.215676
-1.12321
0.781253
1.21142
1.57872
5.30189
-0.170167
-2.41003
2.15295
-5.13132
11.1901
0.904318
1.49824
3.23347
0.336096
2.28799
-77.5584
0.0999747
-2.85512
1.68838
-1.02882
-16.4217
-0.858654
-0.617648
-1.32049
0.128469
0.424126
0.198525
-0.126771
0.546217
0.475057
-1.66612
7.46494
2.46896
0.944661
0.00176344
-0.978573
-0.215896
-0.465453
-4.83787
-0.260376
3.81106
-2.64839
2.24856
-0.0198192
-1.31656
-0.559898
4.44426
-0.241658
0.589679
-0.507949
1.55726
-5.46756
-0.850609
1.77285
-3.99044
0.138665
0.428585
-0.425256
-0.525212
-5.35511
-2.58722
3.88833
-3.74498
4.46408
-3.00976
0.569381
2.31029
-174.053
-79.2416
-4.48325
3.1167
-2.39854
8.25705
-0.207063
-0.101226
-2.38475
-15.7534
-0.922961
-11.1739
-0.185581
0.411736
0.519147
-0.860966
0.418428
0.224261
0.452753
2.53868
0.622301
-5.12237
3.67758
-0.0275284
-1.09449
-3.55835
0.40323
1.7309
0.916964
-1.0969
-1.58872
-0.700346
1.67969
-11.5738
1.13328
0.885162
0.234618
-0.541036
-0.192021
-0.912801
-0.0912958
-2.58196
0.0132482
-0.427491
0.0770697
3.45467
0.576106
3.14085
2.57761
20.6776
-1.37487
0.0622244
654.377
-2.24195
-2.20283
0.0964412
0.981548
-3.30324
0.708072
2.10927
-0.499242
3.20516
-2.79786
2.03887
1.83695
-0.340663
-0.197483
0.675023
1.17989
-9.89652
-1.70489
0.910832
0.513604
-4.60467
0.478036
37.7335
-0.383954
-2.72703
-2.92083
-1.16483
0.0128392
-4.00408
-6.20076
-1.74272
0.247047
-1.89384
-1.99801
1.17037
-0.18929
-1.41458
8.1909
-0.490969
7.80893
0.329784
0.0821412
0.555671
1.77454
1.08155
0.137901
-0.237536
-1.79036
0.0831882
-0.40722
0.538575
0.293417
-4.05099
-0.532595
-0.752132
-2.07329
-2.35294
-42.3705
1.81049
0.432226
-53.2606
-0.985779
1.78742
0.248221
-0.453967
0.725061
-1.19998
2.70292
0.539804
-0.355548
3.26939
0.840508
-2.02986
1.88454
1.12055
-0.00372154
0.534671
-1.0137
0.215414
0.0966771
-3.47709
3.89819
-1.23197
2.63394
1.27995
-0.622967
0.0623512
-0.769114
1.25042
-0.388278
-0.508304
-0.390888
-0.540613
-1.02463
1.97977
-3.2264
1.95967
-1.03025
-0.450531
-2.25627
1.145
0.638857
2.4316
-2.16159
-0.213979
-1.07269
0.345258
0.208737
0.768836
1.97699
2.55802
1.2504
-22.6627
1.34546
4.90175
0.14765
0.378331
-0.260781
-2.12455
0.806027
-0.0602068
0.636947
-0.321497
-7.08784
-259.107
0.491739
0.86646
0.428571
1.79872
1.26414
1.02293
1.09214
3.49417
1.64175
-0.378512
-9.72513
-1.43874
-10.3897
-0.813798
-0.131698
-0.452828
-2.74162
-0.686982
1.52876
-1.12315
1.96471
-0.231073
0.293297
1.34449
-0.269434
23.483
-1.23825
-3.88763
0.261059
3.48487
-1.21568
-2.07438
-0.770401
-0.209073
-2.87305
-0.463889
0.11093
-0.50746
1.20989
133.757
0.18098
-0.892562
3.70181
0.0313216
0.951084
-0.500502
1.50403
0.22545
-0.129896
0.511664
-0.223071
1.06044
1.89575
-0.377907
1.3533
0.903196
-1.70766
0.707791
-8.38453
-0.117676
1.23826
0.870934
-0.910884
0.673387
0.0723314
0.301029
-0.381955
4.86592
-10.9026
-3.96727
-0.697894
3.18514
3.72654
0.06641
-0.946781
1.34291
0.123553
-0.0937077
0.528372
1.90036
0.345988
2.71219
10.8879
1.82608
0.814084
1.08277
2.14755
0.936762
-1.90268
0.580048
-0.345281
0.770117
0.578721
-1.96623
-4.17573
-0.697894
0.764004
-0.433392
-1.24312
-0.321623
-2.24129
-1.23053
3.05382
-0.350383
0.123518
-1.63421
3.10304
0.468531
0.29801
0.533447
3.09984
4.92955
-0.91259
-1.89459
-1.53531
4.70958
-0.627209
0.524952
1.55478
4.56308
1.79666
0.249845
0.0121103
0.856351
0.395337
1.2705
-0.459584
-0.617626
0.636115
-0.335722
-0.291262
0.659577
-10.3985
-0.769886
0.778626
-0.428027
0.368039
0.0638452
0.291661
10.5021
0.226774
-11.3515
2.06429
-0.93281
0.294368
-0.512546
0.708323
-0.827653
-11.0208
-0.782694
7.08529
-0.656602
-1.18192
-0.754842
-0.778767
-1.31228
-0.366268
-3.82869
0.696696
-0.377008
-0.406592
0.755582
-0.929886
0.467494
-0.101588
2.13124
-0.62367
1.84494
-0.429043
0.217643
-1.21236
-10.432
1.96088
-2.05705
0.378366
-1.32409
-0.723362
21.0325
10.2099
-1.97657
2.33606
-0.0754177
-0.0961726
-0.192013
-1.14231
-1.291
1.56697
2.38073
4.14648
-0.553575
-1.94533
-0.336384
1.00464
-2.84306
-0.119482
0.53529
-2.00922
1.24593
0.365172
-2.6959
2.34583
-0.429585
-0.154581
-1.32204
2.23996
-0.448327
-0.467555
0.414052
1.76281
-2.32795
4.51852
-0.824907
-2.0639
0.467598
1.23222
-10.2097
-0.855874
-16.14
-1.32198
-1.35509
-0.680927
-0.608284
-1.38682
-1.52733
-0.630987
1.4764
-1.19017
1.19553
2.24909
0.0360688
0.852772
-2.4367
12.2773
0.381498
-0.000373579
-0.231058
-1.87662
3.63818
0.356595
-28.1053
1.85994
-2.79649
7.17937
-0.265476
0.7431
0.181767
2.93907
-0.0695326
-2.12705
-0.0395074
2.17474
-0.235951
0.0539252
-1.10187
-0.319301
-16.2599
0.789685
6.00109
2.91862
0.821184
7.60307
-6.55912
1.54943
0.146438
-3.82264
-0.496915
0.431297
-0.301382
0.44081
18.1098
0.963261
-24.7366
0.00449521
-0.612648
3.08712
0.69206
183.387
-1.81011
-1.3291
0.1324
-2.5257
1.55402
0.345762
1.16443
0.529788
-0.765158
-2.58351
0.356699
2.31104
-1.72963
3.07431
0.342389
0.710253
-0.221485
0.0909867
-2.66858
-2.23213
0.180584
-0.97281
1.5984
1.62508
1.11416
0.544745
-2.01582
-5.05107
0.00199239
-0.772383
0.386697
-0.157544
-5.47374
-1.47776
-0.420969
-0.0297853
-2.76359
0.137218
0.551763
1.8404
-0.416688
2.84724
1.29906
1.53865
0.010131
-0.770773
-0.051241
-3.16334
0.0962035
0.237997
-1.52587
-0.0115427
0.033554
0.705569
-0.302539
-0.880871
36.9499
-0.18294
-0.698153
-0.378024
-0.769373
-0.871671
0.187256
1.70347
-2.59062
2.096
-0.285691
-0.86449
0.213422
-2.6719
0.484943
2.2635
0.978688
-0.71162
-661.215
14.0606
-2.16343
-0.240822
0.252361
0.857048
1.98457
-1.02419
-0.685286
1.71565
2.59996
2.37154
0.884624
0.754177
-2.1174
3.21787
0.283546
2.02469
-2.8725
4.07473
2.69597
-0.71508
0.204457
5.23491
0.549567
-4.08579
0.0696788
0.4613
0.967793
-0.556737
-3.63606
-1.83974
12.2473
0.0792161
1.33909
2.29514
-0.775725
-1.12631
10.2967
-1.73464
0.209586
0.437504
-2.87155
-4.45316
2.86427
0.0431746
1.19534
-1.03606
6.24803
-1.27603
-1.97238
0.351403
-3.57779
-0.789556
-13.1605
3.25506
2.35783
-0.836814
-102.36
0.197469
2.31479
3.82924
2.37723
-0.58949
-7.62544
-0.72842
-0.127193
-1.9566
0.352802
3.89361
0.601418
-0.549198
1.49324
-0.936652
-0.74597
0.684028
0.257694
0.571078
-0.637985
0.122217
40.8771
0.222008
1.11897
-1.03092
-0.421405
-0.995022
-1.87119
1.40662
-0.325137
1.44979
0.0730749
-0.581243
3.7924
0.0948707
-3.64924
1.35526
-0.712908
0.267776
2.63818
-0.495702
0.179209
-2.00678
-0.949183
7.64595
-1.10948
0.167115
0.186552
2.2154
0.775805
-0.470946
1.24496
-3.87336
-0.651376
0.613435
-2.2648
1.42485
-0.506909
0.666031
-0.565026
-1.00655
2.66734
2.56652
1.53029
-0.87882
5.04713
1.75623
-0.225133
-0.172906
-0.747546
0.301752
-1.54577
-2.53998
0.138052
1.70191
-0.254116
5.9321
0.0894623
1.68667
-1.14923
-0.995575
-0.192313
-2.08864
-0.102646
-4.15399
6.18299
0.786248
0.269275
0.166986
-2.87597
-0.211816
-0.763297
4.59607
0.476049
-0.451124
-2.3964
-1.12805
-3.19901
-0.193612
1.88594
0.353294
-1.17303
-0.0580226
-5.20282
-0.0156518
-1.90032
2.56276
-0.144589
0.638892
0.274896
4.31993
-1.24566
6.63479
-0.0370703
-0.437638
-0.377558
1.16125
1.21892
1.08967
-0.468071
0.100565
1.68494
0.0449587
-2.81716
-0.18143
-0.225007
-1.65188
-0.478794
-2.41608
-1.12556
-0.952508
-4.21029
5.09717
1.02781
-0.257531
-1.71467
-0.652251
-2.1296
-5.19357
0.454673
-18.1129
-28.6117
-2.81344
0.148434
-1.39517
-0.350888
1.54438
-0.0873477
0.436575
1.1244
-1.54258
2.05544
3.39672
-0.206442
0.844015
-38.6866
0.326305
7.25194
-1.00632
-9.1159
0.438079
1.46121
-2.91555
1.2701
0.898993
4.21112
-0.0271364
-0.999475
9.00636
1.51752
1.00419
-0.361363
3.42053
-0.64762
-0.683022
1.95312
2.51369
-25.5127
-0.129254
0.393294
-0.356163
-0.609943
-19.0162
1.05303
-0.268094
0.543616
1.68882
-0.555861
1.91581
0.590247
0.101487
-5.65185
1.25054
-0.0226922
1.0948
-3.25033
-0.30749
-1.45947
-2.5568
1.30177
-1.76171
0.70079
-0.0251111
0.0848701
-0.978999
-6.06544
-0.833796
0.974059
2.35915
0.579446
1.83148
-0.921545
3.31498
0.0292555
-0.596863
1.56099
4.02489
0.405211
5.50572
-3.2961
0.598906
0.150104
23.679
-0.140529
2.81248
2.84801
2.35773
-1.55654
-1.98979
-0.616544
3.514
4.50008
4.30987
-1.38906
12.2657
0.363604
-8.41305
-0.372932
49.8949
2.20079
-10.3613
-0.771081
-0.985505
-1.69384
1.37399
-0.240952
0.141568
1.048
0.163175
-4.64675
-0.419016
-2.95568
-0.344953
0.929602
-1.84464
-3.33399
-0.592349
1.24244
-18.7477
0.567971
0.331678
-6.78977
0.665436
1.52597
-8.07722
0.457694
12.3607
6.99691
-2.15728
-0.728021
-1.20389
2.80856
-9.38778
11.6708
35.0632
2.60513
-65.9795
-2.82728
2.02752
-2.10612
0.0854034
0.192869
0.596711
0.0024725
0.165381
-8.11558
-2.23504
-0.974063
0.846674
-0.887545
-1.75501
0.551705
-0.12527
-0.318485
-0.112707
-1.44739
-0.626316
1.32497
0.632234
0.68604
6.76797
12.0537
-0.237876
-1.19085
-0.54643
8.03884
-1.29751
39.7851
-0.0475821
0.752447
0.808474
-2.30505
-52.9165
-18.9646
2.36706
-0.745566
0.0273354
-0.354203
-0.5989
26.1901
1.25653
-3.89185
-0.430314
-0.426468
-1.01593
-66.5898
-1.53652
0.421515
0.0797155
0.793504
-3.90246
-0.72387
0.717604
0.359916
0.532647
5.39757
-1.81533
0.905784
-1.18139
0.95439
11.8734
1.68037
-5.14592
-2.35344
0.420129
-9.82203
1.07028
-2.86263
0.891558
-0.782782
1.7513
0.253538
-1.09574
-0.050834
-0.573823
-0.620685
0.959827
0.287347
-0.0561118
1.37106
0.420103
-1.23447
-0.865428
1.55912
1.00111
0.91628
-0.244046
36.1486
-0.881301
73.993
-0.843187
-0.894942
-0.937086
-17.8616
-0.273651
3.33268
-0.946842
-2.9316
1.17139
-0.924954
0.323292
-0.0277317
-0.327494
0.950523
1.18906
-0.616781
3.26854
-1.63434
-0.11206
-0.0755585
1.56844
-1.103
1.41393
0.528383
-1.62244
1.43722
1.20923
-1.15263
1.8097
-0.572293
0.00570773
-2.26719
-0.42743
-0.680001
-0.219519
0.0101553
1.41373
1.27968
-7.30528
-0.0173022
-0.0888724
-0.0901557
1.70246
-2.50653
0.20915
-3.36553
-0.0725278
-1.14078
-0.112018
-0.633515
1.33952
-0.285169
-4.62837
-0.374957
0.0856792
2.41096
0.378514
1.07815
-0.657681
-17.4716
0.368361
-0.0140355
-1.60601
-0.673761
-0.0526137
0.0127405
1.52756
0.0230954
0.356559
-0.230817
-0.714505
-0.0535384
-4.33217
-0.307629
0.599076
1.48669
-0.650985
-0.979706
-2.56422
0.119284
-4.06127
5.30674
0.226981
0.100283
2.86515
1.43944
-1.31966
-1.39918
-0.0406479
-0.670963
0.732454
-0.0490949
-7.99946
-1.67154
3.11619
-0.924837
-3.15499
-8.28183
0.0857445
-0.236526
1.59621
2.01275
0.446589
-1.28734
-0.201317
1.7059
-1.29313
0.35257
8.23185
-32.0223
0.149464
-0.933886
-3.27894
-0.506303
0.662298
0.402057
-1.0972
-0.300932
0.686125
-0.6838
-1.70263
-2.01948
-1.32816
-30.3766
-0.216709
0.193227
-1.83689
-18.9837
0.829387
-0.50916
-0.312378
-0.841602
-0.437934
5.21319
-1.75071
2.77171
-0.198715
-2.78614
-0.662123
-21.7579
2.47101
1.21219
-2.19624
-0.799182
0.134247
-2.30891
-1.01791
0.0983426
-4.62004
0.802079
-0.409369
-3.83327
-26.5753
-1.19457
0.317807
1.97276
0.605046
-3.76259
-0.506506
0.864976
-0.20575
0.0310235
-0.806414
-0.608625
-1.18981
-1.80366
-0.019751
-2.55879
-62.2502
0.260333
0.213903
-0.177906
0.732611
0.819183
-8.70041
1.43961
-3.27546
0.185366
1.11709
-0.62077
-0.454854
-0.847939
-0.464467
-0.230968
-0.278392
0.489351
7.61905
2.25884
-2.85124
0.571264
-0.687441
-6.6436
0.508925
-1.10137
-0.655489
-0.683653
7.13334
3.28034
1.07797
0.0087196
0.334618
0.671776
-1.16347
0.464798
-1.83497
-0.138766
1.29624
-0.854643
-1.20164
16.7597
-14.4708
-1.75557
0.336809
0.601985
0.253418
-0.418493
-0.315418
-0.357521
-0.482645
-0.800964
-0.611559
0.211293
-0.0306157
-0.928027
-4.36273
0.0862513
-1.45351
0.674881
-0.511262
-0.803749
-3.50946
-0.589373
0.0402145
1.68352
0.790452
3.02013
-5.649
-0.788575
-2.34455
0.212264
-0.325172
-0.628069
-2.21671
-0.0802669
3.27621
-1.254
0.701027
1.97201
1.82684
1.37381
0.288348
0.295535
0.0697237
-3.7558
0.984947
2.68583
-0.235811
1.46583
-8.01329
0.632984
0.435571
-4.03641
1.46713
-0.717873
0.583627
-1.92887
-0.51588
0.464652
-0.0775209
-0.0954074
-1.19544
0.938537
-202.041
-1.50353
1.51973
-0.779419
-1.48179
10.4924
-0.520283
-0.00985211
-1.55639
-1.27622
-0.781128
2.91849
2.33723
12.274
-0.872064
0.447198
0.359773
-2.37025
0.39121
-0.183082
2.46894
4.00867
0.155094
-38.5239
-1.46791
-0.590033
92.4386
2.77631
-12.0186
-0.604307
0.0503844
0.0571738
-7.38184
-1.12598
-0.34917
-0.0495119
0.11598
-0.166593
0.685412
-1.89726
1.07526
-2.97122
-3.5428
10.9616
-0.304195
-1.65395
1.52958
2.04767
-0.396576
-1.86511
-0.716702
0.06033
1.15069
-4.42613
-1.94678
0.0403738
-3.25946
-0.234413
0.273737
-0.405753
6.46315
-3.77147
1.39129
1.5363
-0.452299
-0.908041
-0.354333
-1.45161
-1.34284
64.4537
0.0257792
0.182582
3.99267
-0.158757
0.834154
-1.09061
-0.756295
-0.531427
-0.776913
0.674482
-1.29866
0.966539
-2.43393
0.506734
-2.04799
-0.343851
-0.714062
7.08921
1.13632
1.13243
-0.461827
0.422647
0.851741
2.6536
-0.187044
0.139145
-1.27009
-4.24385
0.719379
0.415944
2.04361
-1.6295
0.339882
-4.11697
0.347931
-2.58121
-43.5819
-1.27236
0.09664
2.39677
0.965912
-0.131784
0.878972
-113.44
-0.559461
1.16917
-18.8715
3.99413
-0.806683
0.964623
-0.0781272
0.067953
-0.0182364
-24.4974
0.107353
-0.547054
-1.09666
-7.46079
0.569869
0.36843
-0.0738323
-2.76068
-0.565631
-0.141334
7.97167
-0.0607224
1.27103
-42.3085
0.415292
0.490799
1.09395
-2.12216
0.0994836
-0.227406
-0.609803
-0.728891
-0.631394
1.60457
0.354048
8.08491
1.32611
0.378862
1.34564
-13.1242
3.28822
0.696591
1.49788
0.578266
7.53119
0.681674
0.0788424
2.35542
5.66528
-0.57248
-0.488171
-1.03528
0.102043
-4.30922
-2.45291
0.606826
0.868505
-0.406253
0.482884
0.35865
-0.14572
1.69392
1.24125
-0.649713
-2.85666
-27.5633
0.166404
-14.6074
1.20043
0.985721
-1.43948
0.417777
-2.77899
-0.297153
-1.09452
0.468318
-0.141985
-0.512667
-1.7824
-0.636573
0.85492
5.25472
1.28407
-0.294649
19.489
-0.614571
-8.52475
-0.364768
-0.813372
1.93173
-8.26132
-0.480758
4.23204
-6.58833
-1.68099
-0.091651
1.48967
-0.456881
0.847333
-3.49067
-0.00322521
0.383126
0.0831675
-0.587515
-1.78036
-0.978137
27.38
0.965573
-0.826969
-1.83912
16.6146
-0.4105
-221.478
-0.389263
0.799075
5.38507
-0.327555
-0.633064
33.8887
-1.03113
0.423987
0.607366
0.0331775
-0.116537
-0.355343
-1.76332
1.0333
-1.26377
-0.365268
0.442597
-0.993857
6.66914
-0.41328
0.784805
-8.27246
1.27555
4.44253
-0.453534
-6.10254
-2.29472
-1.44824
-0.144068
-4.39612
-8.67632
-1.03251
-0.726131
0.0593223
-0.900032
-0.963036
-0.145791
4.4405
2.62009
0.577741
-5.97806
-0.191123
0.414316
-1.15589
-0.628702
1.01383
0.450743
1.57189
2.16777
0.875792
1401.96
0.852355
0.197318
-1.44066
0.386469
-3.59081
3.27115
5.78193
0.0474228
0.174875
4.31314
-2.52426
-0.654325
0.709562
0.441802
2.01139
-1.14846
-4.22923
0.435927
-4.44494
-1.30323
-0.70931
3.89931
0.151321
0.529212
0.822364
0.889927
-1.72451
-0.0115592
-0.466574
-1.30876
-1.18899
-1.45827
-0.319405
-0.0464921
-1.54689
0.701568
0.453734
-26.6246
-0.776591
2.36107
-2.19923
1.50295
-1.36156
0.934938
-1.10214
-2.29598
-0.711404
-6.96815
0.692121
-2.48284
0.436948
-1.06033
-2.32095
1.86067
-0.611888
0.550278
-1.34939
-0.252095
-1.29399
4.87147
-1.24029
-0.142191
-0.231018
0.989378
3.26446
0.159555
-1.33142
0.429304
-34.2233
-0.494638
-0.174458
0.155759
0.984945
0.45823
-4.87078
-0.188255
8.53175
2.18503
39.0652
3.2634
0.255366
0.732402
3.37856
0.8005
-9.48759
1.08364
-3.10298
2.31019
2.65914
0.593594
-1.47422
0.126852
-3.81359
0.444666
-0.31795
1.06172
-14.4788
-0.198449
-0.594326
2.7256
0.476977
0.248452
-3.3169
2.55924
-0.590425
-1.47057
1.01262
-0.361648
-0.821612
0.471167
1.13602
0.279219
0.863706
-2.39388
19.1828
49.9448
0.0233352
0.231598
0.980923
24.6153
5.01699
0.443497
-128.339
16.5734
-2.19361
-4.1084
-0.837956
0.00814742
-0.373734
1.72287
4.85032
-5.21942
-2.43706
-0.96358
-2.19333
-0.990327
0.74999
-0.270841
-1.18858
2.3396
0.820699
-0.724301
4.10255
6.1279
-0.612623
0.957474
-9.20193
0.343152
84.9528
2.79702
-1.20991
1.71883
-1.86127
0.827569
-0.115009
1.90391
-0.0642467
1.22144
2.61855
-0.132896
2.88205
0.536374
0.529455
-2.06247
12.6149
0.230533
-5.02452
-0.82912
-0.131671
0.792169
-0.605054
-6.75673
-0.440906
-0.707105
-0.593087
-0.640933
-0.118507
1.0793
0.0991045
-1.84686
-1.71397
-1.05496
-0.97071
0.23195
-0.83397
-0.26826
-3.40153
0.794347
1.29552
1.94195
3.17406
-0.540661
0.721484
-0.411809
0.0372376
0.516408
1.62211
-0.50718
-1.39398
-0.222914
-0.0547552
1.00111
-1.17044
2.75233
1.594
0.817166
-0.366086
0.0914188
-0.390728
1.77461
-1.59889
0.364155
-0.995334
3.89568
0.534926
-4.34909
-5.3787
0.380265
0.355585
7.49886
1.10052
3.6999
1.82201
-4.88095
1.96555
-1.3217
-0.332578
1.61852
1.38634
-0.256923
0.230208
13.7695
-2.43716
2.08349
0.271579
-2.02468
2.82989
0.438261
-0.330248
-0.0261208
-1.03479
-0.29399
0.902411
-0.665836
6.95874
-9.05857
-3.04522
0.130355
0.72768
-0.190425
8.74164
0.748165
-1.52481
-2.47732
3.96892
-8.99856
4.18809
-0.82024
-2.95845
-1.02102
-1.53827
3.00739
0.530555
9.15506
3.54871
1.60393
-0.226538
0.256452
-0.834942
2.40942
0.39488
1.20953
-1.3338
-1.60955
-2.31342
0.22088
0.287553
0.298599
1.20572
-2.94983
-1.47822
0.347436
3.30924
-2.48708
-0.305914
0.365927
1.45142
0.765067
0.083875
-4.06507
-7.67717
-0.294067
-0.0676609
1.52168
-1.77965
1.07833
0.436744
-0.0793726
-9.98282
0.315135
0.155851
3.76588
0.413606
0.581785
-0.578794
-1.56901
-0.911196
-1.20429
-5.05422
-7.89744
5.65574
-2.13603
1.49819
-0.902104
-2.41168
-0.040276
0.262733
0.495423
-15.237
0.392147
0.0472758
0.770844
-0.137481
0.500267
0.174019
-0.487593
0.411018
-4.0731
0.0947815
3.71949
37.3574
0.0837114
-3.35141
0.058148
-0.0970002
-0.186241
2.25994
40.6379
0.129826
-27.3633
-0.176283
-3.77451
2.44047
-0.0433673
-1.00589
-0.790594
-2.42789
9.92903
2.02565
-0.982689
-0.0405604
0.15436
1.51782
0.589601
1.21769
0.151221
1.1504
-0.436665
-1.35448
-0.596673
-0.935117
0.399443
0.612458
3.049
-0.379819
0.419524
-1.40819
1.15213
-2.65627
-25.3522
-14.8711
10.3681
0.0464223
4.74537
0.10663
1.02741
-0.660156
10.0059
0.459778
-4.34254
0.460418
1.43256
-0.381498
-1.10834
3.14208
4.28694
-1.05988
-5.70979
-2.54697
-0.980206
0.721451
0.244111
-0.387554
0.790524
0.22459
14.892
0.413736
-0.0143285
-0.489526
-2.12602
-1.23077
-0.120412
-0.801085
0.568646
-0.3511
2.58118
40.2578
0.33139
0.719679
-77.4773
-13.8265
-0.339373
3.72363
-0.982604
6.03271
-1.03946
-0.869778
-0.233781
0.73078
1.0128
-0.299539
3.68305
-1.02125
0.0964565
-0.365072
-0.465186
-4.69705
0.291636
-0.386058
1.80306
1.22035
-2.91146
-0.267044
1.26443
8.77331
-2.25287
2.36959
-1.72972
0.66935
2.18319
-0.388273
-0.986456
0.359792
-2.50559
0.14137
1.82692
-5.16342
1.59326
4.47038
-1.38612
-8.85597
-0.0985672
-0.903605
0.119302
-1.14953
0.121297
0.612564
1.9133
-0.28522
13.166
-0.705039
-1.8269
0.739967
7.55281
11.0034
-4.0025
-1.98737
2.40138
10.689
1.67471
1.65894
0.141279
1.28598
-0.330013
2.1611
-1.16489
0.307806
3.43794
-1.23873
-0.0114809
216.783
-25.7748
1.06521
-0.555078
-0.483631
2.44435
-3.13477
-1.30371
-5.54742
-0.420029
0.584824
-1.42756
-0.748697
-0.552772
0.05011
0.283509
-4.7969
-2.52217
0.562123
0.0194348
-1.97866
0.217682
1.45738
0.337982
0.963015
0.446049
0.530222
-0.251966
1.6244
-1.94482
0.348464
0.230956
-2.8052
0.879286
-0.178834
-1.34428
-0.0699631
-0.28692
-57.1507
-0.261005
0.160486
-1.93267
-0.261744
0.0760706
0.325666
1.90324
-0.484498
-0.684834
0.944894
-0.841092
4.48522
-0.00285978
0.60903
-0.763041
-9.33644
-1.11694
-0.362611
-1.08323
1.5848
-1.61003
-1.26984
0.268506
-1.92052
1.9516
-10.5649
0.344434
-1.87937
-1.01305
-0.84086
-0.856159
3.74615
-2.00902
0.206754
-57.7269
-162.685
0.512982
-7.32155
-2.62487
171.662
0.466873
-1.86696
-1.13745
2.55151
0.00360336
0.00683998
-0.169171
-0.788136
1.97813
-0.342575
-1.49592
0.491802
-0.23665
-0.106687
-1.87066
0.0695076
0.195761
-2.24197
5.8976
-0.397099
-1.02403
0.502741
-0.447616
-0.47479
-9.0951
1.05111
-12.8509
0.705693
-0.438334
0.559561
2.01697
0.785259
-0.117097
1.18819
0.772398
-0.902653
4.01999
-1.58956
0.46313
-0.682499
-2.84776
0.679374
-0.47621
3.65951
1.22724
1.85594
-0.358818
-0.668696
0.150082
1.49037
-0.236721
0.905805
-0.161672
0.108793
6.71041
1.33022
0.573762
18.2751
1.60596
-0.693867
2.11374
0.468527
-1.68352
0.414138
-1.4473
1.68948
-0.0672834
2.01092
-0.648925
0.122496
-1.65996
-0.0738145
-1.82635
-6.01793
0.291416
1.54447
2.13476
-5.03305
-0.0279367
1.33582
-2.28288
-2.35908
1.77585
0.611268
2.8155
0.902558
-1.35695
3.48337
-4.89688
1.76819
5.92906
1.72989
-0.91614
0.858342
-1.27302
2.17287
2.6655
0.17644
-0.149817
1.89325
0.896891
5.78495
0.845505
-5.31171
-0.061957
-0.800265
-1.81652
0.378533
0.942044
1.1428
-2.12427
-1.1462
20.9932
-0.109742
-0.584385
0.0599228
3.79828
-0.400869
-1.46921
0.654078
1.70751
-1.18229
0.777751
-0.0132614
-1.21203
-1.06385
2.12951
-1.37918
261.898
1.58412
1.38058
1.00922
-1.09572
1.19955
1.56312
0.164469
5.25344
-0.317464
-0.41625
49.4906
0.190769
-0.114374
-0.600244
0.128402
0.176035
-12.3443
-28.4221
0.241565
-0.422117
-0.452264
2.5637
-1.32209
7.17475
1.24799
0.840666
0.091761
-0.637518
2.50345
-0.801842
0.48701
0.73545
-0.17963
0.841492
2.30066
-1.62721
0.0216579
2.60125
-1.23154
0.859962
-1.84218
0.0509975
0.581508
-0.609511
-0.358255
-0.0607616
1.66579
0.719346
-0.714623
0.225331
-2.44695
-2.00371
-141.228
-4.64689
-1.40224
10.6899
-0.152413
1.05014
-1.21789
-0.713409
2.41329
-0.256129
-0.275505
-0.858557
0.75045
0.230307
-0.403954
0.736561
0.334565
1.23551
0.572242
-3.30366
-0.0833735
2.68721
0.0953976
0.0716679
-0.926795
-0.968466
14.6866
0.459901
-1.49442
-2.77922
0.00336048
8.91261
-0.355511
10.1069
-0.0385695
-0.23594
-0.697862
0.0450311
1.72273
0.304158
1.2213
0.149687
-0.175169
1.08448
-0.514175
8.24965
1.93813
-225.652
0.565858
-1.01531
1.53146
-0.246927
-0.230162
-3.35227
1.77361
0.0346568
-0.210739
-0.0365862
2.26701
-1.25408
0.396111
-0.980054
-0.0023588
1.53821
1.87573
-4.21465
-0.375483
-4.7103
0.893475
13.1799
-0.000425918
0.716571
0.523505
-1.75393
1.26102
-2.79417
1.48228
2.72645
38.3406
28.1801
2.57621
-0.658818
1.09139
-0.00783911
-1.40798
1.24177
1.48994
0.494253
-6.74655
2.88129
-5.88683
0.15793
-0.664604
-0.322351
-2.13671
0.890761
0.633259
-0.658284
0.165133
-2.10816
-0.587271
-8.72283
3.00436
0.148286
1.26762
1.69718
-1.31505
-1.91613
0.256182
-0.53003
0.331741
3.70062
-0.77126
2.91043
1.82494
-5.5207
-2.17231
-0.652512
-243.499
0.0267048
0.202321
-0.769592
-0.894313
-3.31759
-0.756489
10.2111
-24.4986
-14.3226
1.1409
-2.41952
-5.94423
4.87764
-0.112803
-0.258834
-0.245632
7.71572
-4.89428
1.4942
0.408112
2.60421
-1.68683
0.909174
5.71243
1.1254
0.350101
2.78868
-0.624814
-0.8636
0.917
-0.456128
-0.246706
1.68011
3.60967
1.19608
72.4856
-0.121135
43.4461
-0.0233798
0.634184
-0.908182
2.84521
4.3832
-1.6884
-0.0645036
-0.0256967
-0.249851
-0.687305
-0.740491
0.427081
-1.12011
0.950887
-0.331145
-4.442
0.172928
-0.259236
-0.207345
0.280799
0.819775
0.175037
0.471088
-1.8174
-0.0207817
4.20178
0.106047
-0.313478
2.55609
-0.344353
1.3382
0.721386
0.64423
-3.82069
-40.5197
-1.74511
3.46482
23.5776
1.41132
1.0737
3.42926
-1.43298
-0.229298
0.717967
0.348983
-1.07561
-0.564667
1.26476
-1.20397
-1.89218
1.62449
-2.32918
-0.469425
0.798869
-0.931843
-6.64331
1.28491
-1.17325
0.222045
0.0832801
0.0221645
-19.6713
-0.800998
2.32704
1.91382
1.91866
-2.11241
-6.55636
0.539785
4.4529
2.46775
-0.86357
2.81899
0.913494
-0.0682592
1.07619
2.58249
0.198503
3.80673
-11.2884
2.00887
-13.0813
1.42264
-1.55971
-0.517633
-0.422974
0.159351
1.11745
0.932893
-6.38961
-0.397927
3.88279
0.0563074
-1.4487
-0.730795
0.413305
-0.0311421
0.929636
-0.547657
-88.3368
0.470958
-0.801468
-0.0560338
-0.706063
1.58793
0.960485
0.210508
4.69857
-0.630405
0.114753
-0.8457
-0.52069
1.35626
0.576094
1.40543
14.2567
-1.01979
-8.35111
9.30005
-4.89903
-0.293566
-0.672627
2.61328
0.068261
0.0421114
-9.3384
-2.12789
4.37276
6.28722
3.90569
-1.81974
-3.62624
-0.124633
-263.914
-0.0815435
1.83214
1.07275
-0.174234
-0.834919
6.96107
4.21581
-0.319641
0.142717
6.06019
-367.216
1.17289
0.356972
1.07459
-0.128386
-8.5566
-0.944324
1.73512
0.635
-4.41977
-3.81255
-0.233151
1.84551
-63.8565
0.650831
-0.448946
0.10863
-3.33592
-3.09634
0.492351
4.2983
-2.07416
2.2248
3.21434
-12.5789
-0.0575028
-0.216131
0.777165
3.51257
1.472
4.00849
5.09482
-0.83294
1.48634
2.0763
4.99255
3.98155
0.455435
-0.760951
4.43103
-0.769485
1.4333
-1.41415
-0.512905
3.72506
2.24441
-2.94552
-0.192579
-3.28167
-4.99652
-2.03145
-0.377728
1.6258
12.0226
1.03121
0.500813
0.55702
0.275695
0.368926
-1.25409
0.191791
-3.15202
-0.394521
-0.830631
1.44349
0.947036
1.10142
6.99152
0.555473
0.516288
-0.129656
-6.08806
-0.0156343
0.0692937
1.35122
-0.320237
-2.28317
-0.533811
-2.06927
23.6441
2.0629
-0.625593
-1.03965
3.65717
1.79024
13.2926
0.828505
-0.388631
-2.55242
-0.342341
0.299024
0.468562
0.26915
-1.26227
0.978409
2.2851
1.72238
0.630522
12.2606
0.206796
3.26044
-0.279101
0.212922
-1.10961
-10.1984
0.0257701
4.02221
-0.197657
-0.6572
1.11241
0.794568
0.811202
1.26131
0.532417
-94.2775
-1.12679
2.44605
2.829
-0.726894
0.46165
-5.9011
0.137932
0.121476
6.17792
-0.162526
-3.01173
-302.933
0.656585
0.0619088
-0.201845
0.979673
2.96218
1.94015
0.199384
1.60783
-10.1706
-11.0915
1.7308
-0.66662
0.222928
-8.64495
-2.5111
-0.638958
2.59114
-0.714497
5.25195
0.3161
-0.0512659
-0.942812
0.0303997
0.723589
0.307084
0.0762035
0.873436
15.3789
-4.26752
-1.4276
-1.46536
0.181436
0.556329
6.3549
-25.5613
-0.719938
5.66811
-0.739611
3.20249
-0.166702
11.4818
-2.44789
-0.940417
6.41343e-05
0.309363
-0.767975
0.644798
-4.13521
4.01084
-1.7507
4.24815
1.53959
-3.19975
-0.447102
-1.01933
-10.7528
0.610134
0.258215
-0.514784
0.977519
-0.441802
-0.429105
-1.83164
17.6685
-1.18773
1.20796
-18.2491
-0.719797
-1.75565
0.105149
1.92247
0.651445
-2.54143
-4.97724
2.52559
0.946735
0.378215
0.375067
2.04123
6.67081
-0.938402
3.84587
0.955108
-0.0369937
0.258081
2.48898
-0.279033
0.88131
0.82926
-0.22091
2.79735
3.17037
-48.5158
0.406316
5.86301
-1.20075
1.48517
1.41787
33.0489
-3.56333
2.2537
0.378142
-0.505513
-0.891557
16.5789
0.441446
3.17707
73.1265
0.712256
1.29108
-2.54045
1.29978
-1.04566
0.820094
0.702534
-0.652698
-0.887345
-3.31038
0.899997
2.53552
-0.0367178
-1.81018
6.00462
3.35443
-2.73819
0.634277
4.48945
1.01043
-1.10148
1.12177
-1.38839
-0.569654
-2.00158
1.0307
-1.10858
0.131667
-1.56253
-2.09798
0.0255089
-1.64448
-0.466116
0.687844
-1.17735
1.53621
-3.83539
-1.82616
-0.651111
0.624898
-0.293041
-0.0555532
0.736034
0.357265
0.705644
0.255485
-1.13593
-0.659275
0.0820975
-0.00304665
-1.62379
-0.580023
1.19972
0.080881
-0.0279878
1.50833
1.95406
0.13427
0.225436
0.641122
-0.295115
-1.38919
2.64682
0.700582
0.583451
0.276066
-2.08214
1.72411
-0.557689
-1.53632
-0.346177
-0.520026
-0.495138
0.20479
4.48309
-2.66803
-0.98125
3.718
0.471163
0.146721
0.559308
6.0497
-0.761136
-1.91253
-0.104683
-1.19938
-0.569508
-113.843
0.545689
-13.4688
1.2811
0.61579
0.800415
-0.388826
-0.689979
-2.86073
1.81307
0.56703
2.61779
0.348718
-16.0702
0.96136
-14.4089
0.732128
-0.360071
0.136141
-3.03315
0.980114
-33.8985
3.05939
0.331361
-26.7096
-0.560327
-2.10887
-0.315265
0.278926
1.36477
1.90011
0.395717
-0.426835
-1.2373
0.819737
0.376466
0.0919362
9.77331
1.52485
1.58229
0.807784
1.61544
-1.03197
-10.1085
-1.34037
0.113786
-0.95412
2.7748
2.13523
0.635693
-5.45965
-1.87069
2.49915
-2.42604
0.23774
1.15324
7.22066
-1.27852
0.210063
0.178677
-1.48978
0.760251
-0.438844
2.78584
-1.17014
0.528783
9.42996
0.654629
0.803722
0.384936
0.47231
3.9214
-0.295557
-0.892741
4.44726
2.66015
0.0484229
2.2445
0.909067
7.13765
1.14745
-0.632024
-0.00852291
-0.587069
-2.08966
0.0743724
1.72886
6.29853
0.640502
-0.533972
0.176845
-0.761602
1.25579
0.746122
-5.2232
1.46217
-0.769776
0.143942
-1.29128
1.06167
0.968933
0.504598
-1.86747
5.99386
7.21389
-0.547156
-8.27033
1.15988
0.574412
-0.833068
-0.446953
-1.44575
47.4439
-29.0023
-0.548721
-22.0465
0.391122
2.49796
-0.262981
-0.47511
1.23268
-1.64757
2.32441
1.66034
2.26095
3.11109
0.161466
-68.2037
-2.34262
-1.99261
-1.22995
3.19769
6.59204
0.440961
-0.427584
-1.08904
0.253896
0.405101
-6.63676
6.70995
-4.9769
-0.128886
-0.46247
0.253808
-0.0436774
1.29885
0.709657
0.484377
3.20399
-0.240934
-1.04672
1.2321
9.03328
11.6939
-0.51946
-0.966024
1.3092
-42.7794
0.912961
0.560071
1.06534
1.30692
0.0736413
0.502728
0.72109
-0.552179
-1.09772
-6.9204
1.56539
-1.21351
2.68036
-1.32086
-0.00169778
-2.08466
0.524648
0.95311
4.07968
-0.25281
2.33369
76.9973
0.0170253
-2.0251
2.0123
1.74648
-2.33869
0.557213
0.976382
1.04888
2.26279
0.199729
-0.438294
-4.24649
0.590789
-0.628194
2.99884
-3.18684
-0.846258
-0.202536
0.10415
-2.83892
-0.262516
3.2171
0.375937
3.41902
-1.67333
1.34817
-0.988727
1.6743
-0.31741
0.00585148
-0.0483374
-4.53695
39.8846
-21.3945
-0.0977163
-0.0842534
2.40659
-0.0737771
-0.115877
0.526636
0.436283
-0.61116
0.181019
-0.132535
4.3558
-0.839576
-1.45058
-0.229551
-3.49789
-0.354925
-0.577608
-0.332026
2.12908
2.51683
-1.84714
0.0896146
-0.172301
-7.37814
-3.45356
-0.735568
0.351575
2.42151
-13.1459
-47.2112
-3.03772
0.815142
80.188
0.477422
2.82937
2.48545
-0.513331
-1.48707
0.349059
1.03994
0.785209
0.741004
-0.464954
-0.483654
0.244205
1.2059
-0.370224
-0.10184
19.8085
-2.84074
0.459046
-0.464655
-0.676734
3.71572
-70.9079
-0.485819
-1.9545
1.83641
0.194828
-0.418753
0.899518
0.293516
78.8348
0.816968
0.691528
0.66617
0.966112
-0.051267
1.95236
-0.435425
-0.62843
0.123821
-0.0977504
17.1939
2.07832
0.339379
3.09749
0.612121
1.14912
-0.890167
2.35864
-0.195882
2.56809
-0.0755221
-1.46575
-78.5355
1.44951
1.33842
0.3999
-0.308771
-2.82851
30.0606
-0.446589
4.21317
-14.7755
0.0961811
-0.521436
0.0192158
1.51171
-2.96402
0.123501
0.316915
0.065701
0.475292
-0.745582
0.538123
0.512933
-0.157329
-6.48792
0.375613
-0.0501197
2.23666
0.501343
-2.88212
0.64008
1.17444
1.14886
-0.978647
2.41393
0.0391723
-0.317194
-0.433332
-0.501876
-4.08993
-4.74747
0.0988434
0.00469263
-0.625948
-0.389719
-1.62162
-0.432901
-0.842131
0.868965
3.30583
-24.0371
6.89548
7.25373
2.94711
0.342127
3.38172
0.625381
0.306948
-0.488797
-0.911876
18.6077
2.38702
-1.16508
-0.939488
-1.88503
1.07464
-7.09488
-0.439609
128.182
0.504907
-2.9678
1.20465
-3.23837
3.6286
0.253804
0.317901
4.36653
-2.45852
0.448901
2.65828
-1.06916
0.926975
-1.03649
0.235846
9.05615
5.53492
0.549364
1.51676
0.937256
0.0890439
-0.438891
0.404442
-0.383697
0.184724
-1.01431
-3.41639
0.921625
-2.27113
-5.67796
0.42503
0.277291
0.871241
2.44562
-0.850897
-2.38224
-0.332977
-1.47338
0.851557
1.94153
-0.543959
5.9971
2.79739
-0.0385521
2.24613
-0.37753
-10.4973
-0.393653
2.60313
1.06954
0.802021
2.32258
-3.84546
-0.39081
0.362487
0.0320558
2.25647
-1.06054
0.939486
0.257894
-0.93155
1.38882
-2.55244
0.999496
0.917316
-1.65744
-0.865042
4.05146
-4.36172
0.91953
1.53966
-0.225831
2.12564
0.0986858
0.105669
-0.120719
4.36571
2.84742
1.07999
0.597243
0.295584
-0.444225
0.0130329
9.50385
-1.42877
-3.77076
0.723898
0.357155
-0.136042
1.0337
17.6331
0.131487
-5.65061
1.09606
-0.736529
-0.995668
1.81683
-0.0162697
0.494797
-1.05004
0.11965
2.49091
-15.6829
0.668211
-5.19241
-0.100079
-0.343301
-0.748596
6.65034
3.61161
-0.687615
-0.759438
0.226075
507.969
0.578544
0.60074
-2.21108
7.02159
-3.20907
-9.35072
-2.62475
0.784322
1.45583
-2.39126
-0.181519
0.476693
-1.21385
8.7864
-5.19526
-1.26591
-0.19256
-0.201885
-0.124038
2.90888
0.623541
-8.13292
-1.08819
6.30479
-0.91662
-0.289278
0.0812596
-0.737512
-0.659545
0.52521
-2.7463
6.86318
-9.36046
-0.407666
1.73682
1.18996
4.26982
-0.0750637
-4.65416
-2.03724
-0.367516
3.23029
4.56149
2.4776
-2.15916
-7.81368
3.02291
-0.81643
-1.96779
17.5747
0.366483
-6.31351
-0.113535
-0.981014
-0.0974026
-1.87841
2.43485
0.773582
-2.80052
1.9791
37.2411
0.303993
-0.0116697
-1.47904
-0.762491
0.0374464
-0.129546
-0.414227
7.91448
0.0730575
0.638331
1.37554
-0.391566
-3.84626
0.327816
1.9659
-0.279785
-14.506
-2.12323
-1.64625
-0.754929
1.86007
2.43852
0.672793
-0.810967
-2.62025
-0.217684
15.8455
-0.311482
-0.26405
4.0318
-2.7594
3.73305
0.144951
-1.6579
-117.175
-1.76523
-5.10555
-1.17813
-0.711093
1.04576
-4.41267
-1.15249
-20.932
-0.0346846
-2.58377
0.463806
-7.09783
4.46626
-3.34566
0.0595026
-0.230785
-0.036945
-0.0929501
-1.6025
-4.43716
-0.186083
-1.10816
1.2996
-1.37461
0.35555
1.89723
6.63141
11.4354
1.23816
0.0709047
13.4939
-1.32406
0.990211
5.74994
-0.488549
-6.85371
12.8714
-1.51397
2.47291
-1.50039
-0.929592
2.36911
-0.782759
-9.52838
-0.296502
-0.65466
-3.63803
-3.76891
-0.310693
-0.959154
-0.588221
0.0961887
-0.276094
-0.456601
2.20785
0.329701
-3.12345
-1.9871
0.708736
-0.0202986
1.72285
-4.46156
0.601878
-2.28475
-0.959352
-3.24688
-0.129106
-0.889244
0.298773
-5.35245
1.78269
0.717832
-0.383822
1.12811
0.807811
7.79892
