1.77244
0.739998
2.45332
0.990216
3.8567
1.27571
0.539262
1.45604
0.279651
1.35521
0.536285
2.47749
0.282294
0.376869
1.54247
2.1123
0.174348
0.266881
0.00540414
0.206673
2.92846
0.0146313
1.38085
0.730788
4.02524
1.35082
1.99589
0.289323
1.83824
0.916511
1.06936
0.167512
0.15817
1.27316
0.0777316
0.245997
0.149486
1.34541
2.42915
0.350143
0.274379
1.54585
0.00771848
2.44288
2.21741
0.817484
3.01271
0.102724
0.436751
2.81199
0.972272
0.193627
0.114542
0.513483
0.799895
1.02443
1.26638
0.359097
0.436249
1.21617
0.460424
0.896406
0.142409
0.0310426
0.153278
0.481035
1.24129
0.411145
4.75916
1.56666
1.58009
0.653336
0.564359
1.2291
1.77076
4.08584
0.411635
2.75941
0.740928
0.94063
1.59444
0.0676061
0.0778399
1.2421
0.70802
1.08001
0.658877
0.404598
0.361054
0.832959
0.334366
4.18947
0.808511
0.897139
0.414748
2.16111
0.944626
0.295611
0.602933
0.626162
0.525755
0.00241004
0.567134
1.77448
1.17234
0.124769
0.784888
0.453936
2.99216
1.97004
0.0348197
0.210144
1.37982
2.29101
1.16969
2.67106
0.10456
0.842706
0.151003
0.243263
0.547599
0.672744
0.368912
0.37025
0.569683
0.469585
0.0897787
1.6477
0.25807
0.32899
0.960177
1.44573
0.980528
1.42552
1.69582
0.037298
0.572751
0.376383
1.05478
0.0179998
0.00315445
0.00244283
2.16212
1.97989
1.98529
2.57264
0.278745
0.406388
1.4039
0.706062
0.178378
1.26402
0.937627
0.023605
0.514377
2.14319
0.901604
0.703381
2.01546
0.465569
0.684408
0.2585
0.31344
2.28392
0.439572
0.362172
1.4977
0.239036
1.88073
0.885841
0.197517
0.207572
1.08169
0.410501
0.773752
2.57545
0.43878
1.9448
0.618326
1.05402
1.52258
7.5624
0.872054
0.561243
0.052832
2.72196
0.441338
1.02448
2.58066
0.624699
0.799105
2.26599
2.12895
0.492059
2.30078
0.228652
0.646566
0.670864
0.226831
0.972546
0.00827172
1.73378
1.29937
0.845875
0.299654
0.90445
0.605323
1.18477
1.87701
0.257955
0.988357
0.840927
0.709369
2.86045
1.05765
0.590979
1.74832
0.560598
0.151456
0.0981966
0.199464
1.16366
0.36708
2.63299
0.127436
0.347037
1.28277
0.247018
0.288225
1.21434
0.294562
2.0971
3.87097
0.488393
2.21424
0.0882567
2.23267
0.14777
1.42794
4.49911
2.20068
0.676545
0.380639
0.356199
2.40041
0.645729
0.210543
1.13173
0.815346
0.823144
0.13309
0.308926
0.431755
0.72099
1.52641
3.25375
1.22864
0.640833
0.881605
0.798229
0.124572
3.15434
0.822773
0.960912
1.61936
0.357724
0.0451865
0.265951
0.372713
0.265815
1.12228
0.390861
0.183897
1.17315
0.269025
0.0131102
0.356407
0.748086
0.488305
0.149778
0.724096
0.554891
0.196229
1.36456
1.72375
0.0543392
0.712481
0.470161
0.841544
0.303281
0.697311
0.110993
0.0300623
0.143903
0.52727
1.08217
0.565379
1.25699
0.682828
0.0860331
0.119992
1.43797
1.08627
1.84485
0.490099
1.03306
0.21419
0.115828
0.0766565
0.020825
0.137388
0.247229
0.144069
0.161455
0.9937
1.73935
0.442396
3.37555
0.831987
0.918962
2.37964
1.00191
1.58967
1.10742
0.431553
0.515063
2.80265
1.01105
0.916207
1.07924
0.00285432
1.75659
0.287764
0.392824
0.415861
3.56129
1.79689
1.15426
0.190995
0.431191
0.698596
1.38749
1.61778
2.53949
3.43413
1.07849
0.101209
1.41013
2.09883
0.171492
0.629923
0.728281
0.263858
0.0839358
2.02943
1.80744
0.358296
1.59787
0.373144
0.0903999
0.930473
0.0933202
1.10501
3.50816
1.78922
1.45613
0.125385
1.63688
0.968412
2.67403
0.782841
1.82474
0.884257
2.43662
0.891456
0.088246
0.0723243
0.295128
0.196678
0.100072
0.0406521
0.487489
0.383535
0.0705128
0.835341
0.76663
0.863944
0.335597
3.37209
3.28188
2.13997
0.0564707
0.0389512
0.242338
0.20829
0.0978717
0.278709
0.130089
0.883091
0.23612
0.932572
0.104844
0.44039
1.90653
3.27913
0.367707
0.308798
0.867846
1.64063
3.09134
0.0253416
0.168861
0.998841
1.52584
0.204044
0.117761
1.81255
0.388563
0.275627
0.54396
1.89648
0.0563982
0.453403
0.154566
0.559658
0.142058
0.639808
0.271448
0.79784
3.33342
1.04063
1.08531
0.0045638
1.93677
1.58436
0.738337
1.97361
0.227469
0.64044
0.661329
0.101193
1.01784
1.43458
0.818599
1.43434
0.343033
1.27729
0.67394
0.579272
0.16707
0.278828
0.427238
5.22404
1.70763
3.94455
0.0490485
1.77517
1.30004
1.02215
2.12808
0.259854
0.194694
0.477193
1.64793
1.07946
1.22012
1.25314
0.473334
0.136558
1.98715
0.698276
0.255429
0.0877497
4.13625
1.56161
2.23096
1.95757
0.0127202
0.0415339
0.40957
4.47965
0.184945
0.326835
0.248147
1.03237
1.70743
0.940562
0.850971
0.402751
2.12521
0.462274
0.72781
0.211558
0.143669
1.07486
1.39255
0.0150009
0.54455
0.372486
1.27964
0.341747
1.33325
0.819443
1.25523
0.272756
0.200615
3.02961
0.621334
0.64396
0.649336
1.71901
0.895194
0.276397
0.00252809
0.218255
2.47039
0.63045
1.82706
2.59073
0.127499
0.679919
3.10826
0.986166
1.82421
0.115404
0.351671
0.706675
0.0756402
1.37655
0.0114932
2.36308
2.11616
1.14521
0.381915
0.737063
0.589639
2.16666
0.592495
0.819831
0.166608
2.22767
1.6972
1.067
1.44974
0.231737
2.31423
0.629563
0.0866996
0.415044
0.592831
0.746253
1.05527
1.28185
0.861357
1.38944
0.734276
0.0578832
0.253565
0.21296
0.831832
0.101221
0.26654
1.87184
0.329267
0.988632
1.08787
0.213669
0.848097
0.180518
0.38206
0.353899
0.486172
0.768995
1.94717
1.05287
2.42928
0.563131
2.06847
0.317406
0.755209
1.10684
1.27357
0.0607624
0.149404
0.844039
1.21312
2.46368
0.922343
0.585547
5.9392
0.0697232
1.21442
1.96106
1.00192
0.74045
0.518286
1.11856
0.862048
0.0453174
3.39601
0.552771
1.35062
4.51455
0.192192
0.214466
0.137244
0.296638
1.81166
0.61934
2.14023
0.223211
3.36998
0.340941
0.146329
0.406644
0.642097
3.25507
3.65971
3.01234
0.652567
0.305576
0.059998
0.166928
1.83727
0.0789861
0.138682
0.70833
0.850216
2.07995
0.619009
0.606023
0.290678
0.0365997
3.02335
0.254913
0.356077
0.0290626
1.51915
0.426375
0.753259
0.689351
0.0763293
0.84351
0.0986866
2.25001
0.993354
0.564228
2.04271
0.439665
0.459119
0.777454
0.664587
1.02621
0.618223
0.620462
0.137344
0.489631
0.158147
1.62211
0.899435
0.157996
1.72975
0.567962
1.66321
1.03724
0.145208
2.04
0.818245
0.541625
0.552397
0.777351
1.729
0.238122
0.0468571
0.453413
0.0621195
0.0444408
1.66592
1.60637
1.32282
1.80076
0.137977
1.49173
0.0901547
1.16686
0.776572
0.0633356
0.17669
0.0786315
0.31457
0.239706
0.296712
1.05987
0.604409
1.86294
1.45621
1.92045
2.16583
0.557391
0.151196
0.856802
2.05844
1.42838
0.32689
1.40454
0.173084
1.54175
0.283765
1.21734
0.429654
0.428771
0.00971617
0.130047
5.01342
0.0854613
1.10261
1.07457
4.5294
2.15909
0.441984
1.54091
0.605524
1.79285
1.15342
0.316952
0.316731
0.126688
3.06652
0.387854
0.58956
0.321276
0.0911212
4.50862
1.64617
0.0419032
0.359085
2.83827
2.12678
0.553103
0.550361
0.449114
0.734226
0.762826
0.0104461
0.755609
1.21814
0.729891
2.68244
0.531617
0.442769
0.330314
0.0512
2.57055
1.4353
1.0526
0.74901
0.0949311
1.72932
0.610613
1.8759
0.373641
1.35539
1.45594
2.00671
1.08563
0.440618
0.852245
0.644606
0.959065
0.190618
0.0497315
0.279485
1.13977
2.4898
0.560688
1.25682
1.83881
1.67219
0.563483
2.17234
0.205328
3.17685
0.370209
0.390194
1.3283
1.03727
0.311187
0.0164459
3.83963
0.59957
0.750103
0.6608
1.06314
0.232364
0.228028
0.0363735
0.173498
0.87437
5.18109
0.138276
0.219373
2.51642
0.00620782
0.1071
1.25386
0.396148
1.60261
0.799872
0.117744
1.45782
0.665467
0.588056
1.08175
0.210613
1.46978
0.823155
0.0687877
1.45721
1.3392
2.01178
0.222149
0.140169
1.07016
0.433655
0.15805
0.492337
1.10608
0.0228214
0.604631
2.21124
2.48449
0.141172
0.502917
0.484617
0.288879
0.40088
1.14963
1.47065
0.167255
1.02937
0.528975
0.355816
0.0651902
0.97199
0.423535
0.321602
4.17347
1.30653
1.61901
0.441837
0.747618
0.0286817
0.0878124
3.30344
0.712121
0.300512
0.471246
0.431223
1.31737
4.53582
0.876983
0.418899
1.21423
2.37751
0.133018
1.27958
3.85855
1.42498
0.343426
1.21488
1.6527
0.801524
0.675054
0.0919179
0.0179289
0.403726
0.289298
0.527967
0.377107
0.481234
4.02565
0.119689
0.864919
0.351164
1.42229
0.411072
0.302388
0.197315
4.06721
1.96975
0.0201856
1.67073
0.118762
2.24357
0.656654
1.14607
0.870099
0.727008
2.17342
0.969728
0.934512
0.490128
2.53626
0.647163
0.477031
1.27164
1.66671
1.56882
2.15497
0.402441
0.545885
0.502581
0.922817
1.00743
0.719365
1.44019
2.59121
1.39981
0.308582
0.0711703
0.421408
0.464017
1.065
0.168975
0.48983
0.778023
0.514055
3.12727
0.707334
0.453078
0.0432338
1.63878
0.698778
0.545353
0.760358
2.87342
2.38866
2.77152
0.00681368
0.731167
0.761192
0.34604
0.315661
0.555307
0.0954219
0.517142
2.59862
0.140104
1.19147
0.377529
0.238766
1.11038
1.16622
1.53476
0.824752
1.05543
0.955497
0.475314
0.147395
0.224365
1.0029
0.679719
0.479744
0.644909
1.00866
0.565063
0.907206
3.33206
0.185772
0.193618
0.144657
2.7762
2.01113
0.615042
2.12972
0.106831
0.625244
0.349672
1.70259
2.03172
0.670404
2.09352
1.49838
0.335587
1.0375
0.00868733
1.01141
0.197857
1.31358
0.863554
0.976188
1.53645
0.358292
0.551504
1.65431
0.0208081
5.06524
2.86721
6.2021
1.12367
2.31611
0.491236
2.55404
0.879781
1.78752
1.25917
1.64621
2.63647
0.184549
1.00359
0.145849
0.258397
3.39034
2.02285
1.42956
0.73807
0.248025
0.36216
1.55872
0.278961
0.0796986
0.324778
0.0462583
0.132624
0.308256
1.10232
2.65272
0.471411
5.51742
0.49852
0.841717
0.597898
1.62666
0.173399
2.23207
2.46798
2.01302
2.17836
0.466336
2.75321
0.891459
1.54218
0.562131
0.10631
0.0433881
1.45632
1.30824
0.0282564
0.217201
0.538154
1.91153
0.613654
2.15079
0.478092
0.0639386
0.0634972
1.12213
0.626579
0.490447
1.14691
0.152771
0.388412
0.0973778
0.680638
1.52538
0.117982
0.401438
1.23413
0.505902
0.463029
1.02768
0.0424133
0.297354
0.3498
0.998821
1.34871
2.70404
0.288993
0.148384
0.211338
3.60766
0.695688
0.428971
0.143521
0.823481
0.324254
0.322054
0.634801
0.26538
0.828093
1.75597
0.362507
0.247142
1.3062
0.359358
2.37384
0.135962
0.906334
0.953723
0.0869147
1.09066
0.21256
0.145688
0.15205
1.2542
0.796785
2.90789
0.390736
0.310675
0.00293239
2.93752
1.71157
1.79395
1.81151
0.150909
3.13475
1.54696
0.64523
2.82646
0.0882065
0.782066
0.0288195
0.633497
0.216786
0.0690333
0.879319
2.0266
0.263151
0.948485
1.12841
2.49367
0.108717
1.8088
0.618382
0.335494
2.68188
0.0821182
5.06021
1.96551
0.461828
0.288237
0.204834
1.33817
1.62581
1.00468
0.390173
2.66539
1.52011
0.51988
0.157305
2.52458
0.819365
0.971415
0.112207
0.364272
0.961317
2.21567
0.718154
0.486352
0.635774
0.766472
0.508113
0.317841
5.05412
0.572087
0.29712
1.00403
0.607902
0.319859
2.12304
0.322493
0.0122817
2.16448
0.860601
0.374846
1.36091
2.64181
1.49429
1.03322
0.729086
0.135684
0.865613
2.08501
1.39668
0.932156
0.118667
2.39634
0.240957
0.146352
0.99818
0.418039
0.881982
1.12835
0.431047
0.008206
3.1139
0.0690631
2.44726
1.49866
0.467757
2.92636
0.81241
1.38473
0.124027
0.278425
0.47143
1.56983
0.833162
0.748945
0.00278845
1.10282
0.128355
0.0361996
0.830145
1.23648
0.270291
0.998058
0.45462
1.99651
0.55767
2.42321
0.838366
0.0932548
0.639042
0.218115
0.717791
0.799842
0.86896
0.596068
1.30033
0.0456009
3.32116
0.0635499
0.343961
1.9467
0.295417
1.57753
1.08602
0.224096
0.109579
0.64314
1.12579
3.26246
1.14579
2.29581
1.1113
0.275696
0.0371306
2.19582
0.177104
1.66579
0.321907
3.52863
0.977636
1.60632
0.520263
0.609153
0.502224
0.892722
2.03495
1.40926
0.0820775
2.64741
1.88028
0.19404
1.03317
1.11413
0.761208
1.54737
0.75613
0.796422
1.10292
0.62718
4.21193
0.0350402
0.981881
0.336004
0.608202
0.137616
0.895435
2.01957
1.54359
0.114212
0.643858
0.285746
0.124829
0.538778
3.58847
1.49007
0.627354
0.967159
1.89911
0.295818
3.292
0.288268
0.580803
0.501882
0.462221
0.447093
0.298159
1.18159
2.12329
0.516676
0.870787
1.1719
0.09391
1.56027
7.31685
0.654546
0.855917
0.0350335
2.96892
1.47958
0.81867
0.11935
2.52001
2.99639
2.12221
0.914274
0.637006
0.113147
2.02053
1.80194
1.61447
0.30563
2.80027
0.0692489
0.143214
0.000702216
1.99476
2.28602
0.642998
1.1767
2.08951
3.02952
1.19526
0.106923
0.430752
0.271481
2.0787
0.24198
1.69555
0.0301377
0.195316
0.132236
2.64331
0.0811412
0.708649
0.217278
2.57439
1.06724
1.57681
1.07719
0.54475
0.522067
0.0725802
0.488438
0.679983
0.396781
0.217723
1.48445
0.156379
2.28825
0.413939
0.249579
0.070592
0.817261
2.24148
0.129567
0.438642
0.0749419
1.85502
0.215239
0.0426207
0.278111
0.0147345
0.767418
0.917976
1.10175
0.387803
0.247297
0.311205
0.641066
1.51274
0.563989
2.50686
0.124867
0.694977
0.0909365
1.67406
0.309115
0.524217
3.86228
0.476256
0.822895
0.433742
0.864396
0.195337
1.68292
0.780034
1.48119
1.33074
0.125846
0.959117
0.559984
0.0462171
1.38536
1.32451
1.11913
1.21186
0.0910658
0.172725
0.133377
2.678
0.569411
0.0544271
1.15669
1.2545
0.455588
0.612126
0.777974
3.71305
0.769531
0.546206
0.0455822
2.84699
1.33288
0.577642
0.866036
0.791045
0.0791837
3.04412
0.272447
1.45929
1.03485
1.29958
0.476912
0.394167
1.22683
0.278965
0.497224
4.8125
1.78152
0.536877
0.215058
0.097737
0.401703
0.397423
0.434656
0.893607
0.775076
0.601943
1.62869
0.815144
0.0992825
1.8289
2.41396
0.020285
0.116255
2.15697
0.307208
0.292003
0.69444
1.61004
1.93744
1.44216
0.786715
0.40375
2.24841
1.4832
1.2902
0.523522
0.0543946
0.108491
0.0549677
0.386982
1.37365
0.525991
0.312457
0.219965
0.445396
2.52686
1.39313
0.465076
0.333819
1.04064
1.68203
0.0356735
0.0652429
1.38578
0.691901
0.12527
1.10492
2.18618
0.840663
0.736958
0.767818
0.294184
0.482699
0.123972
3.26642
0.311353
0.666372
0.912179
0.0237002
1.76689
0.785602
0.74008
0.83397
0.690274
0.822912
0.502756
2.22399
0.126035
3.00315
0.371989
0.723505
0.326528
1.92116
1.15071
0.283106
2.28196
0.319163
0.429843
1.02314
5.32521
0.108141
1.1753
0.953439
3.25015
0.372073
0.357054
0.301973
0.216344
0.929201
0.636982
0.432425
0.595952
0.407791
0.0261417
1.9868
0.90031
0.967189
0.765327
0.877681
0.484151
0.493025
0.000198347
0.272594
0.328749
1.42764
0.0304643
1.92805
0.0822716
2.14785
0.0609673
1.26237
0.200606
1.49692
0.471022
0.142853
0.799507
1.88272
1.36546
0.73156
2.06203
1.29574
3.43071
0.972026
0.0914804
2.45491
0.652679
1.66388
0.432717
1.80109
0.395023
1.02314
1.29165
0.633432
1.85494
1.55204
0.758525
0.380665
2.1174
0.0021788
0.720338
0.726174
0.409949
0.055639
2.15926
0.123548
0.617485
0.795111
0.206554
0.758273
0.177261
1.12637
2.27025
2.04672
0.789
5.37325
0.126216
0.0642447
1.71256
0.974807
1.78025
0.590945
0.311992
2.15187
0.329299
2.92135
0.797621
1.5088
1.02206
0.140836
0.380011
0.323919
0.390984
1.98138
0.0737438
0.529349
1.63848
5.49208
3.18346
2.06287
2.02235
0.567183
0.557407
1.89107
0.49876
0.020936
1.00843
0.548988
0.932419
0.361267
0.302496
0.212814
1.01451
0.52713
1.69095
1.33117
2.57499
0.703914
0.461602
0.107184
0.0288133
3.50941
0.157491
0.184633
0.461254
7.44328
6.02516
0.209948
0.0106325
0.970532
0.341779
0.279197
0.80257
0.777123
4.33874
0.112338
0.210469
2.93422
0.386916
0.0401364
1.53626
3.64404
1.02278
0.328541
0.250564
0.293141
0.0285234
0.13594
0.175425
1.21752
2.74258
0.252015
0.574774
1.76915
0.0706342
0.200958
0.975953
0.507236
0.887748
0.749351
1.17153
0.00882949
0.778374
2.54885
0.076139
0.010128
0.472193
0.0419691
2.34343
0.327093
0.2895
1.36134
0.859915
2.40684
0.118937
0.310205
0.437896
2.66059
1.16941
0.408202
0.377977
0.328999
1.1998
1.54677
1.84398
1.40121
0.854595
0.981313
0.0859952
0.0388804
1.6139
0.594307
0.8847
3.1478
1.21205
1.27951
1.8766
0.334768
1.79142
0.168124
2.7655
1.70437
1.49303
2.98785
0.165533
1.38409
0.217164
0.594344
1.42067
1.05572
2.38127
1.40106
8.22096
1.77162
3.56304
0.747601
1.5276
0.49787
0.846089
0.083286
0.25293
1.04706
1.12293
0.0651941
0.0908784
0.70917
2.10722
2.03588
0.448824
0.0797172
0.0150559
0.0422771
0.492653
0.0950178
0.361639
0.738957
0.748098
1.9211
0.188341
2.23985
2.34632
1.31512
0.210131
0.893571
2.16026
1.89399
0.844773
0.640946
0.117767
0.357408
1.30673
0.802097
4.9445
0.0634523
1.5192
1.77446
3.54375
2.32454
0.646426
0.342956
0.622947
0.251887
1.69616
0.475932
2.1621
0.156733
2.28025
2.23429
0.216568
1.85797
1.8124
1.93662
3.63862
0.516293
5.0091
0.687915
1.36807
0.159919
0.0604485
0.648685
0.15722
4.07151
0.831867
0.354342
0.412667
1.13941
0.742453
2.01711
1.81369
0.0263855
0.463108
0.397483
0.558586
0.513129
0.3446
1.28332
0.379405
0.893316
0.0906524
0.433668
1.65032
1.42015
0.917248
1.33212
4.15952
1.03019
1.41187
0.133042
1.63875
0.976374
0.901262
0.0295837
0.283444
1.13086
0.273388
0.415426
0.325225
0.0738824
0.345677
0.379957
0.197694
0.431764
0.0483599
2.21949
1.71204
1.27533
1.11567
0.114928
0.679316
2.109
2.37996
0.741087
2.19464
1.72512
2.82208
0.925357
0.0829349
3.82543
0.511004
0.945439
0.459565
0.527474
0.469083
0.489141
1.63051
2.13471
0.096144
1.03975
0.712819
1.10774
0.622437
1.46855
0.14828
0.451215
1.2682
0.0325881
0.154109
0.187968
0.681947
0.603695
1.26588
1.74222
0.191868
0.0189605
0.873433
1.81499
0.232891
0.314953
4.01374
0.342164
0.374132
0.00231249
1.32486
0.492382
1.16501
0.00772693
1.01045
0.979483
2.2564
0.00675246
0.822384
0.918247
0.300319
1.3663
2.37354
0.674077
0.546041
3.02959
0.330392
2.96121
1.71647
1.45366
0.307049
0.470965
3.69099
0.314039
0.601819
0.211412
1.52205
2.51539
0.944407
0.93485
1.62755
0.899287
0.528313
0.0709759
0.828031
0.335333
1.63396
0.644123
1.83672
0.858724
0.637536
0.969641
0.605076
0.242694
1.66628
0.722499
0.0870054
0.576494
1.29251
1.01665
0.835252
0.178096
1.49382
0.953929
0.494353
0.777011
0.3687
0.645895
0.86501
0.341581
2.0068
2.26119
0.0452861
0.233928
0.938973
1.7794
0.0200653
0.888464
1.87706
0.352378
0.282372
0.111105
0.0246362
0.191471
2.66953
0.220497
0.0447411
0.655444
0.863216
1.31813
0.890003
0.322335
2.65378
1.15053
0.856428
0.0138559
0.585598
0.129254
0.0839193
1.3281
2.43314
0.533323
0.840849
1.79636
0.641683
0.524178
0.0332272
0.792299
2.58498
0.947618
0.535946
1.36857
5.05488
1.86534
0.709103
0.840558
0.0984277
0.497975
0.0725375
0.103191
1.36136
1.73851
0.540828
0.307391
2.50789
2.46362
2.24194
2.56689
0.322565
1.20687
1.2967
0.380919
1.20979
2.41643
0.863226
0.883906
1.16603
0.97087
3.018
0.81066
0.587779
0.0227472
0.407832
0.700744
1.18119
0.147474
0.0214295
0.308387
0.138419
2.10179
1.182
0.995648
0.48719
0.19639
1.51734
0.185792
4.06155
0.544961
0.00569524
0.367043
0.792686
2.49194
0.200775
0.432873
0.0381965
1.80814
0.0626603
0.837678
1.64664
0.241672
0.833242
0.0124623
0.109987
0.535584
0.0815097
0.306198
0.846224
1.13192
0.381439
0.342292
0.126722
1.9871
1.54711
0.332035
0.294437
2.20232
1.07365
0.46368
1.37062
3.52188
0.334612
1.27091
0.0671018
0.0943979
0.426189
1.85341
0.098138
0.0844708
2.65164
0.214565
0.373309
0.665686
1.08479
0.934642
0.587745
0.851227
1.03985
0.595194
0.0911152
0.626125
0.204389
1.41251
0.00514139
0.673869
1.16923
0.0781192
0.00214472
0.31172
0.950878
0.893056
1.83435
0.87331
0.184916
0.737304
1.01152
0.141421
0.121571
0.479575
0.499972
0.403515
0.591265
1.00526
0.450136
0.891065
0.811997
1.03521
0.330797
0.0360322
2.04563
1.12964
0.324841
0.557784
0.46407
0.718048
0.521847
1.19116
0.303794
0.241958
0.11339
1.92231
1.40957
0.331032
1.83952
0.44645
0.0461198
0.421916
0.165088
1.01887
0.570869
0.622487
0.558712
0.872281
4.4586
0.802707
0.904964
0.496551
0.389572
0.683728
0.842484
3.26478
0.133686
3.49787
1.73261
1.29282
0.0423749
2.278
0.338631
0.133213
0.951615
3.10023
1.55014
1.98227
0.675193
2.19668
0.363915
0.152703
0.0426619
1.55714
2.23585
0.177134
0.548652
0.587728
0.977317
0.219218
3.80622
1.78692
0.495225
0.29039
0.383612
0.529631
1.97436
0.370048
0.60625
1.20239
1.8799
1.34863
1.5067
0.975433
0.645382
0.102185
0.670187
2.96024
2.14229
0.0590008
0.0653318
3.57482
2.38895
3.00728
1.34574
0.470473
0.0662784
1.07198
0.687945
0.0984543
1.08723
0.769746
3.73283
0.371536
0.966731
1.35695
4.84384
1.24471
0.470313
0.371465
0.123389
0.329744
0.574161
1.34067
0.129179
1.44835
0.0360904
1.00777
0.37758
0.0972501
1.24469
0.0572284
2.15616
0.224026
1.16113
0.290479
1.5857
1.28943
0.81082
0.123048
0.847966
1.4941
0.169765
0.142309
2.8624
0.66277
2.04099
0.33848
4.02683
0.408369
1.07978
0.295565
0.764198
0.926773
2.21945
0.242413
1.03107
2.10041
0.672097
0.773506
2.55383
2.03415
2.46121
0.0622442
1.05465
0.240247
0.475947
0.0136166
0.650493
4.89107
2.65955
0.465451
0.313672
0.279487
1.09564
0.537415
1.07283
0.259016
0.15654
1.33481
0.706564
1.40854
1.99287
0.877431
1.11307
0.23676
1.20227
2.54719
0.842168
0.249984
2.22849
0.734463
2.55318
0.187711
0.303268
0.0245358
0.29756
0.423857
2.01634
0.843653
0.131937
0.774586
1.0132
0.10141
0.208109
0.0569759
0.0836111
0.00402811
0.368089
0.670499
0.0405118
2.05887
0.0406119
0.314432
0.916116
0.318413
1.66589
0.237097
0.275454
0.836715
2.65529
0.115912
1.41795
0.496799
1.38209
0.98432
0.590282
0.277952
0.661406
0.251232
1.28952
0.347957
0.687459
1.85114
0.602447
3.25971
0.222897
0.915533
0.418148
0.780155
0.270142
3.94113
0.504269
1.81769
0.32629
1.0526
0.548071
0.768374
1.40785
2.87984
0.241236
0.226609
0.297654
0.466214
1.80302
0.365262
0.460127
0.529583
1.8922
0.472019
0.674335
0.250629
1.9799
0.0734878
0.0783183
1.06972
0.159059
4.9202
1.5647
1.37084
0.741629
0.0986171
1.96729
2.0555
0.564559
0.695576
0.506476
0.183592
2.23688
1.76414
0.576049
0.475943
1.58172
0.339378
1.71755
2.78645
1.34242
0.0576738
1.05331
0.814414
0.336678
2.33526
0.0923968
1.62636
0.319737
0.863099
0.273467
0.521524
0.475524
0.100288
0.578075
0.114455
0.301892
0.101404
1.36536
0.617387
0.423931
1.3841
0.901915
3.57705
0.30344
0.162434
2.97315
0.301232
0.717366
0.562237
0.503406
0.754154
0.55894
0.552989
0.518674
1.38262
1.27815
0.00133937
1.62881
1.21609
2.19983
0.460909
0.482323
1.77
1.67363
1.44498
0.0325443
2.59137
0.75411
1.96213
1.89831
1.86004
0.5171
1.23019
2.55707
1.92254
1.32952
1.07147
3.70196
5.08776
1.99189
1.66355
0.867078
0.65336
0.777631
0.897319
0.0795013
0.957638
3.50768
1.96426
1.31959
7.21189
0.741425
1.43914
2.71558
1.9686
0.633642
3.51828
0.391326
0.822391
1.52815
0.984725
2.75697
0.873197
0.686007
2.22927
0.535288
0.44998
0.444846
0.873657
1.06502
0.322435
1.03855
0.336339
1.0283
1.09314
0.853302
0.909099
0.123526
0.722969
0.456893
0.54512
0.200245
0.0385306
2.66585
0.768004
0.345121
1.39461
0.352889
0.260254
0.562908
0.964489
0.56791
0.207985
0.144665
0.430449
0.192572
0.344761
0.67937
0.350793
0.679535
0.599678
1.86926
0.619679
0.0183745
0.18593
2.45567
0.806029
2.56708
1.90704
0.00428115
1.6243
0.540116
0.794947
0.10381
0.267838
3.13257
0.549705
1.12915
0.589514
3.58791
1.88096
0.453359
1.13071
1.16564
0.0498547
1.14441
0.87539
0.181133
0.472639
1.11502
0.814314
2.24103
0.938612
1.635
1.14801
0.341149
1.19416
1.2638
0.466225
1.4523
1.24597
2.86997
0.938646
0.551785
1.00617
0.349873
1.34517
1.59318
0.53969
2.23827
0.19469
2.58241
0.432253
0.93949
1.01327
1.34479
0.16488
1.70944
0.127697
0.441581
0.0432128
0.790737
0.472765
0.500868
0.0539522
0.340942
1.19443
0.566251
0.179004
1.79447
0.498826
1.61631
0.112358
0.241288
0.0933793
0.0927735
0.976413
0.605445
3.35352
0.435555
2.11802
0.0103518
0.401079
0.893447
0.0940669
1.31279
1.17306
0.357433
0.169816
1.94353
1.75551
0.311089
0.648589
0.0736611
2.34586
0.208522
0.830091
0.0628205
0.673758
0.397528
1.38494
0.717251
0.397125
1.83269
0.235027
0.219582
0.199947
0.0952337
0.645444
2.63758
4.52978
1.17933
0.600744
3.03002
0.755852
2.25678
0.0261964
0.032043
2.36762
0.690503
0.310543
0.510428
0.256601
4.32289
3.32259
0.137191
0.180584
1.2581
0.162725
1.69696
0.94904
1.30898
0.018359
0.0138828
1.92241
0.281463
0.201065
0.0553655
1.87611
1.03527
0.0580073
0.39866
1.71476
0.936326
1.46977
0.003837
3.80346
3.09711
1.19869
0.273089
0.562283
0.123615
0.979549
1.34335
0.112968
0.905794
0.937809
0.486691
0.488491
0.160283
1.54829
0.739997
0.305862
3.2235
0.103829
1.20494
0.28029
0.25692
3.16991
0.0808561
1.65076
0.0316539
0.607863
2.30207
0.753142
0.329109
4.67262
0.268741
0.0277175
0.0115857
0.461629
0.271177
0.363362
0.204568
0.281151
0.522926
0.143513
0.0633311
9.09624
0.580876
1.16455
0.646692
0.635479
0.184831
0.118581
0.400994
0.789424
1.06635
0.132045
4.10539
0.0920655
1.22031
1.49557
0.111414
1.33353
1.16016
0.291414
0.0439042
0.12078
1.79124
0.00845515
0.897444
0.431743
1.81289
2.36074
2.67507
0.727997
2.28009
0.591967
0.938493
1.6042
0.298445
0.153371
0.22393
0.834093
2.71135
2.00269
0.34065
2.12853
1.90736
0.408581
1.21245
1.01859
0.212161
0.186342
1.53283
0.122572
0.668697
0.0614104
0.281809
0.122561
0.428346
0.337492
2.25338
0.703888
0.867672
5.30498
0.0751147
0.290826
0.794313
0.290575
0.844872
0.297433
2.22446
0.223958
0.973229
0.636501
1.45575
0.858295
0.34875
1.66509
1.88946
2.66549
0.518068
0.158901
3.04041
0.403397
0.705453
0.842761
0.916932
1.15622
0.251569
2.1436
1.97602
0.838465
0.510239
2.75628
0.894679
0.497157
0.628521
0.344439
0.885517
0.520908
1.24091
1.09527
0.692593
0.668195
1.32656
0.859127
0.482756
1.18519
0.541838
0.136814
0.0412535
0.315853
1.03068
0.98176
0.838938
0.260799
1.11399
2.08389
0.434606
0.14571
0.44629
3.10662
0.0592113
0.589676
1.23351
1.89253
0.618847
0.300333
0.118543
1.09079
0.427853
4.63378
0.0295466
1.31555
1.03523
3.21362
1.26985
0.764913
1.10942
1.95014
1.10832
0.341647
0.56444
0.289305
0.0597889
0.987305
0.599377
1.06146
0.0591819
0.0809152
0.553475
0.168287
0.310987
0.0714319
0.245905
0.210258
0.946241
0.906345
0.191242
0.0114958
0.688152
0.363052
1.02359
2.12713
0.0371658
2.19433
2.18574
0.574127
0.0405708
1.77871
0.720726
0.559163
0.0525374
1.12858
3.19189
1.01422
1.48894
0.452004
0.197701
2.39824
0.232777
0.486456
3.27983
0.828702
0.0482981
0.706696
0.13344
1.49882
0.474547
2.29619
0.0720031
1.78937
0.368585
0.386631
0.348638
0.367658
0.717156
0.758572
1.09599
0.681078
0.151874
1.08685
0.0317514
1.46403
0.41117
0.760849
0.433406
0.737586
1.0752
2.07056
0.680538
4.86938
1.6243
0.692249
0.639444
0.617432
1.10745
0.291296
2.11954
0.178124
0.319921
0.296199
1.88574
1.71657
0.650756
1.70992
1.96601
0.523136
1.32091
0.2059
0.624026
1.29356
1.37105
0.126431
0.256029
0.303289
0.873249
0.87326
0.749621
2.27183
0.551706
0.293119
3.1379
0.31273
0.00484885
0.464854
0.725297
0.35206
0.591203
3.02291
1.01414
1.6168
0.370813
0.736785
0.951904
1.33818
0.910883
0.333713
0.650413
1.45964
0.204743
0.925051
0.319125
0.470454
1.42209
1.1023
0.0508205
0.0738704
0.438408
0.398593
0.755414
0.423252
0.883038
2.77488
0.32683
1.01002
1.50133
0.492603
0.203236
1.66203
0.934079
1.11272
0.289027
0.505281
0.23698
1.10535
3.09154
0.495193
1.11085
0.712682
2.41813
3.33635
1.36481
1.55417
0.409897
0.402213
1.44277
2.97891
2.14377
1.04034
1.19031
0.0319509
0.00635106
1.87044
0.3209
0.0322177
0.366746
0.202072
0.203328
4.68136
0.455547
1.79374
3.78065
0.642771
1.80676
2.37037
0.955989
1.33338
0.0651724
0.959213
0.253962
0.0962575
1.33756
0.0947016
0.416847
3.11501
0.206717
0.675651
0.140588
2.02405
0.558095
3.44184
1.64094
0.452959
0.248393
1.20655
2.19692
1.23026
1.13133
0.415628
1.09077
1.2562
1.63503
3.38266
1.41607
1.54794
0.277554
1.53006
0.692972
2.9247
2.27814
2.25162
1.46982
0.63063
1.25352
0.323472
0.0989282
0.534097
3.63209
0.680447
1.27885
5.60051
0.0152932
0.763593
0.615981
1.39412
0.933835
0.854091
0.95287
1.04229
0.141852
0.734879
0.331002
1.12428
2.88256
0.119501
0.51768
0.872709
0.591416
0.613202
1.77136
0.00809301
0.477176
0.840441
0.958016
0.725674
0.356115
0.229317
2.65348
0.483539
0.0789962
1.69031
0.214257
0.326812
0.394711
0.0970543
0.155002
0.489647
2.02862
1.06037
1.52938
0.780922
0.69539
0.294576
3.10198
0.621073
0.818922
2.22417
0.948388
0.44114
1.91271
0.0694558
0.577856
0.915561
0.999749
1.17167
0.033076
1.2316
0.415251
0.955972
1.10264
1.35026
0.00760046
0.272251
2.38405
0.0426544
0.748242
0.119388
2.56272
2.61512
0.924395
2.57998
0.0947347
1.04515
0.424421
1.71346
1.07605
0.663858
0.203006
2.40037
0.511935
2.55891
0.713256
0.542569
0.141966
0.0297125
0.296714
0.653643
1.44628
1.69463
2.57067
1.62278
0.900485
1.18298
0.939423
1.14064
0.588312
0.368756
1.70475
7.00554
0.0358867
2.02831
0.651865
0.827882
1.07585
0.506721
0.314353
0.435508
0.934841
1.30835
0.386966
2.29519
0.34827
5.97966
0.283083
0.231186
0.0190285
0.0787421
1.04853
0.51472
2.32542
0.192227
0.505147
0.111286
0.689061
0.486504
0.756366
0.50577
1.23227
0.541187
0.509825
0.0509717
0.234731
0.930735
2.86208
0.59633
3.20562
0.0613162
2.21395
0.631421
0.525802
3.16607
0.588125
1.32017
0.952358
0.919523
1.24453
0.616045
0.0702618
0.00969122
0.439772
1.97368
0.103348
0.687474
0.782449
0.493573
0.223555
0.560719
0.00222133
0.792531
1.03007
2.98868
1.86595
0.16649
1.23977
0.17956
0.637491
1.56747
0.864069
0.619637
0.651437
0.439531
0.225791
0.399509
1.56398
0.348445
2.01169
0.298284
0.412667
0.275631
2.24335
1.57822
0.624513
0.712179
0.148462
0.283292
2.62662
0.739302
0.787664
0.467451
2.24874
0.137999
0.791896
3.02717
2.28045
0.263625
0.121788
0.959847
0.444192
2.06401
1.83643
1.44272
0.296763
0.476518
1.44842
0.609953
2.75103
0.251911
0.261382
0.00102794
0.239443
0.867358
1.45855
0.620742
0.0420415
0.197455
1.98218
0.828339
0.523706
1.82727
2.08157
0.0983478
0.0698689
0.327015
4.49217
0.64212
1.11416
0.548724
1.63854
0.196649
0.0452608
2.45111
0.328929
0.333693
0.456863
0.177145
0.922835
2.18898
0.183974
0.74117
0.164232
0.204494
2.02208
1.06697
1.91145
1.14749
0.917477
0.555132
0.580033
1.35971
1.61845
0.917645
4.06317
0.124701
0.00920336
2.8627
0.392424
0.522343
0.321334
0.00397058
0.226073
3.91711
3.90945
0.0503363
3.40789
0.483266
0.690025
0.186039
0.00995345
0.0211878
1.02531
0.0454743
0.036846
0.105312
3.84382
0.245635
1.10535
0.676893
0.960258
1.17855
5.17531
0.322293
1.30361
0.589047
0.766637
2.08661
1.43756
2.41282
1.70103
0.978323
1.83577
0.0667588
1.23672
0.742316
0.0362073
0.555812
1.13962
0.517376
0.202587
1.50407
0.1193
0.589513
0.393788
1.72013
0.0454488
0.498401
4.08616
0.285
1.54318
0.246386
0.0798759
0.0910993
0.862307
0.563618
0.931349
1.78165
3.91138
2.19575
0.153083
0.246435
0.443849
0.560695
3.75994
2.41835
0.507977
1.69958
0.586646
0.542657
2.77022
1.0793
1.39542
1.82778
2.14412
1.25854
1.34983
0.338352
4.39531
0.342351
0.940573
2.03012
1.33794
0.866838
0.0667515
1.52927
0.696766
0.522678
1.69949
0.642879
2.55648
2.07662
0.272948
2.53875
1.55259
0.369066
0.986865
0.249364
0.526786
0.205074
0.334476
3.11789
2.06446
0.665794
3.13813
1.34575
0.143681
0.808321
0.658873
0.437785
0.395434
0.993947
0.386604
0.672906
0.179714
3.24392
0.501714
0.0325924
0.0158632
0.0286561
0.0389668
1.4698
4.15168
1.58259
0.24338
0.25782
1.72565
4.43174
0.427537
2.76016
0.0912503
1.45215
0.706127
3.54027
3.47454
0.411726
0.293788
2.91535
0.670125
0.657469
0.768333
0.444467
0.316047
1.18657
1.1143
0.222202
0.207141
2.06557
0.323645
1.58066
0.413184
6.79141
1.31275
0.246862
0.145824
1.73278
0.496141
0.00544241
0.852371
1.5813
5.59626
2.33667
1.81037
1.14294
0.676675
3.43276
1.01115
2.95378
1.42905
0.0475205
0.39403
2.12218
0.477143
2.05742
3.94514
1.89803
0.875798
0.503597
0.000860921
0.894975
0.0233445
4.49411
0.0420051
1.24689
1.60951
1.79844
0.703564
0.288683
0.940174
1.06406
1.15171
0.387025
1.80875
0.281215
1.23158
2.21548
0.167842
1.20656
1.04651
0.776329
1.95818
0.335432
1.21862
0.661345
2.07806
0.48473
2.02901
4.48619
0.747655
1.0871
1.20328
3.5613
1.5852
0.445711
1.52178
0.956378
0.534041
0.79743
1.0957
0.376847
2.35921
0.423602
0.049686
0.510381
0.0568362
0.668536
1.24223
1.29182
0.87385
3.74466
0.561136
0.0956312
0.658591
0.879364
0.303583
0.357167
3.01421
1.88899
0.00487824
1.50672
0.975543
2.17784
0.39501
0.595548
0.488442
3.16015
0.495518
0.133866
4.50672
0.943935
0.506547
3.15238
0.604861
0.973441
0.160206
0.471605
1.19645
0.544672
1.899
0.101138
0.243894
0.840494
0.205289
1.06323
0.0551526
0.0693523
0.0946244
3.25867
0.0753041
0.105123
0.975941
1.2551
1.07914
0.953435
0.159895
0.239779
0.0489088
0.276263
0.37006
0.107618
0.415337
3.45646
2.61916
0.740443
1.65448
0.47945
3.91855
1.16741
0.0103336
1.20694
2.21056
0.493919
0.836981
0.291787
2.28566
1.32341
0.0956385
0.0601927
0.89006
0.701046
0.69341
0.141802
1.30082
3.91889
0.0186445
1.06746
0.173484
0.838282
0.429841
1.58446
0.474434
2.10193
4.74949
1.06556
1.03287
0.466067
0.568081
0.231363
0.897454
1.41096
0.226213
0.229686
1.88678
0.0380443
0.641932
3.18883
0.176607
1.24632
0.653472
0.903368
0.350006
0.864336
0.412694
0.289782
1.62212
0.109318
0.722672
2.61661
1.67878
0.621493
0.0870014
1.08462
3.75627
1.8187
1.06663
0.176044
0.345522
0.571
0.728169
0.0858258
0.245082
0.179197
0.970421
0.120851
0.237132
1.45575
2.31011
0.0360928
2.08358
0.414823
0.51796
0.534232
1.16053
0.096029
0.465955
0.0945458
0.9732
0.561808
0.170807
0.764143
3.73973
0.241695
0.228217
0.353647
0.731452
0.815249
2.07682
1.59421
1.02027
1.1655
0.0871756
0.622898
0.00890017
0.176419
0.413515
1.36776
2.11201
0.762273
0.317945
1.02012
1.54238
0.312248
2.9583
0.582611
3.39959
0.318171
1.19412
0.674787
0.178609
0.494628
1.69964
0.110537
0.116626
0.508914
1.65378
0.149401
0.347159
0.681707
1.73298
0.0521968
0.976854
0.837562
0.486284
1.27657
0.478005
0.615913
0.169585
0.139122
1.81862
0.139724
0.427136
0.269596
2.14651
1.04892
0.439032
1.47014
1.72444
0.192098
0.138489
0.296643
0.96812
0.865023
1.68121
0.437037
1.14777
2.61232
0.169631
1.54978
1.08114
0.266019
0.328925
2.80677
3.61856
0.362014
0.89084
2.97143
2.85712
0.407354
0.0186598
0.393645
0.810809
0.652289
1.00523
0.249181
1.03398
1.52351
3.14984
0.137599
0.17138
0.925724
0.536298
1.47161
0.727757
1.00621
0.529724
2.30292
1.62424
0.356717
1.29026
1.70395
0.917143
0.342544
1.43272
0.428626
0.367913
0.21651
1.40197
0.152769
0.0495088
0.0366106
1.87779
0.645917
0.113196
0.913892
0.415824
1.05755
0.144189
1.67908
1.43577
1.86615
1.66202
0.64569
0.251032
0.650486
2.62305
2.58499
0.264353
0.379948
0.0872108
0.0475076
0.372241
0.215756
0.936597
0.621698
1.6928
0.455707
1.24578
1.61328
0.09048
1.34153
2.67884
0.694786
1.52652
0.945463
0.0246372
0.297237
2.02177
0.120335
3.04745
0.693377
1.23988
0.360697
0.268749
0.931149
2.5571
0.277451
1.56904
0.0385826
0.879837
0.559163
1.30754
0.404862
0.178248
0.369334
2.93785
1.37354
0.672479
0.937899
1.55476
0.0774412
0.694911
0.761779
0.602531
0.463235
1.86566
0.21317
2.07083
0.352989
1.84092
1.12338
0.0360117
0.0192182
0.900292
2.16054
0.191082
2.61277
0.180885
0.822103
0.411289
0.0808866
1.21697
1.9242
1.92477
1.4304
0.174496
1.01868
0.286459
1.58986
2.96618
0.775706
0.204809
0.541416
0.609216
3.03984
0.589236
0.377488
0.00603572
0.495582
0.822097
1.04921
1.14002
4.5409
0.367986
1.80395
1.00741
0.535969
0.344431
0.145008
0.271066
1.05773
0.914716
1.43895
2.33714
1.5268
0.0206953
0.413839
0.0227608
0.017089
0.630888
2.90238
0.314851
1.5117
0.916848
1.1108
0.0921803
1.20501
1.08602
1.06337
1.12433
0.130632
0.442143
0.0188843
1.22221
0.683382
0.208079
0.97924
1.33915
0.0928803
1.60284
1.46888
0.238552
0.536011
0.0464334
0.402632
1.04518
7.7186
0.0106879
1.01461
0.839774
0.735094
0.202947
1.52594
0.504385
0.523651
0.307417
0.026305
0.988127
1.48239
0.394341
0.357533
0.921307
1.67035
1.08835
0.289756
1.55508
1.34343
2.83817
0.285637
0.50529
2.26948
0.0467503
1.26995
2.20896
0.274084
0.354571
0.288375
0.768256
0.162527
1.71675
0.129148
0.00415802
3.86814
0.300634
0.32907
0.288393
0.297934
2.29833
2.10835
0.117576
1.80371
0.323502
4.11273
0.211404
2.35749
0.665218
0.488821
0.776122
1.69871
2.20961
1.55206
0.31469
0.776546
0.0973038
0.17043
0.746872
1.22077
3.34014
1.3079
0.215588
0.284974
2.12927
1.08476
0.298587
0.102526
1.89555
0.649333
0.0215489
0.227768
0.163632
0.918608
0.47056
3.49833
1.29443
1.60516
0.25909
0.133284
1.05498
0.479637
0.0320355
2.6778
0.63457
0.99082
0.546026
1.82525
0.299183
2.3889
0.425713
0.138065
0.819748
0.0402089
0.0938647
0.553681
0.709603
0.26394
0.429805
0.219038
1.41969
1.26861
0.932267
0.579297
0.6948
0.286906
0.426702
1.55707
0.944714
0.0535143
0.0296414
0.621672
1.3598
0.729088
0.0683485
0.0666666
0.150942
0.917624
0.246768
0.999317
1.03536
0.284868
1.93985
4.93801
0.773769
1.00777
0.297227
2.5656
0.857426
1.49233
1.60071
0.849693
0.162994
0.592813
0.252648
1.38844
1.06453
0.223484
0.961488
2.51037
0.795603
0.523831
4.75725
2.54727
1.43189
0.679007
3.8499
1.47817
0.159001
0.192201
2.37783
0.185121
1.01413
0.131851
2.69616
0.262066
0.559341
0.087321
2.74429
0.396297
0.541615
0.300766
0.0781409
0.634778
0.955922
0.804825
0.202756
1.49289
0.523995
1.25599
0.365769
1.85493
0.496665
0.425873
0.839197
4.83898
0.722795
0.201982
3.97953
0.0944991
0.146062
1.25157
1.80035
5.42002
0.482624
1.67449
1.24011
0.487172
0.0592508
1.59741
0.131279
0.04377
3.17148
2.40487
0.0924942
1.12894
0.869252
0.320946
1.7744
0.304975
4.02549
0.573974
0.243855
0.133063
0.489925
2.59588
1.05643
2.0931
1.3378
0.0946722
0.0455782
0.827946
0.95825
1.49556
0.429839
0.399193
0.280215
0.00708655
0.296652
1.00901
2.22668
0.846896
0.0435615
0.0141283
0.0625862
0.957319
1.24049
1.31583
0.0797831
1.07174
1.0249
0.385314
1.8811
1.67706
0.324284
3.9867
2.79427
1.83171
0.474498
0.605553
2.68029
0.635702
0.385004
0.486252
0.327195
0.642759
0.443688
2.63436
0.262838
0.397923
0.0306263
1.14638
0.636468
2.56661
0.74508
1.15197
0.122412
0.750523
0.424802
1.39938
1.93056
0.833394
0.679512
1.04974
0.0143213
0.603306
0.321746
0.277035
3.33828
1.58856
0.40193
4.28213
2.72618
0.147216
0.103418
1.08396
0.177924
2.22522
0.800825
0.604095
0.520939
0.31684
0.145519
0.717166
2.85065
0.27814
0.363254
0.220498
1.84803
1.73123
0.763249
2.1351
1.94268
0.282752
0.0987496
1.54679
1.62559
0.527648
2.09615
1.07745
1.97911
0.201208
0.19735
0.834273
0.24583
2.94418
0.375483
1.54766
1.12663
0.800762
0.337496
0.386445
0.314137
0.86813
0.450008
0.0196077
1.21464
1.35339
0.256547
1.88323
0.398871
1.07346
0.899813
0.418324
0.0337162
0.606018
0.858548
0.38354
0.0985605
0.504989
2.78367
0.909324
0.0744495
0.051799
1.24396
0.369853
2.38833
3.46335
0.856605
2.80097
0.625277
2.7379
0.155853
0.0470692
0.128087
0.0511274
0.0161798
0.69706
0.150433
0.235057
0.465272
1.42895
0.339345
0.356287
0.366729
0.128263
0.728863
0.13504
0.294512
0.107957
0.0485537
2.623
0.107833
0.082528
0.280861
0.506079
0.351661
0.340286
0.768572
0.388337
1.40064
1.17395
0.150209
0.0717954
0.151573
0.088211
0.496539
1.43257
0.766458
0.0188348
0.631442
0.855827
0.102066
1.74565
0.789831
0.566805
1.02849
0.304009
0.160753
0.943698
0.801873
0.645105
0.366959
0.500533
1.1697
0.235251
0.00897023
1.39644
1.37993
0.232435
0.720219
1.22568
0.0935501
1.34654
1.86838
0.163653
0.934222
0.172626
3.3494
1.36469
2.31063
0.962459
1.13746
0.316811
3.99992
2.02584
1.42239
1.05108
0.721413
1.52623
0.423415
0.606963
0.0814381
0.60636
1.1254
0.0680161
2.07496
3.17349
0.412643
0.0760424
0.952024
1.70981
0.404522
0.929392
1.92257
1.40684
1.1768
0.273834
1.32644
0.0843968
0.618544
0.0739212
1.78045
0.566312
0.874642
0.521643
1.19547
0.0644577
0.429997
0.132418
0.873669
0.220702
0.406392
1.36235
2.21136
2.66072
0.310604
0.0256997
0.164295
0.375593
0.741747
2.80744
2.03334
0.0895825
0.690876
0.183593
0.78159
0.415429
0.0263252
6.1084
1.51734
0.0707445
0.705638
0.474221
1.47252
1.0197
3.08834
1.33446
1.54463
0.884994
1.12939
0.599147
0.100781
1.11572
1.29618
5.40097
2.30825
1.89634
0.149267
0.029572
0.0954857
1.61832
1.37285
0.059849
0.0308315
0.0838777
0.2018
1.48826
0.937846
0.120136
0.8331
0.671493
2.83978
0.79362
3.64493
1.69631
1.0823
0.343281
1.52695
0.593971
0.440509
0.74355
0.5596
1.14778
1.45277
1.52157
0.596652
0.940676
0.610033
0.507288
0.504521
0.356884
0.483958
0.474114
0.289043
0.0700426
1.14445
0.999889
0.925258
0.327034
1.3362
2.3741
0.471486
0.0295722
2.18344
0.607937
0.231574
0.579972
0.711601
0.0081361
0.969377
1.34129
1.15941
7.59136
0.277018
0.765715
1.16427
2.26162
0.0261892
2.06074
0.0892302
0.178206
1.5016
0.28761
0.190684
1.1233
0.127821
1.05446
0.533769
1.24139
0.147756
2.70377
1.06781
0.0850146
1.22238
0.0971676
3.27429
0.0276529
0.237959
0.0103376
1.33594
0.792206
0.0358947
0.234279
1.39173
0.827921
0.798548
1.48635
0.349236
0.194977
0.233599
0.725227
0.508447
0.359828
1.24067
0.139378
1.14453
0.995212
1.05682
3.07469
0.196329
0.816714
0.164773
4.38111
0.669863
3.17418
1.0984
0.320092
0.0489918
0.0848868
1.79326
0.276381
0.394821
0.256987
0.175763
0.0561277
1.06966
1.69683
1.06441
1.53062
0.438615
0.218404
3.29295
1.7652
0.179561
1.17809
1.92232
0.950428
0.123889
0.639931
0.418123
0.355665
0.0582797
0.810603
0.840331
3.70216
1.02208
0.459349
1.4793
0.361444
0.0962368
1.57919
2.34053
0.636583
1.3762
0.256991
0.438361
0.0670066
4.55101
0.327783
0.0290019
0.377812
0.00633317
0.180293
1.63604
0.397874
0.780685
0.0808043
0.108936
0.363703
2.08686
0.0810619
0.608325
0.248652
0.581855
1.8268
0.162097
1.12046
0.265202
0.385957
0.388961
0.12476
0.355235
3.37039
0.456925
1.42534
1.14562
1.39932
3.00797
0.553664
0.0843271
0.686464
1.8177
0.527366
1.76735
1.54724
0.670524
3.90755
0.654786
0.234359
0.0901732
0.20127
0.0367575
1.18111
0.246776
1.53981
0.999509
1.06306
0.722593
1.37208
0.0722637
1.52756
1.0273
4.11464
4.43442
1.52325
0.482801
0.549438
0.755567
0.0729983
0.125189
0.3935
0.20642
0.496469
1.19637
0.716236
3.23122
1.29326
0.0431419
3.76103
0.33177
3.59176
0.133987
3.39628
0.140168
0.0273004
0.902084
0.270397
1.87786
0.605441
2.11625
0.0659151
0.154465
0.88536
0.188956
1.14449
0.11819
0.0664959
0.523002
4.60184
1.24018
0.509224
1.71329
0.464091
0.86182
1.95027
1.05733
1.37501
0.280731
1.16166
0.17764
0.0735292
0.400799
0.720659
1.14393
0.54718
0.247455
1.2288
1.11047
2.62125
1.0412
1.33233
0.747599
1.22222
1.14534
0.588262
0.527698
1.33227
0.578197
0.0139471
0.281363
0.904125
1.37387
1.14999
2.08171
1.62197
0.793432
0.908861
0.478443
0.505042
0.554378
0.132071
3.12327
0.61737
3.81962
0.433085
0.317649
0.876468
0.278392
0.112444
1.0398
0.834391
1.48184
0.985702
5.81781
1.02241
1.33264
0.0847969
1.21317
1.22853
0.522751
0.593602
0.0890932
1.58801
0.155906
0.254025
0.127678
0.720071
0.405165
0.216601
0.982038
0.768323
0.470573
0.804578
0.0313634
0.263938
0.932821
0.66635
2.0248
2.55475
1.11553
0.759561
0.543778
1.45642
0.509122
0.228626
0.0134722
0.0913609
0.360205
0.677095
2.22387
0.763945
0.994104
0.74866
0.707732
1.72661
0.0576556
0.198864
1.10794
2.11537
2.94688
0.582052
1.96041
2.00723
0.453533
0.677232
2.89845
0.438347
1.84711
0.690788
1.4448
0.556869
0.581096
1.55286
1.49284
2.33906
1.60875
0.83216
0.134758
0.811411
4.32013
0.369898
1.65685
2.71147
0.0797114
3.79762
0.631698
0.296684
1.33497
2.73463
0.338734
0.492697
2.66385
2.2408
0.179629
1.24467
0.462143
0.013841
0.000937334
0.267023
2.83419
1.02425
2.65307
0.988184
0.186182
0.106065
0.1972
0.309353
0.562489
0.996178
0.0920231
0.832493
0.232484
0.343598
0.981835
1.91817
2.42105
1.62052
0.307298
0.153351
1.54894
0.404344
1.8828
0.0816427
0.00973101
1.14002
0.42826
0.241858
0.547897
2.46738
0.503944
1.69215
0.409457
2.53151
1.7811
0.782466
1.14661
0.527806
0.183376
0.744324
0.544663
1.20693
3.09418
0.0452721
2.77076
2.56996
0.0491464
3.88747
5.84989
0.664665
0.634318
0.733588
0.207521
1.51162
2.3848
1.48002
1.13615
0.791901
0.330589
1.1739
4.58417
0.705585
1.27473
0.282369
0.426866
0.194086
1.34017
0.813183
1.6288
0.0348972
0.421734
0.690589
0.659653
1.36193
2.43419
0.530419
4.15253
0.156102
0.467084
0.358044
0.0682362
1.1748
1.89774
0.5069
0.12347
0.241134
0.470687
0.138592
1.16325
0.158666
0.621876
0.195587
0.525718
0.0143283
1.66768
0.091251
0.0621466
0.159197
0.686208
0.25892
0.607171
1.18791
3.63524
0.256712
0.27419
0.566006
1.77626
0.405539
1.66466
0.198916
0.490953
1.29008
0.797973
0.598495
0.296332
0.160045
0.831842
2.88644
0.330218
0.67625
0.590182
0.842514
1.67695
0.171742
0.420866
0.933091
3.07044
0.091759
0.450096
0.756589
1.54827
0.0283977
0.0323648
2.45551
0.198902
0.422542
3.09399
2.52491
0.785351
0.17718
2.2376
0.697664
0.132375
1.3831
0.0809864
1.85819
0.677463
0.407126
1.32971
0.429135
1.05578
0.7731
0.421327
0.122922
1.17404
0.620345
0.344128
0.0304454
0.573012
0.704543
0.161418
0.037852
1.94543
0.00572124
0.0773341
1.49135
1.37311
1.46703
1.15933
0.448498
1.94904
0.0581733
0.968242
2.29416
0.622147
0.211249
1.01406
0.193298
0.171564
3.49847
0.262338
0.600291
0.664328
1.37514
4.17513
0.374274
0.151445
0.436143
0.133217
2.01272
0.612025
4.47724
1.17125
0.567568
1.29217
0.488576
0.256692
0.0539181
0.720457
1.14787
1.91714
0.189903
0.330362
1.49958
1.30538
1.10259
0.903682
3.31824
0.507545
1.01514
0.639587
0.225216
0.032065
0.440079
1.74541
1.06629
0.401891
0.185184
0.449915
1.55342
1.12167
0.523264
0.485744
0.00702114
0.17646
0.864544
2.03999
0.103103
0.658069
1.23887
0.481636
1.73514
0.237727
0.0370757
0.67313
0.180206
0.330852
2.53684
0.392233
2.52549
0.22502
0.631609
0.075355
0.561549
0.306906
0.80827
2.83331
2.67929
1.45444
1.1374
0.52961
1.97501
0.427143
0.156671
0.447596
1.84887
0.420415
0.610165
0.491233
0.256488
1.28577
1.44411
2.50844
0.0880968
0.28871
1.03518
0.711515
0.357855
0.199863
0.00971201
0.26572
1.33141
1.24992
0.923067
1.53719
1.90483
1.41497
0.102388
0.930491
0.280153
0.0736047
0.823917
0.129541
0.553453
1.56149
2.1159
0.311669
0.141348
0.645672
0.2148
1.00503
0.514036
0.789095
0.719285
0.815415
0.52852
6.27019
0.211548
0.99208
0.415163
0.254246
0.0699544
1.17495
1.96651
0.275896
1.68654
0.476407
0.574482
0.486262
1.00774
0.647688
2.90619
0.370318
0.277247
0.299306
2.24773
0.876053
0.588419
0.0388605
3.31058
0.338025
0.0743828
0.404982
0.122998
0.464993
0.14822
0.527614
0.00681813
0.276215
0.90563
0.0455216
0.0294479
1.19313
1.10287
1.2688
0.719169
0.240744
0.433589
0.347359
0.411243
0.229189
0.390811
0.867213
0.794855
1.00975
0.0882549
2.27218
0.256886
4.11413
0.0524781
0.384565
0.758072
0.196867
0.771556
0.189994
3.31775
1.94484
1.09898
1.11213
1.87426
0.178827
0.660822
0.248085
2.34772
0.69936
0.91894
1.21577
1.35226
0.399025
0.0625997
0.417383
1.25802
0.4741
0.914684
2.22469
0.0181575
0.00919505
1.92885
0.0242421
0.0867391
1.19514
0.280276
0.671653
0.417814
0.867318
0.219988
2.05183
1.72876
0.870031
0.368372
0.995047
0.666635
0.499944
2.24604
4.0571
0.182107
1.83599
1.45206
3.35615
0.752727
0.446176
0.0072229
0.493966
0.0160913
2.13495
1.71761
0.0271164
1.97548
1.75325
0.568387
0.465328
0.187107
1.19924
0.660314
0.0237876
3.63971
0.619516
1.64666
1.2714
3.0673
0.0313313
0.162302
0.331585
0.206404
0.628957
1.34907
0.421549
0.269621
0.524591
0.201004
0.191555
3.20514
0.994498
0.884087
0.0186909
1.06236
0.0147257
1.49118
0.0229015
0.0248501
0.631725
1.46588
0.64592
1.43442
0.0871376
0.405093
0.241707
0.50872
0.0187293
0.295569
0.922902
0.0383162
2.04807
0.257172
0.776748
0.404507
1.22508
0.00755784
0.0434888
4.7234
0.17076
0.124066
0.97316
0.573149
0.162536
0.137341
0.165483
0.157078
1.1479
0.0577912
0.262354
0.902641
1.4099
0.0743376
3.12906
0.502768
3.33041
0.324279
0.277188
1.89084
0.71678
0.773365
0.688239
0.15004
0.701715
3.10424
0.0513915
0.182736
0.716053
1.18163
1.70694
1.13731
0.863153
0.39932
0.417035
3.11755
0.542341
4.45077
1.11808
1.06415
0.656833
0.365932
0.364698
0.36321
0.396474
0.288765
0.0321905
1.41016
0.515062
0.15598
0.901091
0.281227
0.32606
1.28634
0.590906
0.917
2.53188
2.71447
0.934842
1.7157
0.0668675
0.677192
0.53158
0.724918
0.757563
0.568686
0.0809114
0.572114
2.19467
0.150537
0.00470586
4.16256
0.83071
0.395311
0.35206
1.86696
2.58198
0.904246
0.294558
1.32843
0.480675
0.170692
1.83718
0.193563
2.33648
2.42705
0.00580587
1.98571
1.80201
0.119608
0.190793
1.04923
0.600933
0.248374
0.342322
3.11401
0.942414
0.474571
0.125011
0.103369
0.100883
0.28923
1.1346
4.09915
0.356145
0.0544058
1.84805
3.93553
0.901273
1.18278
0.650524
1.1068
1.7018
0.892904
1.43048
0.56993
0.813207
0.205122
0.193335
0.251835
0.123288
0.399425
0.686781
2.14774
0.215911
4.06447
0.100218
1.04911
0.0518076
0.0400334
3.21738
2.38112
0.604097
0.299483
2.05786
0.499312
1.26798
0.515023
0.624391
0.627341
1.62993
0.914102
0.0425234
1.42694
0.941463
0.0576546
1.69459
0.113473
0.678464
0.806693
1.61519
0.718581
0.69432
0.236772
0.401951
0.832473
0.220947
0.0895696
1.77
0.0810307
0.189032
2.79956
1.87294
0.0643742
1.23143
0.563448
2.62452
0.126191
1.38775
4.126
3.33708
1.49552
0.641844
0.267808
0.213412
1.1132
1.31143
0.504088
4.00733
0.248312
1.25801
2.17186
0.602018
1.25205
0.917777
0.588894
0.300418
1.65493
0.123378
1.15482
1.40988
1.98222
0.455093
0.0760045
0.14933
0.782431
0.0652302
2.56777
1.84668
2.68141
0.284067
1.12779
2.55912
0.997212
2.48473
0.0433292
1.29624
0.371936
0.434923
0.221897
2.57491
2.74396
1.65432
1.8366
1.52178
0.693115
0.219206
0.54033
0.126037
0.438092
0.130101
0.201483
0.0313795
1.43315
0.949772
1.96016
0.799351
1.24476
3.3053
1.76821
1.35057
0.921386
1.60403
0.0786268
0.352137
0.406364
1.20277
2.05108
1.97285
1.53261
0.0183295
2.68223
0.75991
0.371354
2.595
1.53065
0.441303
1.22458
1.73032
0.243032
0.022404
0.562187
0.108042
0.45021
0.0665613
0.420151
0.803163
0.226057
0.258693
3.6197
0.787243
1.27054
0.386889
0.616612
0.408128
1.64842
0.132425
2.37284
0.534725
0.1198
0.398768
0.769014
1.85878
1.15994
1.62606
0.915904
2.94038
1.2069
3.50225
1.32035
1.01346
0.0018372
4.64564
2.47841
0.300937
0.314196
0.924751
0.41022
0.0782588
1.13203
1.1552
0.654258
1.38433
1.12033
0.321639
0.490743
0.730083
1.23168
0.390344
0.0363746
0.450559
0.0764476
1.21517
1.10395
1.46407
0.795878
0.0764813
0.133977
1.63252
0.107834
0.551601
2.09424
0.880009
1.38857
0.19446
1.70927
0.140668
1.77146
0.785138
1.09497
0.637836
1.76723
0.88526
2.33588
0.107496
1.65514
1.17684
0.273313
2.57596
2.04666
0.914824
1.7077
0.173067
0.898498
2.94517
0.567274
1.80572
0.865218
0.933237
1.17153
3.26052
2.49398
1.58889
0.893717
1.90075
0.440051
1.19974
0.0460045
0.0199524
0.240606
0.633887
0.174273
0.110925
0.884497
0.494149
0.287685
0.164961
0.347227
0.562855
1.17725
0.0124005
0.824498
0.597982
0.38356
0.276658
2.31859
0.211116
2.4411
0.73022
0.533317
0.755481
0.804333
0.0672809
0.48549
0.192609
1.12567
0.900648
0.11056
0.0722931
0.655529
1.84201
2.8377
2.46826
2.95815
1.0027
1.61483
1.74122
1.34751
0.870074
1.95136
0.643103
0.749811
2.17561
0.000680612
0.317697
2.53194
0.361822
1.28692
1.3116
2.10205
0.0854936
0.655942
0.133638
3.08792
1.41584
2.67135
2.12498
0.509385
4.00045
0.725956
0.264061
0.476304
0.486988
1.3079
0.446047
0.750034
1.44551
2.2239
0.275906
1.32994
3.55088
1.59569
0.300841
0.418042
1.83955
0.0121298
0.847253
0.682079
1.00288
0.967775
0.308741
1.71239
4.31944
1.82804
0.628035
0.225709
1.05985
0.0458938
0.164631
0.792908
0.704859
0.800024
0.213007
0.0477982
4.44899
0.0852599
2.86088
0.727996
0.808736
0.964951
1.5958
1.29021
0.275085
0.622683
4.00758
1.15062
1.20458
0.774902
0.318549
0.449456
0.464176
0.849969
0.427166
0.185158
0.39674
0.980267
0.53665
0.362575
0.659558
0.153117
0.384215
0.517232
0.888243
0.203556
0.294909
1.83859
0.973359
0.965781
2.39794
0.090595
0.277586
3.40662
0.698996
0.450204
1.34712
0.291094
2.09085
0.983166
2.86884
0.0295186
0.142535
0.0707075
1.14528
1.68004
0.0688601
1.1756
0.377811
0.1313
3.30394
0.17763
0.500879
0.54682
0.594623
1.07349
0.653826
0.431063
2.019
0.629452
0.507256
0.169587
1.51511
0.0708049
0.977901
0.158662
0.121304
0.828001
0.0172276
0.085643
0.652914
1.44308
0.970416
1.14667
0.292051
3.16721
1.8071
2.25737
3.19548
0.0635341
1.57411
0.60584
2.61835
0.385566
0.551135
1.25396
0.622561
0.282739
0.583554
0.28663
0.0507024
0.873803
0.655705
0.720591
0.289688
1.37421
3.38947
1.26199
2.11881
1.04823
0.275914
0.449385
1.98156
1.03271
0.0622966
0.847286
1.19174
0.812718
0.236339
0.00196483
0.156138
0.966108
1.60545
2.09923
5.5099
0.299069
0.140274
0.398636
1.3677
0.125999
0.253539
0.025493
0.585158
1.22268
0.549156
0.083627
1.6946
0.399433
0.616996
1.71306
0.149077
0.812687
0.348355
0.610633
1.85049
0.975438
0.44239
0.982911
0.225103
1.40917
0.224986
0.701181
1.16302
0.363052
0.175286
1.23712
0.139257
0.298005
0.500368
2.1067
0.23129
2.77552
1.73898
1.65556
2.99834
0.557798
2.34526
0.117959
0.124119
0.0988466
0.239331
0.766662
1.46334
0.0924377
0.744924
1.02568
0.193277
0.169318
1.08198
0.661203
0.00444641
1.63312
0.0512339
1.40689
0.205916
1.47003
0.139927
2.00687
0.371439
1.6279
0.463791
0.119011
1.85392
1.23245
0.785427
0.13876
3.85171
2.68206
2.26496
1.47614
0.0208146
0.250147
1.49745
0.437061
0.670515
0.264416
0.185105
0.790149
1.25857
0.720454
0.279742
0.238597
1.41095
0.110187
0.875048
0.139978
0.887364
1.13322
0.0650891
0.0107979
1.0227
0.808089
0.990015
1.31372
1.44611
0.406012
0.397121
1.1761
0.339799
1.68498
0.262316
2.52759
0.554251
0.357971
0.248256
1.44202
0.00992615
0.745231
0.558938
0.103042
0.823363
2.67556
0.453133
2.2371
0.787482
1.64672
2.03533
0.369118
0.265548
0.188606
0.137369
0.407793
1.60816
1.95956
0.556753
0.221321
1.18921
0.108628
0.500482
0.735372
0.572741
0.241138
0.888598
1.01626
1.55563
0.737529
1.33819
3.1165
0.0413712
0.646615
0.248966
2.99849
0.185685
0.20456
2.46771
0.080677
0.0203243
0.251851
1.54507
1.57558
0.128217
0.756908
0.0684323
2.82722
1.88563
1.79249
0.195435
0.781532
3.23603
0.115499
0.167267
0.646821
1.76047
0.276178
2.3105
0.686569
0.486678
0.775767
1.5957
1.04707
0.151693
0.0431513
0.888357
0.522713
0.607251
0.915129
1.99367
0.111831
0.955619
0.0250566
0.705601
1.13654
0.518001
0.00285606
3.80749
1.90402
0.482357
4.41398
0.0602515
0.162353
2.82748
0.904962
0.548997
0.140063
0.458259
1.25742
0.17666
0.843363
0.341652
0.0261835
1.7497
0.0294707
0.562285
0.17564
1.49757
1.82777
1.95888
0.661978
0.653044
0.352213
2.0897
0.311156
2.19583
1.07962
0.124153
1.69938
0.17217
0.99797
0.0454011
0.530497
1.59566
0.809319
0.00824254
0.264317
2.43805
0.0161576
1.23198
0.232605
1.08188
0.20648
0.0901859
2.247
0.577278
1.63649
0.157932
0.410219
3.37499
0.894492
0.505255
7.95974
0.432623
0.00285266
2.18158
0.225924
1.59087
0.326881
0.121879
0.473998
3.38779
0.999705
0.476358
0.716239
0.957793
0.24339
2.77225
0.390031
0.0248209
0.272068
0.113362
0.48427
0.977542
0.558745
0.367974
0.234789
0.223283
0.488192
0.0559889
0.327494
1.14391
0.481014
1.1493
0.605396
0.214558
0.758926
1.61427
2.32183
0.380982
0.53971
0.294991
1.00417
1.32716
1.86757
0.0482217
0.362526
0.420087
0.340538
1.57786
2.81373
2.5254
0.612544
2.1216
1.07383
0.31439
0.453672
0.907322
1.48047
2.69285
0.186977
1.24079
0.923129
1.94217
0.218929
2.71502
0.0294204
0.580592
2.77393
0.635091
1.16524
2.34189
0.0322097
1.59817
1.00497
1.27038
0.481373
0.48958
0.307862
1.15153
0.490168
0.351008
4.67007
2.18822
0.273896
0.613558
0.15879
0.334033
0.0372404
0.900772
0.493928
0.811679
3.12654
0.853909
0.850669
0.83153
1.1145
2.84518
2.72099
1.00386
1.12847
0.197025
0.452975
0.561231
0.139153
0.0304577
0.29651
0.0895653
0.825695
0.399383
1.31007
1.08514
0.419794
1.07806
0.238241
6.13258
1.45113
0.0486371
2.62461
1.21026
0.193251
0.816189
1.70211
0.640777
0.627993
3.57103
2.44524
0.534093
3.56781
0.0332956
5.0375
0.894878
0.141066
0.648733
0.290949
0.16469
4.41925
0.13337
0.129067
2.76958
0.982627
1.08239
1.92301
0.248937
2.95383
2.43714
0.101235
0.044027
2.53353
2.16657
0.92972
0.234396
1.11135
1.22318
0.493611
0.671952
4.96503
2.47194
1.09278
0.93312
0.170458
5.22152
1.07687
0.468114
0.00395842
0.124676
0.0364285
0.90742
0.946105
0.248715
1.1369
0.479536
0.0615311
1.03679
0.127729
4.2887
1.19994
1.16891
1.36788
1.4808
1.34706
0.112011
0.200004
1.9244
1.4872
0.331818
0.38774
0.319131
0.170849
1.46947
0.104502
1.08814
0.0457771
4.25021
0.611026
0.0340739
0.846728
0.0932494
0.518974
0.433388
0.579192
1.29777
0.664814
0.998823
0.779897
4.40953
0.525853
0.227063
0.748368
0.697286
1.06447
0.530877
0.258597
0.223743
0.256852
0.194655
0.0504563
0.442166
1.19527
0.44133
1.54142
1.47788
1.16871
1.6493
0.831419
0.542015
1.96592
0.169699
1.67661
1.42968
0.711838
1.50711
0.338968
1.98697
1.04552
0.17112
0.694429
0.172503
0.965653
1.73732
0.739662
0.66885
0.561126
0.641847
0.778643
0.0863926
0.447975
1.38508
0.0661028
0.425952
0.145124
1.12004
2.39229
0.513663
0.14049
0.0214349
0.918821
1.71091
0.895851
0.210796
0.517719
0.125076
0.240045
1.00395
0.767436
0.535001
0.614804
1.97399
0.351841
0.0651
1.85098
1.47041
1.05812
0.997776
0.551927
1.94069
0.776954
1.40688
0.0378967
0.142462
1.72776
0.305107
0.139795
1.01344
2.02044
0.931224
0.550436
1.40759
0.404334
1.09766
0.44852
0.833465
0.8542
0.111054
0.171328
0.935453
0.818986
1.2823
0.226358
0.36307
0.0150995
0.0690888
0.101326
0.436138
0.631924
0.628305
0.386072
0.2651
1.23513
0.857646
0.987167
0.279988
2.81952
1.16882
0.0859585
1.41051
0.792753
2.0521
8.25726
0.37509
0.0631983
0.226212
0.0263831
0.920276
1.80706
0.0741425
0.974525
1.49808
0.506918
2.28684
0.157457
3.43921
2.12008
0.460821
0.93089
1.98674
1.63903
0.290781
0.986579
1.30014
0.580308
0.137771
1.6994
0.155004
0.829975
0.659922
5.76283
1.56952
1.28228
0.164616
2.49019
2.21503
0.764418
0.255497
0.202875
0.228039
0.861354
0.375201
0.224835
3.41842
1.11155
0.304171
1.22962
0.80196
0.334669
1.31347
1.04182
0.378208
0.654023
0.984859
0.122497
2.14264
1.16254
1.18237
0.360663
0.261207
0.0288627
0.22853
2.0493
0.60299
0.73305
1.03179
0.102483
0.340466
1.42295
1.93044
0.218038
0.430616
0.746909
1.27313
0.317503
0.0388603
1.32392
0.0115675
1.64941
0.377584
0.574401
0.803609
2.8298
0.459599
3.49871
1.32998
0.197063
2.454
4.27139
0.383101
1.57425
1.91907
0.302354
0.315367
1.41634
0.988641
6.3134
0.539088
0.98082
0.326492
0.368059
0.321831
1.02345
0.452603
0.0795047
0.747562
0.326504
0.0748914
0.0778242
0.120945
0.502509
0.603816
0.98442
0.359018
0.920017
0.516281
0.0995892
1.83883
0.136776
0.294784
1.84145
0.680417
0.379148
0.417131
2.58004
1.8265
0.704818
0.174357
1.89466
2.24314
0.103498
1.02929
0.126093
0.607542
0.215214
4.00797
0.664686
0.171858
1.68434
0.664254
3.12277
0.558526
0.168287
0.732949
0.108716
0.354303
1.0245
1.43855
1.15744
0.515608
0.527405
0.496718
0.658128
0.558052
1.7726
0.575921
0.36168
0.536978
0.208091
0.17184
0.237506
0.202381
0.0370299
2.05655
1.52817
1.86677
2.81999
0.226792
2.76871
0.20287
0.716745
0.0498212
0.350396
0.0506643
0.508308
2.09045
0.862246
1.86265
0.0290451
0.175222
0.281927
1.01868
1.4348
3.99874
4.05401
2.5702
0.154138
0.17345
2.72883
0.209037
0.221931
1.88017
0.915618
0.303551
0.415064
0.756103
0.403765
0.0506254
0.125114
2.70554
0.638304
0.460901
1.32531
1.73666
1.57569
2.16081
0.138601
0.216076
0.412137
1.24064
0.361773
0.290964
0.927277
0.8235
0.344048
0.31568
1.39286
1.9471
0.137162
0.0623511
3.70862
0.0965303
0.0419417
3.26447
3.19416
0.010936
1.64216
0.332092
0.712248
0.64372
0.334286
0.537768
1.53121
1.7795
0.0796749
0.0144782
0.350757
0.599798
0.344296
4.25879
3.88445
3.50939
1.36041
0.461008
0.83068
0.669724
0.666331
1.56036
0.492045
0.2997
0.293201
2.502
0.382874
0.896807
1.53358
1.11042
1.76309
0.108242
1.2126
0.881124
0.77402
3.17262
2.54994
0.602175
2.17517
0.346155
1.09677
1.30424
0.524075
2.32623
0.216317
0.197541
1.42281
0.207424
0.0911382
0.54143
0.774013
0.0356107
0.172577
0.426139
2.37591
5.01843
0.53214
1.75207
0.588034
0.227043
0.234449
0.0495253
0.984072
1.34093
0.489819
0.0470231
0.484836
0.459743
0.627763
0.528763
1.03317
0.580457
0.316008
1.07561
0.418026
0.332002
0.131379
1.31468
0.820113
3.1593
1.67191
2.87537
0.202545
0.864131
0.371713
0.363247
0.392935
0.0449889
0.0560754
1.23282
0.0244024
1.30205
0.987567
0.085266
0.051313
0.273051
4.91277
0.576744
0.694922
0.205888
1.4523
0.0248109
0.187623
0.48586
0.239025
1.11953
0.0111797
0.00511021
0.128815
0.328397
0.647174
1.59328
3.40999
0.440457
0.0175208
0.223659
2.77398
0.160917
0.973794
0.506587
0.99163
0.273083
0.29106
0.257073
0.485901
0.243629
0.905832
0.664611
0.172499
0.495316
0.0829384
0.0593942
3.63079
3.94011
0.102815
0.248542
0.0860208
0.390617
0.45815
0.819171
3.15582
1.79433
0.0184115
0.484744
0.816444
0.39002
0.0406334
0.111422
1.41569
0.423245
0.0689102
0.75522
0.397813
0.203216
2.71964
1.23809
0.0405842
0.582288
0.214352
0.239683
1.72125
1.31702
1.52498
0.399772
1.99582
0.349484
1.2181
1.15845
0.305882
0.303815
3.78512
0.583866
0.320016
0.700376
2.60749
0.16962
0.675351
0.389223
0.409578
0.729186
2.02546
0.665559
2.34394
0.684885
0.146146
0.165746
0.36441
0.823772
0.25524
2.47176
3.14554
0.168415
0.0598032
0.703497
3.5358
0.811782
0.879875
0.651804
2.54036
2.6938
0.297208
0.869064
1.84387
0.384567
2.38934
0.315789
0.943752
0.289048
0.0699166
0.453279
1.13083
0.0538477
0.414141
1.29022
0.544008
0.956564
0.200526
1.44784
0.919778
1.14851
0.209277
0.138709
0.0611392
0.0396166
4.24994
1.02774
0.556278
4.17538
1.80282
0.679881
0.219914
0.484058
1.67932
0.0582043
0.615787
0.525122
0.512079
1.5873
0.228704
1.64606
0.0363493
2.06648
0.118416
0.831817
1.3037
0.693573
0.45085
1.46604
0.508673
0.262015
0.452224
0.464394
0.0123896
0.939275
1.25307
0.570048
1.24999
0.364794
0.829932
0.0189947
0.639001
0.678441
0.268022
1.2259
2.02397
0.379212
0.141166
0.0988314
1.13295
0.306667
0.264608
0.942591
0.2182
1.32924
0.795534
0.644227
0.759099
0.798002
1.35596
0.336973
0.668
0.422892
0.676197
2.49857
0.716534
0.170755
0.333599
0.603763
0.432736
2.23201
0.144022
1.06617
0.803364
0.44204
0.896355
2.09888
0.329426
2.3991
0.70531
1.44699
2.49743
0.321875
2.3134
0.0991194
0.824899
0.713081
0.406849
0.844524
0.822713
0.238202
4.22332
0.582775
0.201374
2.27706
0.0336624
2.72108
1.69099
1.00387
0.687491
0.354723
0.0751037
1.21578
0.550031
2.31754
1.59446
0.0161245
0.163196
0.435928
0.482403
0.363754
0.459796
2.11374
0.899638
1.44928
0.0018833
1.17908
0.0764786
1.63726
1.71126
0.333038
0.287468
0.0177756
0.62931
0.802625
1.75034
0.682255
1.28067
0.52491
0.983409
0.323979
1.56996
1.10525
0.262345
0.320395
2.81248
0.178255
0.677073
0.812649
0.60738
0.420033
0.392997
1.56769
1.11737
0.29924
1.19382
3.60519
0.569852
0.777873
2.04051
1.71033
2.52529
0.592177
2.25291
0.844927
0.519059
1.11089
0.281646
1.59096
0.292682
0.661212
0.168057
0.823247
1.46047
0.0108983
0.761977
0.466626
0.913164
0.959821
1.67696
0.133223
2.4708
0.198311
0.265398
0.353026
1.67938
0.928311
0.154971
0.58355
0.423443
0.760099
0.117709
0.0410476
1.10733
0.746108
1.71395
1.25976
0.129534
2.20182
2.69683
0.18326
0.362382
3.3907
1.35992
0.90459
1.42941
0.982357
0.30947
1.08229
0.497187
0.804203
0.87813
0.9562
2.09798
1.59544
0.18217
0.132872
0.152663
0.281737
0.436697
0.067678
2.15944
1.29091
0.44262
0.125257
1.44294
0.392385
0.641559
0.0020183
1.12029
0.269725
0.761365
1.35697
0.344405
0.816484
0.175054
0.0620691
0.758127
0.981845
0.859755
0.0184554
0.810297
1.18647
0.624677
0.161961
0.823553
0.362058
2.14054
0.901352
1.28019
0.112524
0.0172693
0.180357
0.868043
0.102383
0.70425
2.23174
0.102197
0.189021
0.609455
0.549719
1.89863
0.198234
1.01006
2.35257
2.12294
1.69797
0.868086
1.15186
0.0782318
1.35671
1.65705
0.755295
0.2581
0.695939
0.827592
0.415494
2.01992
1.08498
0.517573
0.938407
0.405502
2.39753
0.0346212
0.950493
0.397481
1.07698
0.319489
0.900265
0.345564
0.876036
0.647208
0.614911
0.7643
1.3121
2.04018
0.197919
0.257593
1.85665
0.272393
0.298157
0.785851
4.53556
2.26406
0.153387
0.912718
0.576319
0.6654
0.430854
0.0499068
0.63035
0.501186
0.136512
1.23657
0.906128
1.01793
5.03186
0.000192772
2.44455
0.283207
0.218698
0.249029
0.505467
0.268959
0.515163
0.572982
0.160752
0.36352
0.778446
3.43042
1.18775
1.47336
0.21093
0.342796
0.186357
1.62277
3.75175
0.805155
0.259527
1.67636
1.33709
0.287833
1.76923
0.404967
0.809394
0.0246769
4.00653
1.20578
1.59373
1.11107
1.09541
0.642903
2.97479
0.725652
0.490736
0.281737
3.49865
0.211226
0.284083
0.168361
0.143206
2.95252
0.73984
0.260579
0.916099
0.0233114
0.280074
0.0285872
0.374902
1.62909
0.086785
0.00147403
0.0928966
2.47275
0.436224
0.694282
0.0446021
0.959691
0.99927
0.231036
1.08495
0.61225
0.213132
0.973348
0.0599801
0.084362
0.44838
0.84722
0.232431
1.7263
0.363168
1.56473
0.52331
1.18975
0.581103
1.5087
2.97353
0.0910123
0.780315
0.174661
0.264922
0.73364
2.32336
1.28172
0.585379
0.0645381
0.255619
1.44494
1.2483
3.24637
3.38294
2.53676
1.05413
4.09124
1.39524
1.14025
0.783296
0.874707
1.26598
0.710944
1.15389
0.865158
0.845323
0.0544338
1.1033
1.01134
0.124651
0.0754783
0.239751
1.92329
1.76473
0.662525
2.66969
0.586233
0.610271
0.980825
0.702261
0.548822
0.506889
0.187059
1.51266
2.08078
0.892535
0.259648
0.837259
0.596946
0.612602
0.253637
0.288079
2.91638
0.690627
0.207598
3.68682
0.141586
0.47838
2.05027
0.0403234
0.0491055
0.0993961
0.370324
0.900945
0.265895
0.256652
1.04576
1.15684
0.699341
0.792043
0.757244
1.03105
0.597716
2.07857
0.418792
0.924434
3.70674
1.92749
0.167389
0.364766
0.406001
0.676501
0.263187
0.0352074
1.77676
2.35319
0.111645
0.55794
0.152829
2.00639
0.209845
1.83927
1.43345
1.80375
3.43809
1.45334
0.358414
3.9016
0.480637
0.689658
2.46252
0.14481
0.0612595
1.16137
0.22128
0.110247
1.13523
1.03796
0.463348
1.01034
0.825834
0.291327
1.20008
1.12671
0.605052
0.108899
0.118009
0.350857
0.902199
0.258014
0.21437
0.315357
0.213958
0.478244
0.91992
0.681479
0.251136
1.10519
0.0438667
0.083077
0.311052
0.500249
1.50922
0.605998
1.13888
0.691646
0.0649786
0.626169
0.451209
0.424076
0.916641
0.432146
0.772398
1.25882
0.130358
0.505509
0.419855
0.742315
0.414658
1.08609
0.236908
1.36274
0.101096
2.01682
1.84854
0.170965
0.841509
0.540328
0.037477
1.77767
0.244427
1.32783
0.849996
0.486598
0.182937
0.105454
0.218613
0.430183
0.493507
1.9741
0.189602
2.34981
1.6686
0.212887
2.95105
0.506484
0.275767
2.09144
0.754057
2.2842
0.228835
0.86068
0.0647953
0.186672
0.81205
0.639264
1.25154
0.664405
1.45888
0.46023
2.84165
0.273543
0.404779
1.19298
0.139663
0.11129
1.21215
0.0929677
1.08136
0.0730877
3.06782
0.531711
0.0986026
4.62799
0.203146
0.893621
0.194058
2.34659
2.46527
1.60213
1.97365
0.218688
4.14402
0.970216
0.061836
0.596642
0.232517
0.841346
0.148672
0.744121
0.0732323
0.656665
0.665065
1.3626
1.38177
0.569822
0.324839
0.102845
0.996267
2.31124
1.25803
0.00428645
0.36118
0.290944
1.35786
0.432572
0.893477
2.41828
0.0495747
0.356826
0.00668296
0.334767
4.60816
1.42644
4.33946
0.338479
0.103798
0.675696
0.0184815
0.024614
1.05083
1.30845
0.758359
2.75442
0.464189
0.00335079
2.15615
0.178087
1.87397
1.49629
0.48682
0.686182
0.457105
1.34431
3.56474
0.5507
0.891167
0.426525
0.706058
0.450046
2.59757
1.18239
1.50577
0.25121
0.732885
0.623997
4.43584
0.447101
0.189794
1.13334
0.0617004
0.534853
1.35376
1.24061
0.766784
0.459533
0.311579
3.43698
0.800012
1.28258
0.240581
0.0459602
1.0313
0.369543
0.205251
1.00674
0.811716
2.07751
4.53404
0.499618
0.166764
0.158729
4.26822
2.01597
2.36255
2.90355
1.21113
0.0500768
1.06939
1.48934
0.540363
1.07523
1.03276
2.91889
2.4805
0.715009
1.18295
6.12586
0.362942
2.33476
0.51108
0.368026
0.511526
0.881666
2.07139
0.241189
2.82739
0.144074
1.08514
0.826579
0.0134558
0.381258
2.24591
1.75385
1.1461
2.8818
0.118369
0.30726
1.18606
0.939891
3.70436
2.87971
0.0826491
0.566647
1.76002
4.14394
0.0538166
0.349472
0.653279
0.670628
0.280011
3.04211
0.673278
0.0522574
0.259654
1.64595
0.476489
0.649899
1.08206
2.03969
1.27139
1.0517
0.0956725
0.997859
1.9767
2.5731
0.475772
0.101663
0.530915
1.906
0.455664
0.29338
1.05497
0.854623
0.543442
1.27824
0.336938
0.195283
0.0713876
0.606239
0.937547
0.763154
0.40977
0.269801
3.35516
0.606497
0.762578
0.611262
1.75098
1.13069
0.134105
0.807095
1.08
1.68351
0.602172
1.27359
1.80235
1.34519
0.186138
0.342848
4.09482
3.54631
1.08346
2.60557
0.740572
2.99229
0.783333
0.999913
0.795205
0.207424
2.26445
0.134288
0.170262
0.182577
1.88181
0.684572
1.94978
1.13481
0.559013
2.33698
0.321174
0.919361
1.53709
1.07653
0.63039
1.03114
0.469856
2.79266
0.442662
0.524051
2.09852
0.0708667
1.038
0.844593
0.735762
0.488227
3.03799
1.18071
0.177687
0.932284
0.935871
0.0185619
1.39163
0.128526
0.55449
1.60922
0.323859
0.311583
0.00378143
1.12168
0.980278
0.0753705
1.17357
0.135492
0.120073
2.21585
0.890445
0.161557
0.272444
0.988156
0.0987899
0.186404
0.257016
0.473143
3.29846
1.24807
0.431339
0.452303
0.24203
0.00655651
0.337955
1.08261
2.22242
2.9897
1.26976
0.321328
0.792321
4.46692
0.278896
0.932594
0.0802116
0.192688
1.65692
0.060395
3.19098
0.0732072
0.488683
0.58841
0.250771
0.464193
0.481121
0.0425392
0.56654
2.10334
0.227897
0.556318
3.21269
0.463236
0.0525666
2.03095
2.1429
0.491871
1.83543
2.50038
0.926481
0.0706802
1.0111
0.231731
1.77317
2.55954
0.0640091
0.4147
1.34765
0.767668
0.0742566
0.496638
0.482398
0.0193918
2.25452
0.0575196
0.609781
0.0913137
1.44999
0.212058
0.397704
1.2862
0.896125
0.904567
0.609607
0.828289
0.919632
1.10595
0.214665
1.74003
0.243539
0.543463
0.566516
0.517071
0.330121
0.678895
1.90028
1.03547
4.7804
1.99657
2.43695
0.550293
0.494277
3.56253
1.13603
0.143902
0.871122
1.80887
0.354598
0.974126
0.575701
0.914259
0.49194
0.2178
1.16091
0.459387
0.0214754
1.89685
0.213659
2.68662
0.538711
0.610152
1.39734
0.270643
0.975776
1.09366
2.03109
0.294246
0.331965
5.25429
0.182853
0.661081
0.170097
0.446066
0.186957
1.1043
0.62227
2.71732
0.117981
2.31055
0.796032
1.43944
1.64734
3.57947
0.225295
0.303165
0.21474
0.384656
0.774286
0.191992
2.54173
0.0290612
0.238037
1.3087
0.156737
2.02734
0.54925
0.862638
1.89081
0.178831
0.641078
0.327652
0.235449
0.330026
0.197058
0.126369
1.83726
0.873598
0.259913
0.0556456
0.464468
1.53204
0.810752
1.46416
1.27245
1.53034
2.36319
1.49987
0.356414
0.137834
0.506243
0.0623109
0.037206
0.702264
3.76593
0.012831
1.52759
2.52327
2.18686
1.74312
0.0107585
1.93172
1.42095
1.11272
0.728745
0.761854
0.601457
3.47538
0.69008
3.55197
1.69563
3.98436
0.510907
1.03046
1.77781
0.672051
0.411884
1.48411
0.00183394
0.129489
2.72111
1.02823
0.342481
0.170142
1.34392
0.237994
0.20979
1.19588
0.0201087
0.0863985
0.0634662
0.882732
2.20571
1.42877
0.735696
0.404379
0.267304
1.08851
2.99214
1.48834
0.954513
1.83478
0.473629
1.4535
1.36208
0.29232
0.77196
0.868808
1.75182
0.446285
0.523011
0.0635599
0.220538
3.44984
1.0161
0.147278
0.773206
0.934181
1.3483
1.49027
0.464695
0.504075
0.727664
1.14673
0.659397
0.433061
4.62985
0.308229
2.31708
1.31967
0.00247545
2.8316
1.57603
0.219738
1.75596
1.2426
0.284393
1.55971
1.83678
1.73061
1.87202
3.43504
1.39979
1.825
3.9503
0.950011
0.985301
3.01322
0.176926
0.239628
0.30233
2.1604
1.03341
1.59867
0.312026
0.382527
0.306834
1.60615
1.54588
2.19458
1.53213
0.638917
0.31135
0.249128
0.867822
3.52255
1.58318
0.03742
0.316092
0.509148
0.133825
0.779387
1.86285
0.310687
2.57019
0.66449
1.40608
1.07383
1.97374
0.551093
0.0217983
0.279578
0.578787
1.87607
4.77403
3.4484
0.048629
0.558823
0.711399
0.0480723
0.230379
0.420088
2.13851
1.90174
1.70743
0.446575
0.407096
0.89563
0.0606611
0.736597
0.411577
0.822466
0.089534
0.136271
0.173224
0.399603
1.79713
0.457175
0.795745
3.60256
1.01604
0.236383
0.263012
0.502208
0.403608
1.08944
2.33615
0.613229
3.03763
0.983054
2.52585
0.351058
0.27962
0.734509
0.965799
0.205326
0.43276
0.937229
0.160551
0.277629
0.657098
0.129051
0.23599
0.27068
1.13218
1.08404
2.51082
1.19229
0.613361
2.99561
0.105845
0.630999
1.80372
0.106407
0.202765
1.58895
1.09481
0.00272935
0.129854
0.117555
0.607055
1.3872
0.819515
2.38903
0.461348
1.7169
0.235574
1.56035
0.704298
0.0716812
1.74012
1.44849
0.563739
0.83066
0.511537
1.67437
2.81369
1.01934
1.4104
0.450813
0.0951103
1.60028
0.211912
0.49385
0.542401
1.1246
1.13125
0.138841
0.140023
0.168325
0.671187
1.46052
1.54048
0.0175906
0.0891846
1.27285
0.0340693
1.00826
1.23012
0.173868
0.365952
2.41237
2.37948
0.2709
1.19173
2.55307
0.108889
1.71998
1.14686
1.58241
0.383448
1.11892
1.92851
1.57679
0.170964
1.04999
0.832165
0.3743
0.922159
2.44221
1.11138
0.632246
1.28276
0.313052
1.12745
1.48082
0.347253
1.47546
2.56055
0.816688
1.32387
1.20258
1.27733
0.547138
1.46717
0.237074
2.27354
0.171325
0.830396
0.622121
0.0416254
0.0313023
0.889047
0.143608
0.602706
0.877713
0.877428
0.220215
0.51623
0.79606
0.194801
2.86728
1.42611
0.302583
0.132064
1.33581
0.644555
1.8525
3.27188
0.596996
3.13078
0.387346
2.15294
4.52411
0.405942
2.57304
1.39312
0.955673
0.481506
1.04541
2.08425
2.4484
2.30451
0.594984
0.00770878
0.146506
0.172002
0.302652
0.195687
0.55816
0.46715
1.56626
1.35504
2.37712
1.11702
0.231129
0.236489
0.169418
0.992344
0.68223
0.00363638
0.0470403
0.0235001
0.611821
1.68606
0.882094
0.146127
0.760775
0.445671
0.391023
0.974373
1.17193
0.226044
0.535713
0.203634
0.646333
0.512051
0.912796
0.0498832
0.297445
1.69393
0.996494
0.223166
0.472587
0.114548
0.170128
1.38855
0.222343
0.336973
0.265076
0.758433
4.28483
2.51623
1.29951
0.621014
1.17821
0.0121826
0.46199
0.575438
1.47405
0.719353
0.484409
0.10066
3.58281
0.574208
0.177054
0.0121628
0.108829
1.24655
0.728277
0.660856
0.64819
1.52351
0.655055
0.667363
4.46393
0.613835
1.03389
1.06325
1.19364
2.68833
0.807822
1.33423
1.31127
0.818571
2.5407
0.336959
0.0584774
0.269612
0.552763
2.21756
0.033922
1.90223
2.46344
1.08547
0.0328208
0.33516
3.81153
1.28228
0.240776
0.783061
0.570848
1.72211
1.05038
0.190265
0.822661
2.59076
0.547257
1.64256
0.0291279
0.954569
0.765789
0.570055
0.0276093
0.78406
0.0534866
0.206173
0.122309
0.153453
1.32386
1.04648
0.615431
1.01046
2.33363
0.09545
1.09135
0.57013
1.1636
1.51191
1.47873
1.45065
0.023674
0.672956
1.72567
0.478731
2.44663
0.681785
2.67443
0.127804
1.20029
0.00620553
2.77374
1.10871
0.252584
0.149144
0.948779
2.90761
0.797211
1.88231
0.0728976
0.0238771
0.982217
0.96214
1.47185
0.816961
0.38573
0.588383
0.264563
0.148596
0.583263
0.257247
1.58725
0.616808
0.951231
0.349257
0.46449
1.02861
0.961312
0.556502
1.3182
0.0367199
0.779949
0.386488
0.510479
2.28853
1.25417
1.31819
0.424614
2.94159
0.0595665
0.0476914
0.595913
1.25575
1.04817
0.228583
1.34243
1.10498
0.917442
0.0888744
3.21206
3.33776
2.03397
0.865206
1.13852
0.970917
0.852676
1.58687
0.235262
1.19403
0.449918
1.51406
1.77649
0.0591522
0.20842
0.780807
0.578314
1.03427
1.06058
0.618988
1.03973
0.286795
0.240695
1.27857
1.93702
4.24935
1.43346
0.395154
2.04242
0.910904
0.367881
1.11028
0.648908
2.48828
3.65879
0.273032
0.310087
0.0521007
1.34226
1.14221
0.018451
2.63916
0.296387
0.969482
0.694356
1.09825
0.837022
1.10317
1.7885
1.32025
0.104652
0.318141
2.49543
0.355625
0.971995
0.756104
0.34837
0.736587
1.22082
0.929068
0.46663
0.231982
3.71518
2.57596
2.56802
1.04363
0.754288
0.347191
0.25797
2.29536
0.0332161
0.0541141
0.0762048
2.92574
0.520671
0.875202
0.158838
1.34575
1.71405
0.142864
0.0341437
1.13627
1.29269
2.17479
0.570055
1.23885
0.967824
0.576575
0.0354593
0.916664
0.665561
2.19234
0.319304
0.383631
1.14553
0.307627
1.72252
1.5531
0.493163
0.19401
0.635053
2.23014
0.529837
1.56134
0.218601
1.40909
0.985871
0.444012
0.0687144
0.615597
0.194495
0.896891
0.296541
2.19567
0.6887
1.618
0.737839
0.0483975
1.05669
0.939403
2.30856
0.715459
0.857491
0.608238
0.0758855
0.825041
0.644041
0.688077
0.980794
1.47347
1.50715
1.43707
0.410424
0.55476
2.37882
1.27494
0.967634
0.188077
0.489632
0.45206
0.285429
1.87174
0.201679
0.304005
1.30877
1.9112
1.75521
0.25809
0.0198922
3.89206
0.270221
0.929281
3.31422
1.24679
1.82906
2.32263
2.86571
0.409891
1.05001
0.805462
2.58485
0.153647
0.821948
2.19553
0.88812
0.746275
1.50037
0.901045
1.46241
0.643789
3.59499
0.892616
0.239905
2.32606
0.322513
1.69344
0.114947
0.397934
0.222516
2.90951
0.0399701
1.61739
0.773902
2.18384
1.07163
1.33004
0.212424
1.20781
0.612047
2.23613
2.11992
0.338428
0.384798
0.464682
0.653556
0.367944
0.201066
1.13789
1.37776
1.982
3.0024
0.371357
2.1269
1.00453
2.22771
0.477379
1.26184
1.78815
0.0557569
0.740403
0.331904
0.108291
0.00702393
0.385137
0.787706
0.975905
0.361302
1.75431
3.77715
0.59696
2.02626
0.760531
0.215606
0.401319
3.05962
0.159087
0.481709
0.0721306
1.78528
0.754076
0.460453
0.306669
3.44726
1.7545
0.58284
2.30547
0.7844
0.173138
2.05145
1.6111
3.77214
0.299023
0.70969
2.6977
6.83735
0.113134
1.82713
1.59679
0.0501491
0.410512
0.0852771
1.55523
2.45185
2.51614
1.66417
5.76063
1.25001
0.183635
0.529177
0.404493
0.45504
0.576472
0.61953
0.239864
1.01901
0.0628546
1.09001
5.46618
1.23866
0.287479
1.84348
1.12617
2.85974
0.144411
0.143082
0.523777
0.450132
0.133865
3.81035
0.992146
0.253867
1.86953
1.4481
0.00914971
0.191322
0.722204
1.72344
0.278008
0.101499
0.555676
0.197402
0.93198
1.98574
2.48799
1.11758
4.84671
0.263173
0.819161
0.367775
0.346708
0.241837
0.520586
0.600638
6.05634
1.3614
1.1494
1.49088
1.71351
0.990126
1.25114
0.635996
0.345508
0.114555
0.0382714
0.251995
0.401626
3.17452
0.133826
1.29528
1.15216
1.32419
4.13126
2.52806
0.546032
0.890165
2.58794
0.137735
1.38705
1.68718
0.284257
0.205929
1.13583
0.216607
0.443009
0.872743
0.80956
0.143466
0.723285
0.549961
0.344305
1.24477
2.90765
0.444694
2.81773
0.118607
0.371428
2.08188
2.01754
1.32581
0.84932
1.70889
1.09792
0.880929
0.271395
0.949643
0.560399
1.26158
0.0331299
0.211775
0.366347
0.744633
0.773466
1.17088
0.656532
0.19345
1.09265
1.96694
0.939919
0.257051
0.60939
2.67062
0.243351
0.514156
0.430473
0.508764
0.0389898
0.468104
0.142133
0.481192
0.308539
0.103916
0.639407
0.557556
0.494791
1.58475
1.13925
0.0893327
2.75554
1.77639
0.606556
0.377347
1.42145
1.35087
1.15304
0.779713
0.858617
0.205029
0.198282
1.19041
1.11791
0.0621934
1.14432
3.88447
0.992017
0.151123
0.00428835
1.85168
5.60157
1.47494
0.151362
0.481819
0.0301646
0.331044
0.151181
0.00223782
0.0951832
0.235446
0.162596
0.0968653
1.97466
0.261791
2.97347
0.00600667
2.23048
0.196059
0.459467
1.48742
1.11879
2.33924
0.147265
1.12408
1.83819
0.389518
1.79819
0.736481
0.708375
0.0935589
4.73969
1.75467
0.11641
0.421198
3.7938
3.33161
0.734714
0.218033
0.93346
0.0604912
0.317914
0.833972
0.863271
0.465477
0.132591
0.0152855
0.871285
2.16663
0.513859
2.24676
0.781384
2.78001
1.52513
1.93204
1.90356
0.356915
1.13116
0.278966
0.154871
1.19802
7.025
0.672249
0.252591
0.437904
1.6293
0.141808
2.08568
1.95251
1.01056
0.0200794
1.40301
3.49368
6.15407
0.407609
0.250261
1.1365
0.631854
3.27185
0.449905
1.87794
2.39008
0.236664
0.698967
0.76193
1.95949
1.01848
0.0383694
0.0886441
1.07282
1.04845
0.753572
0.271892
0.873084
0.363423
1.00721
2.17241
0.200799
0.563908
3.92766
0.442651
0.190717
0.391756
0.840822
0.941583
0.265037
0.271412
0.497008
1.56807
1.23177
0.21137
1.36187
0.391514
1.55524
0.790104
0.239517
1.10517
0.994254
0.219298
1.38439
6.82116
0.181233
0.203226
1.21636
0.394489
0.168827
0.172102
1.35447
0.750479
2.11676
0.606437
0.536077
3.44006
2.03284
1.32456
0.714473
1.91861
0.279266
0.544888
1.12839
0.689296
0.524771
0.960882
4.61587
1.05823
1.63872
0.180992
1.98666
2.9669
0.911489
0.13129
2.65085
0.308624
0.0430665
1.16874
0.302546
3.06738
0.0561199
0.811328
0.840591
1.73371
0.252619
0.542351
0.0951617
1.50926
0.123891
0.142601
0.0010025
2.5086
0.0526255
0.346551
1.0535
0.818473
4.84396
0.224148
0.530096
0.779995
0.783451
1.84899
1.12379
0.875094
0.257608
0.009716
0.869761
0.712559
1.1796
1.4074
1.43672
1.36092
0.00323837
0.510863
2.81364
0.157655
1.18067
0.0341358
0.296312
0.835726
0.459848
0.516299
0.02658
0.846353
2.79503
0.0374527
0.088259
1.03481
0.328866
3.59169
0.628555
1.01255
1.04165
0.573996
3.0059
1.30819
0.365672
1.79762
0.812878
0.298155
1.37413
0.562256
1.66331
0.291381
4.54752
1.57055
0.155494
1.17919
1.17164
0.535399
1.56533
0.965666
0.242497
1.23176
1.95849
0.187935
0.0149584
1.47296
1.00533
0.289923
0.613177
1.96563
1.31819
0.215878
2.0463
0.484018
0.443421
0.0582062
0.681761
0.485873
3.26233
1.56197
0.320811
0.101062
0.126779
1.38325
0.0767256
0.13123
3.18327
0.0834932
0.942287
0.517032
0.272539
0.34666
0.154464
0.372478
2.27126
0.865241
1.77137
0.485723
0.0377534
0.899295
0.644025
0.352987
1.34682
1.90072
2.57951
0.105911
0.625481
0.767461
0.0440892
1.28722
0.196524
0.421225
0.806286
0.71205
0.848663
0.630887
0.136402
0.605755
0.0483518
0.782321
0.248114
0.366727
0.880793
0.342658
3.63319
2.71713
0.963371
2.367
0.0505516
0.0368273
1.56355
0.630767
2.02516
0.982483
1.13597
0.685538
0.13781
0.362749
0.712571
0.619467
1.2096
1.17979
0.699763
1.09774
0.504183
0.00317514
0.323329
0.418246
0.690412
0.20782
1.27817
1.30924
0.412231
0.0463434
1.51301
1.10073
4.0007
1.0691
1.06674
0.131291
0.197866
0.371971
0.394115
0.110465
0.0237233
0.329715
3.44707
0.287553
2.09042
0.281236
0.540433
1.19105
1.60341
0.602827
0.518669
2.57621
0.0268806
1.93812
0.932354
0.236198
0.940818
0.0232009
0.0728999
0.1146
1.73291
1.27042
4.80735
0.841112
1.1843
0.435473
4.21914
0.723107
0.430378
0.0479235
1.11732
4.12575
1.96834
1.48357
1.18465
0.766167
2.23868
1.92131
0.0602798
0.150361
0.705639
0.0709102
0.504652
3.16538
0.725646
1.73336
0.276137
0.700965
0.661485
0.231112
0.6107
3.27469
2.00381
0.888295
0.964601
1.1578
0.45625
1.10028
0.266373
4.66064
0.16005
1.7437
0.967046
1.0091
2.95699
0.603979
2.47819
0.29852
0.369759
1.61511
1.37244
0.563056
0.330099
0.135997
0.750849
2.24731
1.47053
1.79083
0.214873
0.518758
0.225041
0.0691902
0.483082
6.34116
0.866013
0.625598
0.0306458
0.587177
0.151966
0.752942
0.110248
0.279142
0.716541
0.12876
0.44919
0.532979
0.0536364
0.0718599
1.82437
0.0903205
0.752636
0.645826
3.98473
2.03591
0.670488
0.509187
0.681668
0.111852
0.0757557
1.87383
1.76892
0.6639
0.336346
1.84483
1.27097
0.798871
2.39199
0.732871
0.0569
2.48141
2.15459
0.233282
2.49005
1.43907
1.11895
0.128654
1.03293
0.281857
0.117161
0.117993
1.90823
1.77569
2.43301
2.04868
0.567469
0.845355
0.226866
0.767519
0.444379
0.74068
0.203263
2.12605
2.1587
1.72357
0.018062
1.57268
0.363189
0.486857
1.75876
0.699817
0.241003
0.620457
1.21117
2.37698
0.31246
1.19259
0.175874
0.228667
0.503427
0.452731
1.01652
2.92092
0.574237
2.61378
0.294816
0.493629
0.183415
1.83261
0.211106
1.65491
2.27977
0.356733
4.7303
0.220774
0.628907
0.880561
1.15148
0.933029
2.41011
0.120649
1.92565
0.484285
1.1691
0.0995231
0.149516
2.25068
1.64421
0.836919
1.91967
0.0934329
1.94089
0.00659412
0.827186
1.34988
2.85248
0.0200199
0.0815778
0.820965
0.123158
1.51387
0.0715234
2.17018
0.818094
1.76165
1.26696
1.0723
0.0575913
0.117402
1.37724
0.097165
0.853465
0.218483
1.98147
0.500093
0.0416391
0.849853
0.0522896
0.193494
0.135495
1.81287
0.0914271
1.01987
0.218648
0.103567
0.672285
0.191883
0.25284
1.04954
1.26358
1.10467
1.5332
0.127921
1.05322
1.04052
0.0389823
0.111305
1.1599
0.263726
0.67862
0.576296
3.15554
0.175296
0.35614
0.816516
0.225454
0.679997
1.08567
0.248388
0.17922
1.21668
1.50573
0.396739
1.74357
0.414378
0.983176
2.40407
0.503348
2.83416
0.164385
0.0398686
0.24991
0.364062
0.231686
0.321776
0.62205
0.0397733
0.644692
0.603819
0.996678
1.15697
3.24436
0.407613
0.475553
0.0996675
0.131514
1.60925
0.132304
0.28852
3.95041
0.639851
0.368902
0.137188
0.502273
0.670413
2.04931
0.563246
7.13261
1.16811
1.403
0.0395605
4.58863
3.92606
0.0537741
1.72357
0.152442
0.992022
0.59055
3.56141
0.304313
0.888726
0.848954
0.54802
3.28449
1.57388
0.443961
0.118523
0.794916
0.0139104
0.708987
0.139444
0.505591
0.162646
0.406786
0.0886148
2.79597
0.731227
0.158675
1.25185
2.40792
0.320519
0.0929581
1.89518
1.00958
1.75729
0.900826
1.22537
0.704927
0.0474455
1.80437
0.285283
0.644115
0.0464927
0.277219
0.672675
0.332637
0.00168255
0.546007
0.236978
0.426426
0.220868
2.25786
0.223382
3.46381
0.606752
1.2236
0.0229403
0.0650241
0.41384
0.0178722
0.0141001
0.326834
1.13574
3.13249
0.0094882
1.31291
0.885942
0.614053
2.05423
0.0596359
0.937168
0.25072
0.775097
2.47198
2.93379
0.0668882
1.41041
3.0105
1.60621
0.0914862
0.37508
1.30528
0.323122
1.76486
0.290294
1.81466
1.19757
1.5017
0.846458
0.88911
0.538391
1.13291
0.369244
0.567024
1.06689
0.447759
0.0663748
1.0205
0.121235
0.934573
1.93724
0.380564
0.86274
1.55679
0.500527
1.50516
0.141494
1.17475
0.278077
0.208122
0.912748
1.00244
1.15645
2.08747
1.25302
0.679718
0.405642
0.499837
1.39288
1.36996
0.589166
0.111009
0.58031
0.883265
0.741316
1.13257
0.272155
0.906889
2.49966
0.344479
0.51364
0.307731
2.78048
1.2941
0.892745
1.32792
0.340885
2.60758
0.99895
0.0941674
0.987269
0.435693
1.56314
1.45651
1.08361
1.87679
1.36291
1.09259
1.19486
0.209526
0.257659
0.33781
2.21849
1.1357
1.89493
3.23987
4.44338
0.450052
0.29411
0.730949
0.0702204
2.24563
4.06361
1.04627
0.184784
0.062955
0.0721145
2.02683
1.2724
1.57139
0.68754
0.212696
2.37741
2.09772
0.979872
0.282538
1.03302
1.87352
0.202392
3.26035
0.177212
0.886638
0.479767
2.00769
1.10888
1.16482
0.238158
0.389706
0.819115
0.56973
1.7373
0.286461
0.993833
0.717543
0.555424
0.685948
0.376694
0.0793633
2.05391
0.491893
0.398208
2.20568
3.87037
0.092504
0.258955
0.210889
0.832886
0.53976
0.510311
1.98718
1.96877
0.514655
2.21019
0.17504
1.37344
1.32273
0.868774
1.46433
0.604227
0.106507
0.518487
0.671148
1.73495
0.365076
0.165283
0.717407
2.74981
0.510872
1.24621
0.503303
0.169893
1.85737
0.0731146
2.92981
0.0614727
1.55
2.10023
1.02378
0.13281
1.16458
1.0311
1.11809
1.02225
0.309043
0.855321
1.7162
0.678948
0.912557
0.736732
2.12378
2.84801
0.338998
0.60604
0.370703
0.410844
0.180882
0.247529
2.09163
0.0551908
2.9094
0.0496474
1.03365
0.657187
0.313263
0.54863
1.05683
0.407428
0.737579
0.581714
0.525753
0.188475
2.65574
2.41454
0.240338
0.0518956
0.29941
0.0474037
1.21042
0.709817
3.85707
0.0967256
0.669432
0.544664
0.160458
0.722753
2.32132
0.0788792
0.293673
1.84724
0.485011
0.616197
1.06625
0.0380606
1.74415
0.138783
0.697481
0.9844
0.0258455
0.285963
0.94166
0.131503
0.525941
1.27582
1.64997
1.26926
0.38596
0.715284
4.23778
0.341852
1.52736
0.240619
0.268934
1.32481
1.97807
1.55934
4.53741
0.0450299
0.0165718
1.5155
0.462847
1.02773
1.07199
2.12017
1.34296
0.0263009
2.72135
1.06144
1.15012
3.74358
0.502993
1.14193
2.10616
0.264822
0.206451
0.21225
0.0441087
0.0192973
1.79308
0.177553
1.28952
2.08971
0.28204
0.105938
0.335761
0.525408
0.680026
1.38859
3.78447
0.90998
0.184321
0.901915
0.761403
1.7078
0.0804362
0.0928087
1.02635
0.706726
1.71454
1.07377
2.66921
0.151543
0.00284241
2.13623
0.996997
1.7774
1.64107
0.160983
0.9209
2.72489
0.0756803
0.357619
0.709537
1.66706
0.876161
5.09897
4.55886
1.69363
0.996655
0.338147
0.0146072
2.67391
0.157174
0.54156
0.306006
2.41319
0.830387
0.0185684
0.521504
0.789896
0.335408
1.59741
0.21929
0.744897
0.246361
1.44462
0.197158
0.788776
1.31931
0.734839
1.69615
1.56065
1.12811
0.521816
0.707956
1.57202
0.593178
0.0467461
0.260402
0.166159
2.63936
0.00820739
1.10521
1.48003
0.010437
0.272539
0.351712
0.419833
0.259482
3.45027
1.79288
0.13552
0.560505
0.00888704
0.365402
1.12608
0.471227
0.779958
2.54287
0.792728
1.21434
0.339344
0.573041
0.562807
1.65422
1.53101
1.2802
2.16799
0.268542
0.600352
1.06158
0.525454
0.243319
0.416009
0.172434
0.294255
0.902135
0.567981
1.26605
1.45137
2.17728
2.45732
0.595672
0.517533
0.268095
3.40323
0.185596
1.26643
0.254317
1.28084
4.07392
1.17541
0.89698
1.06476
0.929116
1.75333
1.33347
1.57675
3.67988
0.948844
0.553861
2.2522
0.12076
0.223657
0.482827
0.841347
0.495116
0.0160856
0.659528
0.0557701
0.768675
0.198517
0.586415
2.55127
0.321191
2.09123
0.50556
1.45376
0.199513
1.82822
6.76399
0.601469
0.52013
1.72536
0.313861
1.19021
1.48285
3.61367
1.46693
1.18048
0.23591
0.606342
1.04179
1.26957
1.4634
0.160533
0.482144
1.32219
0.0575577
3.19383
0.682598
0.0896217
1.14124
1.9185
0.156369
1.07805
0.522358
0.635505
0.491837
1.78563
1.57398
1.63717
0.109356
0.235978
2.24508
0.277771
0.594135
0.641827
0.76318
0.0733067
0.844876
0.0779565
0.10344
1.45669
0.694707
1.73609
2.11686
1.55553
0.431701
0.468401
1.50219
1.13942
1.05367
1.14033
0.561501
0.024014
1.17994
0.0143687
0.502756
0.772486
1.50315
0.0564871
0.315637
0.735803
0.541236
1.93974
0.12538
0.428945
0.748063
1.02756
0.501475
0.00320763
1.78199
2.39763
2.86897
0.118273
0.119972
0.342007
0.326683
0.0282302
1.85084
0.137491
0.374971
0.816201
1.02239
0.462845
0.316101
0.502958
0.265403
1.64782
0.560821
1.47557
1.50883
0.165082
0.989279
0.98033
0.243367
0.0287164
0.834738
0.554993
0.550865
0.732741
0.64028
0.104543
0.383395
0.202867
2.26555
0.000590102
0.577784
1.30456
0.729729
0.140962
0.209835
0.200971
1.67714
0.711172
1.4672
0.297827
0.209272
0.543016
0.231355
0.954716
0.399521
0.0274969
0.0523483
0.29956
1.35211
0.136876
1.2186
2.23735
3.17083
0.942138
0.513063
1.02255
0.135812
0.204583
0.328008
0.163181
0.640926
0.0573201
0.361826
0.448939
