2280.15
2047.95
2047.95
1921.49
1818.2
1818.2
1815.52
1738.67
1662.01
1554.17
1554.17
1490.97
1451.19
1451.19
1361.11
1361.11
1361.11
1307.68
1307.66
1175.8
1139.78
1132.48
1123.01
1092.47
1043.15
1040.85
1002.85
967.469
959.125
927.781
921.879
874.42
874.42
871.268
871.246
826.572
825.832
790.644
790.644
754.616
748.179
720.355
699.801
691.179
665.003
654.812
640.187
632.586
631.343
617.548
617.548
617.548
603.739
603.739
601.4
588.26
580.71
573.382
552.528
551.317
549.029
549.029
538.273
535.022
532.079
529.117
524.666
485.461
483.313
475.783
475.783
470.497
466.929
461.034
451.911
451.911
447.996
431.582
424.671
412.209
409.651
395.038
394.88
394.374
386.491
382.226
381.448
373.037
373.037
371.583
370.721
366.572
355.808
351.581
349.343
345.516
340.873
339.062
338.158
333.916
333.747
330.402
328.028
324.519
323.861
311.866
311.866
307.932
305.358
305.322
304.115
297.909
290.711
288.259
288.259
283.002
279.504
278.45
276.263
274.117
272.31
272.31
271.378
270.179
267.992
267.029
264.595
262.711
261.811
257.91
257.726
254.329
249.992
246.823
246.823
243.998
243.998
242.277
242.277
241.377
237.581
237.581
234.756
233.841
232.381
232.049
230.238
227.532
227.532
219.502
219.502
217.35
217.35
216.801
216.4
215.273
214.48
212.659
209.684
209.684
206.768
206.768
206.541
204.105
202.443
202.443
201.757
200.482
198.409
197.511
197.511
197.511
196.492
196.033
195.642
195.01
193.871
189.835
189.184
186.569
182.199
182.199
182.199
178.933
178.201
177.188
173.549
171.566
171.566
170.535
170.535
169.416
169.416
168.837
168.837
168.34
168.34
167.076
167.076
167.076
165.919
165.613
165.422
161.206
161.206
161.206
161.206
161.206
159.399
158.133
158.133
157.416
157.416
157.416
157.416
156.913
156.618
155.39
155.39
154.412
154.412
152.983
152.932
152.635
151.965
151.07
150.773
150.081
150.081
148.963
148.131
147.648
147.648
147.648
147.562
147.562
147.562
147.393
146.61
146.61
145.783
145.783
145.365
145.214
144.529
144.529
143.466
143.048
143.048
142.403
141.701
141.09
141.09
141.09
139.918
139.163
139.163
138.246
138.132
137.656
137.116
135.871
134.589
134.589
132.804
132.804
132.175
131.852
131.852
131.223
128.82
125.203
125.203
124.573
124.573
124.573
124.105
124.105
123.83
123.83
123.83
123.012
123.012
121.746
121.746
121.47
121.47
121.47
121.041
119.736
119.736
119.736
119.307
119.307
119.307
118.543
117.495
116.81
116.81
116.69
116.258
116.258
116.258
116.258
112.407
112.407
110.43
110.43
110.43
110.43
110.43
110.43
110.43
110.43
110.43
109.879
109.486
109.486
109.22
109.22
109.22
108.358
108.219
108.219
108.219
108.219
107.681
106.921
106.921
102.889
102.889
102.889
102.889
102.889
102.342
101.948
101.948
101.93
101.431
100.884
100.884
100.36
99.8429
99.8429
99.8429
99.6843
99.6843
99.6843
99.6843
99.6843
99.6843
99.2471
99.2471
99.2471
99.1804
98.9482
98.2358
98.2358
97.832
97.832
97.832
97.832
96.7325
96.7325
96.7325
96.7325
96.6499
96.6499
96.6499
96.6499
96.6499
96.5298
96.3629
96.3629
96.2427
96.2427
96.2427
96.2427
96.1715
95.8797
95.8797
95.8797
95.5584
94.8908
94.8908
94.5696
93.8627
93.4121
92.7891
92.7891
92.4553
92.1336
90.9912
90.7737
90.1246
89.9071
89.9071
89.9071
89.9071
89.9071
89.9071
89.9071
89.9071
89.9071
89.9071
88.6319
88.6319
87.864
87.864
87.864
87.7528
87.7528
87.7528
87.7528
87.7528
87.7528
87.7528
87.7528
87.7528
87.7528
87.7528
87.7528
87.7528
87.5419
87.5419
87.5419
87.5419
87.5419
86.8538
86.8538
86.8538
86.8538
86.8538
86.8538
86.8538
86.8538
86.8538
86.8538
86.8538
86.8538
86.8538
86.5678
86.5678
86.5678
86.5678
86.5678
86.3515
86.3515
86.3515
86.2802
86.2802
86.2802
86.2802
86.2802
86.2802
86.2802
86.2802
86.2802
86.2802
86.2802
86.2802
86.2802
86.2802
86.2802
86.2802
86.2802
86.0354
86.0354
86.0354
86.0354
86.0354
86.0354
86.0354
86.0354
86.0354
86.0354
86.0354
86.0354
86.0354
86.0354
86.0354
86.0354
86.0354
86.0354
86.0354
86.0354
85.964
85.964
85.964
85.964
85.9524
85.9524
85.9524
85.9524
85.9524
85.9524
85.9524
85.9524
85.9524
85.9524
85.9524
85.9524
85.9524
85.9524
85.9524
85.9524
85.9524
85.9524
85.3034
85.3034
85.3034
85.3034
85.2853
85.2853
85.2853
85.2853
85.1865
85.1865
85.1865
84.8797
84.8797
83.9768
83.9768
83.9768
83.9768
83.9768
83.8716
83.8716
83.8716
83.8716
83.8716
83.8716
83.8716
83.8716
83.8716
83.8716
83.42
83.42
83.42
83.42
83.42
83.42
83.42
83.42
83.42
83.42
83.42
83.42
83.42
83.42
83.42
83.42
83.42
83.42
83.42
83.42
83.0167
83.0167
83.0167
83.0167
83.0167
83.0167
83.0167
83.0167
83.0167
83.0167
83.0167
82.9251
82.4105
82.4105
82.4105
81.93
81.3495
81.3495
81.3495
81.3495
81.2579
81.2579
81.2579
81.2579
81.2579
81.2579
81.2385
81.2385
81.2385
81.2385
80.0686
80.0686
80.0686
80.0686
80.0686
80.0686
80.0686
80.0686
80.0686
80.0686
80.0686
80.0686
80.0686
80.0686
80.0686
80.0686
80.0686
80.0686
80.0686
80.0686
80.0686
80.0686
80.0608
79.9622
79.9622
79.9622
79.6465
79.5401
79.5401
79.5401
79.5401
79.5401
79.5401
79.5401
79.4436
79.4436
78.7614
78.7614
78.7614
78.6648
78.6648
78.6648
78.6648
78.6648
78.6648
78.6648
78.6648
78.6648
78.6648
78.6462
78.0709
78.0709
78.0709
78.0523
78.0523
78.0523
78.0523
78.0523
78.0523
78.0523
76.9875
76.9875
76.9875
76.9875
76.9875
76.9875
76.9875
76.9729
76.9729
76.9729
76.9729
76.9729
76.9729
76.9729
76.9729
76.9729
76.5038
76.5038
76.5038
76.5038
76.5038
76.5038
76.5038
76.5038
76.5038
76.5038
76.5038
76.5038
76.5038
76.5038
76.4777
76.4777
76.4777
76.4777
76.4777
76.4777
76.4777
76.4777
76.4777
76.4777
76.4777
76.4777
76.4777
76.4777
76.4777
76.4777
76.4777
76.4777
76.4777
76.4777
76.4777
76.1335
76.1335
75.4493
75.4493
75.4493
75.4493
75.4493
75.4493
75.335
75.335
75.2678
75.2678
75.2678
75.2678
75.2678
75.2678
75.2678
75.2678
75.2678
75.2678
75.2678
75.2678
75.2678
75.2678
75.2678
75.2678
75.2678
75.2678
75.2678
75.2678
75.2678
75.2678
74.3652
74.3652
74.3652
74.2865
74.2865
74.2865
74.2865
74.2865
74.2865
74.2865
74.2865
74.2865
74.2865
74.2865
74.2865
74.2865
74.2865
74.2865
74.2865
74.2865
74.2865
74.2865
74.2865
74.2865
74.2865
74.2865
74.2865
74.2865
73.8767
73.8767
73.8767
73.8767
73.8767
73.8767
73.8767
73.8767
73.8767
73.8767
73.8767
73.8767
73.8767
73.8767
73.8767
73.3038
73.3038
72.9439
72.9439
72.9439
72.9439
72.9439
72.9439
72.8903
72.8903
72.8903
72.8903
72.8903
72.8903
72.8903
72.8903
72.8903
72.8903
72.8903
72.8903
72.8903
72.8903
72.8903
72.8903
72.8903
72.8903
72.8903
72.8903
72.8903
72.8491
72.8491
72.8491
72.8491
72.8491
72.8491
72.8491
72.8491
72.8491
72.8491
72.7736
72.7736
72.7736
72.7736
72.1888
72.1888
72.1888
72.1888
72.1888
72.1888
72.1888
72.1888
72.1888
72.1888
72.1888
72.1888
72.1888
72.1888
72.1888
72.1888
72.1888
72.1888
72.1888
72.1888
72.1888
72.1888
71.5985
71.5985
71.5985
71.5985
71.5985
71.5985
71.5985
71.5985
71.5985
71.5985
71.5985
71.5985
71.5985
71.5985
71.5985
71.5985
71.5985
71.5985
71.5985
71.5985
71.5985
71.5985
71.5985
71.5985
71.5985
71.5985
71.5985
71.5985
71.5985
71.5985
71.5985
71.5985
71.5985
71.5985
71.5985
71.5985
71.5985
71.5985
71.5985
71.5985
70.9189
70.9189
70.9189
70.9189
70.9189
69.2384
69.2384
69.2384
69.2384
69.2384
69.2384
69.2384
69.2384
69.2384
69.2384
69.2384
69.2384
69.2384
69.2384
69.0842
69.0842
69.0842
69.0842
68.5877
68.5292
68.5292
68.5292
68.5292
68.5292
68.5292
68.5292
68.5292
68.5292
68.5292
68.5292
68.5292
68.5292
68.5292
68.5292
68.5292
68.5292
68.5292
68.5292
68.5292
68.5292
68.5292
68.5292
68.5292
68.5292
68.5292
68.5292
68.5292
68.5292
68.5292
68.5292
68.5292
68.5292
68.5292
68.5292
68.5292
68.5292
68.5292
68.5292
68.5292
68.5292
68.5292
68.5292
68.5292
68.5292
68.5292
68.5292
68.5292
68.5292
68.5292
68.5292
68.5292
68.5292
68.5292
68.5292
68.5292
65.8279
65.8279
65.8279
65.8279
65.8279
65.8279
65.8279
65.8279
65.8279
65.8279
65.8279
65.8279
65.8279
65.8279
65.8279
65.8279
65.8279
65.8279
65.8279
65.7896
65.2453
65.2453
65.2453
65.2453
65.207
65.207
65.207
65.207
65.207
65.207
65.207
65.207
64.663
64.663
64.663
64.663
64.663
64.663
64.663
64.663
64.663
64.663
64.663
