2261.45
2163.77
2107.94
2011.58
1856.68
1786.17
1755.34
1755.34
1593.2
1593.2
1593.2
1551.08
1551.08
1471.43
1471.43
1364.39
1343.96
1343.96
1295.71
1295.71
1292.03
1257.19
1229.7
1180.06
1180.06
1151.21
1143.86
1127.87
1073.49
1073.49
1014.42
1011.72
966.048
966.048
920.684
920.684
894.453
894.453
892.124
864.146
843.232
785.277
785.277
753.157
743.126
734.587
734.587
728.564
713.97
697.553
697.289
697.289
648.423
644.287
628.992
614.109
614.108
610.994
602.996
590.327
575.794
557.663
556.542
550.818
540.333
533.063
530.212
524.441
514.078
507.611
500.872
484.844
472.692
453.495
445.688
445.688
445.374
438.401
430.698
421.085
412.983
412.983
408.558
401.162
389.838
388.555
381.157
380.212
377.503
373.821
371.873
367.514
367.514
365.244
347.957
347.957
346.783
332.718
332.718
332.718
331.029
329.538
326.873
325.934
322.373
317.278
314.557
311.382
310.517
305.811
305.042
305.042
296.321
294.216
294.216
294.216
293.512
291.566
291.566
278.186
275.533
274.012
274.012
270.487
270.487
270.487
270.487
261.369
261.369
259.312
259.312
255.259
255.259
249.428
249.428
247.762
247.762
247.736
247.736
247.736
239.802
239.802
239.802
238.525
238.309
238.309
237.033
235.375
233.359
233.359
233.359
230.209
228.455
226.718
225.648
224.202
222.899
222.899
220.372
217.231
215.224
211.954
209.013
205.111
205.111
205.111
201.708
201.708
201.146
201.146
198.486
198.296
197.836
196.982
196.774
196.774
196.407
195.609
195.018
195.018
194.22
192.491
191.839
190.832
190.41
189.113
188.848
187.43
185.754
184.455
181.444
180.128
177.551
174.699
173.962
173.962
173.962
172.458
172.458
172.458
172.458
172.458
172.458
170.37
170.37
170.37
170.37
170.37
169.322
169.322
169.322
168.866
167.817
167.817
167.817
166.629
166.629
166.629
166.629
166.629
161.943
161.352
160.405
160.405
160.405
159.815
159.676
158.524
157.795
157.795
157.204
153.687
153.687
152.771
152.181
151.55
149.751
149.157
148.258
148.258
147.799
147.799
147.569
147.33
146.35
145.423
145.423
145.423
145.242
144.331
144.331
144.331
144.151
144.036
143.918
143.918
143.759
142.488
142.488
141.671
141.671
141.671
141.671
140.957
140.957
140.957
140.957
140.957
140.525
139.464
139.464
139.464
139.464
139.031
137.86
137.581
137.581
137.581
137.581
136.331
135.618
135.618
135.618
135.618
135.618
135.618
135.618
135.618
135.618
128.977
128.255
128.255
128.255
127.014
127.014
125.403
125.403
123.642
123.642
123.642
120.535
120.535
120.535
120.535
120.535
120.535
119.718
119.718
117.833
117.833
117.75
117.318
117.318
117.29
117.29
115.787
115.787
115.787
115.787
115.787
115.787
115.759
115.759
115.759
115.759
115.759
115.759
115.759
115.759
115.429
115.382
115.382
114.382
114.382
114.382
114.005
113.121
113.121
113.121
113.121
113.121
113.121
113.121
112.401
112.401
112.401
112.401
112.166
112.166
112.166
111.754
111.754
111.754
111.601
111.424
110.27
110.27
110.27
109.53
109.128
108.642
107.221
107.221
105.476
104.358
103.429
103.429
103.429
102.521
102.521
102.521
101.847
101.131
100.457
100.457
100.457
100.457
100.457
100.457
100.457
100.407
100.407
100.407
99.9177
99.9177
99.9009
99.3615
98.9539
98.584
98.3977
98.3977
98.3977
97.6203
97.6203
97.6203
97.6203
97.6203
97.6203
95.7252
95.7252
95.7252
95.7252
95.7252
95.28
95.28
95.28
95.1955
95.1595
94.7503
94.7503
94.6298
94.6298
94.6298
94.6298
94.6298
94.3849
94.3849
94.3849
94.3849
94.3587
94.3587
94.1138
94.1138
94.1138
94.1138
94.0953
94.0953
94.0953
94.0953
94.0953
93.2702
93.2702
93.2517
93.2517
93.2517
93.2517
93.2517
93.2517
93.2517
93.2517
93.2517
93.2517
93.2517
93.2517
93.2517
93.2517
93.2517
93.2517
93.2517
93.2517
93.2517
93.2517
93.2517
93.2517
93.2517
93.2517
93.2517
93.2517
93.2517
92.949
92.949
92.949
92.949
92.611
92.611
92.611
92.4423
92.4423
92.4423
91.8743
91.3676
91.3676
91.3676
91.3676
91.2111
91.2111
91.2111
91.2111
91.2111
91.0538
91.0538
91.0538
90.8973
90.8973
90.8973
90.8973
90.8973
90.8973
90.8973
90.2364
90.2364
90.2364
90.2364
90.2364
90.2364
90.2364
90.2364
90.2364
90.2364
90.2364
90.2364
90.2364
90.1513
90.1513
90.1513
90.1221
89.7959
89.7959
89.7959
89.2485
88.9867
88.8931
88.7997
88.7997
88.7997
88.7355
88.7355
88.7355
88.7355
88.7355
88.7355
88.7355
88.7355
88.7355
88.7355
88.7355
88.7355
88.7355
88.6875
88.6875
88.6875
88.6875
88.6875
88.6875
88.6875
88.6875
88.2801
88.2801
88.2801
88.2801
88.2801
88.2801
88.2801
88.2801
88.2801
88.2801
88.2801
88.2801
88.2801
88.2801
88.2801
87.6271
87.6271
87.5032
87.5032
87.4307
87.4307
87.4307
87.2344
87.2344
86.5282
85.9516
85.049
85.049
84.6967
84.6967
84.5004
84.5004
84.5004
84.5004
84.5004
84.5004
84.5004
67.9914
67.9914
67.7951
67.7951
67.7951
67.7951
67.7951
67.7951
67.7951
67.7951
67.7951
67.7951
67.7951
67.7951
67.7951
67.7951
67.7951
67.7951
67.7951
67.7951
67.3516
67.3516
67.0653
67.0653
66.8987
66.3862
66.3862
66.3862
66.3862
66.3862
66.2553
66.2553
66.2553
66.2553
66.2553
65.3778
65.3778
65.3778
65.3778
65.3778
65.3778
65.3778
65.3778
65.3405
65.3405
65.3405
65.3405
65.3405
65.3405
65.3405
65.2286
65.2286
65.2286
65.1914
65.1914
65.1914
65.0407
65.0407
65.0407
65.0407
65.0407
65.0407
65.0407
65.0407
65.0407
65.0407
65.0407
65.0407
65.0407
65.0407
65.0407
65.0407
65.0407
65.0407
65.0407
65.0407
65.0407
65.0407
65.0407
65.0407
65.0407
65.0407
65.0407
65.0407
65.0407
65.0407
65.0407
65.0407
64.8478
64.8478
64.3393
64.3393
64.1463
64.1463
64.1463
64.1463
64.1463
64.1463
64.1463
64.1463
64.1463
64.0941
64.0941
64.0941
64.0941
64.0941
64.0941
63.8908
63.8908
63.8908
63.8908
63.8908
63.8908
63.8908
63.8908
63.8908
63.8908
63.8908
63.8908
63.8908
63.8908
63.8908
63.8908
63.8908
63.8908
63.859
63.859
63.859
63.859
63.859
63.859
63.859
63.859
63.859
63.859
63.859
63.859
63.859
63.859
63.859
63.859
63.859
63.859
63.859
63.859
63.859
63.859
63.859
63.0911
63.0911
63.0911
63.0911
63.0911
63.0911
63.0911
63.0911
63.0911
63.0911
63.0187
62.6832
62.6832
62.6832
62.6832
62.6832
62.6832
62.6832
62.6832
62.6832
62.6832
62.6832
62.6832
62.6832
62.6832
62.6832
62.6832
62.6832
62.6832
62.6832
62.6832
62.6832
62.6832
62.6832
62.6832
62.6832
62.6832
62.6832
62.6832
62.6832
62.6832
62.6832
62.6832
62.6832
62.6832
62.6832
62.6832
62.6832
62.6832
62.6832
62.4808
62.4808
62.4808
62.4808
62.4808
62.4808
62.4808
62.4808
62.4808
62.4808
62.4808
62.4808
62.4808
62.4808
62.4808
62.4808
62.4808
62.4808
62.4808
62.4808
62.4808
62.4808
62.4808
62.4808
62.4808
62.4808
62.4808
62.4808
62.4808
62.4808
62.4808
62.4808
62.4808
62.4808
62.4808
62.4808
62.4808
62.4808
62.4808
62.4808
62.4808
62.4808
62.4808
62.4808
61.9955
61.9955
61.9955
61.6063
61.6063
61.6063
61.6063
61.6063
61.6063
61.6063
61.6063
61.6063
61.6063
61.6063
61.6063
61.6063
61.6063
61.6063
61.6063
61.6063
61.6063
61.6063
61.6063
61.4561
61.2584
61.2584
61.2584
61.1082
61.1082
61.1082
61.1082
61.1082
61.1082
61.1082
61.1082
61.1082
61.1082
60.4314
60.4314
59.9694
59.9694
59.9694
59.9694
59.9694
59.9694
59.9694
59.9694
59.9694
59.9694
59.9694
59.9694
59.9694
59.9694
59.9694
59.9694
59.9694
59.9694
59.9694
59.9694
59.9694
59.9694
59.9694
59.9694
59.9694
59.9694
59.9694
59.9694
59.9694
59.9694
59.9694
59.9694
59.9694
59.9694
59.9694
59.9694
59.9694
59.9694
59.9694
59.9694
59.9694
59.9694
59.9694
59.9694
59.9694
59.9694
59.9694
59.9694
59.9694
59.9694
59.9694
59.9694
59.9694
59.9694
59.9694
59.9694
59.9694
59.9694
59.9694
59.9694
59.9694
59.9694
59.9694
59.9694
59.9694
59.9694
59.9694
59.9694
59.9694
59.9694
59.9694
59.9694
59.9694
59.9694
59.9694
59.9694
59.9694
59.9694
59.9694
59.9694
59.9694
59.9694
59.9694
59.9694
59.9694
59.9694
59.9694
59.9694
59.9694
59.9694
59.9694
59.9694
59.9694
59.9694
59.9694
59.9694
59.9694
59.9694
59.9694
59.9694
59.9694
59.9694
59.9694
59.9694
59.9694
59.9694
59.9694
59.9694
59.9694
59.9694
59.9694
59.9694
59.9694
59.9694
59.9694
59.9694
59.9694
59.9694
59.9694
59.9694
59.9694
59.9694
59.9694
59.9694
59.9694
59.9694
59.9694
59.9694
59.9694
59.9694
59.9694
59.9694
59.9694
59.9694
59.9694
59.9694
59.9694
59.9694
59.9694
59.9694
59.9694
59.9694
59.9694
59.9694
59.9694
59.9694
