2231.35
2040.56
2004.85
1847.5
1770.85
1770.85
1665.01
1655.5
1640.88
1561.42
1561.42
1479.62
1456.31
1425.6
1370.9
1220.96
1177.92
1177.92
1149.77
1030.57
1027.31
1015.29
954.561
903.532
903.532
903.532
896.471
874.048
827.586
827.586
805.398
790.245
780.696
772.083
748.833
748.833
737.119
715.092
702.652
696.542
687.772
664.938
664.938
664.938
656.918
646.648
646.648
643.899
636.198
629.616
607.848
607.848
602.341
588.229
588.229
560.059
560.059
547.643
547.643
538.31
523.232
523.232
515.762
506.124
494.579
494.579
484.703
483.441
483.441
479.56
474.655
469.853
468.396
456.53
456.53
456.53
454.962
442.416
437.891
434.202
429.47
429.47
423.312
416.107
413.215
410.612
406.966
406.966
405.377
403.07
397.121
397.121
389.548
389.548
381.946
381.544
380.81
358.414
355.512
355.512
354.4
352.998
352.998
351.57
349.713
349.713
349.713
347.785
347.198
346.099
340.872
340.872
339.118
339.118
335.175
335.025
335.025
334.152
322.705
322.705
322.705
322.705
322.705
322.705
318.997
318.997
318.997
318.982
318.66
314.04
307.426
307.105
305.982
301.6
301.6
301.6
299.456
299.438
298.754
293.728
293.728
293.728
293.147
293.147
288.223
287.353
285.768
284.891
284.891
284.891
282.408
281.726
279.693
267.584
267.584
262.386
261.704
260.185
260.024
260.024
256.714
256.714
255.463
254.353
254.353
254.051
253.102
252.755
251.403
248.25
248.25
247.903
247.903
246.472
246.472
245.157
243.92
243.92
242.815
241.381
238.875
237.994
234.729
234.175
230.718
227.732
227.732
226.237
225.994
225.655
225.015
224.012
222.587
216.142
216.142
215.501
209.324
208.378
208.378
201.338
198.336
198.336
198.336
197.391
195.354
195.354
194.542
192.338
189.318
189.318
189.318
186.626
186.076
185.943
184.981
184.508
184.307
182.717
181.874
181.874
179.516
179.516
178.06
177.998
177.998
173.58
173.58
173.518
173.396
169.52
168.572
167.695
167.695
167.41
166.492
166.492
164.565
164.565
162.486
162.486
161.263
160.853
160.853
160.853
160.274
158.887
158.409
158.309
156.62
156.62
156.017
156.017
155.216
155.216
155.111
154.861
153.352
153.352
152.582
152.582
150.889
150.644
150.329
150.329
149.649
149.442
149.01
149.01
148.526
148.526
148.526
147.976
147.976
147.976
146.573
146.573
146.573
146.386
146.386
145.734
145.734
145.734
145.005
144.268
144.107
143.456
143.456
143.235
141.338
141.338
141.338
141.338
141.338
139.935
139.935
139.935
139.935
139.714
139.714
137.234
137.234
137.234
136.095
135.874
134.918
134.68
134.68
133.782
133.245
133.245
131.681
131.681
131.681
131.681
130.923
130.923
130.686
130.686
129.821
129.821
129.584
129.584
129.584
127.53
124.079
124.079
123.905
123.905
122.424
122.424
122.424
122.424
122.424
117.562
117.562
115.498
115.498
114.419
114.181
114.09
114.09
113.433
113.007
113.007
111.598
110.642
110.153
110.061
109.762
108.286
107.497
107.198
107.106
106.928
106.522
106.131
106.131
105.975
105.975
105.975
105.91
105.523
105.431
104.895
104.895
104.895
103.974
103.974
103.073
102.381
102.171
102.171
101.95
101.95
101.91
101.91
101.91
101.91
101.06
101.06
101.06
101.06
100.74
100.473
100.473
100.473
100.425
100.425
99.887
99.887
99.8382
99.7639
99.3676
98.8502
98.1893
98.1893
98.1893
98.1893
98.1893
97.7655
97.7655
97.1045
97.1045
97.1045
97.0073
97.0073
97.0073
97.0073
95.3974
95.3974
95.3974
95.3974
95.3974
95.3974
95.3974
95.268
94.7572
94.7572
94.7572
93.924
93.924
93.924
93.7945
93.7945
93.7945
93.7945
93.7945
93.7945
93.7945
93.7945
93.7945
93.031
93.031
93.031
93.031
93.031
93.031
93.031
93.031
92.6988
92.6988
92.6988
92.3537
92.3537
92.3537
91.3091
91.3091
91.3091
91.3091
91.3091
91.3091
91.3091
91.3091
91.3091
91.04
91.04
91.04
91.04
91.04
91.04
91.04
91.04
91.04
91.04
91.04
91.04
91.04
91.04
91.04
91.04
91.04
91.04
91.04
91.04
91.04
91.04
91.04
91.04
91.04
91.04
91.04
91.04
91.04
91.04
91.04
91.0263
91.0263
88.6276
88.6276
88.6276
88.6139
86.943
86.5303
86.5297
86.5297
86.5297
86.5297
86.5297
86.5297
85.5073
85.5068
85.5068
85.5068
85.5068
84.5578
84.5578
84.5578
84.5578
84.5578
84.5578
84.5578
84.5578
84.5578
84.5578
84.5578
84.5578
82.3943
82.3943
82.3943
82.3943
82.3943
82.3943
82.3943
82.3943
82.3943
82.3943
82.3943
82.3943
82.3943
82.3943
82.3943
82.3943
82.3943
82.3943
82.3943
82.0917
82.0917
82.0917
82.0917
82.0917
82.0917
82.0917
82.0917
82.0917
81.1075
81.1075
81.1075
81.1075
80.6077
80.6077
80.6077
80.6077
80.6077
80.6077
80.6077
80.6077
80.6077
80.1661
80.1661
80.1661
80.1661
79.6559
79.6559
79.6559
79.6559
79.6559
79.6559
79.6559
79.6559
79.6559
79.6559
79.6559
78.8853
78.8853
78.8853
78.7193
78.7193
78.7193
78.7193
78.7193
78.2641
78.2641
78.2641
78.2641
78.2641
78.2641
78.2641
78.2641
78.2641
78.2078
78.2078
78.2078
78.2078
78.2078
78.2078
78.2078
78.2078
78.2078
78.2078
78.2078
78.2078
78.2078
78.2078
78.2078
78.2078
78.2078
78.2078
78.2078
78.2078
78.2078
78.2078
78.2078
78.2078
78.2078
78.2078
78.2078
78.2078
78.2078
78.0256
77.9639
77.9639
77.9639
77.9639
77.9639
77.9639
77.9639
77.9639
77.9639
77.9639
77.9639
77.9639
77.9639
77.9639
77.9639
77.9639
77.4863
77.4863
77.4863
77.4863
76.4449
76.4449
76.4449
76.4449
76.4449
76.4449
76.4449
76.4449
76.4449
76.4449
76.4449
76.4449
76.2371
76.2371
76.2371
76.2371
76.2371
76.2371
76.2371
76.2371
76.1817
76.1817
76.1817
76.1817
76.1817
76.1817
76.1817
76.1817
76.1817
76.1817
76.1817
75.6948
75.6948
75.6948
75.6948
75.6948
75.6948
75.6948
75.6948
75.6948
75.6948
75.6948
75.6948
75.6948
75.6948
75.6948
75.6948
75.6948
75.6948
75.6948
75.6948
75.6948
75.6948
75.6948
75.6948
75.6948
75.6948
75.6948
75.6948
75.6948
75.6948
75.6948
75.6948
75.6948
75.6948
75.6948
75.6948
75.6948
75.6948
75.6948
75.6948
75.6948
75.6948
75.3345
75.3345
75.3345
75.3345
75.3345
75.3345
75.3345
75.3345
75.3345
75.3345
75.3345
75.3345
75.3345
75.3345
75.3345
75.3345
75.3345
75.3345
75.3345
75.3345
75.3345
75.3345
75.3345
75.3345
75.3345
75.3345
75.3345
75.3345
75.3345
75.3345
75.3345
75.3345
75.3345
75.3345
75.3345
75.3345
75.3345
75.3345
75.3345
75.3345
75.3345
75.3345
75.3345
75.3345
75.3345
75.3345
75.3345
75.3345
75.3345
75.3345
75.3345
75.3345
75.3345
75.3345
75.3345
75.3345
75.3345
75.3345
75.3345
75.3345
75.3345
75.3345
75.3345
75.3345
75.3345
75.3345
75.3345
75.3345
75.3345
75.3345
75.3345
75.3345
75.3345
75.3345
75.3345
75.3345
75.3345
75.3345
75.3345
75.3345
75.3345
75.3345
75.3345
75.3345
75.3345
75.3345
75.3345
75.3345
75.3345
75.3345
75.3345
75.3345
75.3345
75.3345
75.3345
75.3345
75.3345
75.3345
75.3345
75.3345
75.3345
75.3345
75.3345
75.3345
75.3345
75.3345
75.3345
75.3345
75.3345
75.3345
75.3345
75.3345
75.3345
75.3345
75.3345
75.3345
75.3345
75.3345
75.3345
75.3345
75.3345
75.1161
75.1161
75.1161
74.6905
74.6905
74.6905
74.6905
74.6905
74.6905
74.6905
74.6905
74.6905
74.6905
74.6905
74.6905
74.6905
74.6905
74.6905
74.6905
74.6905
74.6905
74.6905
74.6905
74.6905
74.6905
74.6905
74.6905
74.6905
74.6905
74.6905
74.6905
74.6905
74.6905
74.6905
74.6905
74.6905
74.6905
74.6905
74.6905
74.6905
74.6905
74.6905
74.6905
74.6905
74.6905
74.6905
74.6905
74.6905
74.6905
74.6905
74.6905
74.6905
74.6905
74.6905
74.6905
74.6905
74.6905
74.6905
74.6905
74.6905
74.6905
74.6905
74.6743
74.6743
74.6743
74.6743
74.6743
74.6743
74.6743
74.6743
74.6743
74.6743
74.6743
74.6743
74.6743
74.6743
74.6743
74.6743
74.6743
74.6743
74.6743
74.6743
74.3866
74.3866
74.3866
74.3866
74.3866
74.3866
74.3866
74.3866
74.3866
74.3866
74.3866
74.3866
74.3866
74.3866
74.3866
74.3866
74.3866
74.3866
74.3866
74.3866
74.3866
74.3866
74.3866
74.3866
74.3866
74.3866
74.3866
74.3866
74.3866
74.3866
74.3866
74.3866
74.3866
74.3866
74.3866
74.3866
74.3866
74.3866
74.3866
74.3866
74.3866
74.3866
74.3866
74.3866
74.3866
74.3866
74.3866
74.3866
74.3866
74.3866
74.3866
74.3866
74.3866
74.3866
74.3866
74.3866
74.3866
74.3866
74.3866
74.3866
74.3866
74.3866
74.3866
74.3866
74.3866
74.3866
74.3866
74.3866
74.3866
74.3866
74.3866
74.3866
74.3866
74.3866
74.3866
74.3866
74.3866
74.3866
74.3866
74.3866
74.3866
74.3866
74.3866
74.3866
74.3866
