2163.23
2163.23
2027.69
2011.4
1882.19
1859.81
1747.95
1563.07
1563.07
1468.01
1464.37
1464.37
1462.95
1424.71
1424.71
1419.71
1395.28
1371.07
1285.47
1280.16
1213.37
1178.06
1178.06
1127.26
1057.61
1050.58
1015.61
1000.18
966.111
956.303
937.13
925.063
910.833
896.436
888.032
819.601
819.601
815.93
812.316
811.722
781.109
778.536
764.298
764.298
731.834
713.444
700.296
700.296
687.482
679.475
667.658
654.977
654.977
610.85
610.85
604.006
577.425
577.425
577.239
563.987
563.987
563.987
555.534
555.534
555.534
549.709
548.43
540.879
532.978
524.068
509.023
496.083
481.673
481.673
481.156
478.789
473.806
469.778
465.977
465.977
458.448
454.588
450.521
446.828
446.828
438.245
431.112
427.8
415.303
415.303
406.957
400.789
400.789
387.622
384.735
378.894
376.368
369.721
360.844
360.844
355.606
349.445
347.058
347.058
346.791
346.791
345.724
336.977
326.027
325.887
322.604
320.104
319.683
316.523
313.1
311.487
308.053
304.416
298.424
295.669
293.1
292.548
291.571
286.595
285.354
285.354
281.914
277.239
273.563
269.94
269.94
269.94
267.784
267.196
267.196
260.07
260.07
257.381
257.381
255.584
253.498
250.849
249.764
247.719
247.197
246.49
246.49
244.684
243.977
243.04
243.04
243.04
243.04
242.679
239.522
239.522
239.522
237.191
235.146
235.146
234.231
234.231
233.915
233.915
232.142
230.952
230.058
228.485
228.485
228.485
228.485
228.485
226.306
226.306
225.56
225.56
225.56
221.193
221.193
221.193
221.193
221.193
221.193
220.511
220.511
220.511
219.128
218.381
218.381
218.381
217.025
217.025
216.499
216.279
215.007
215.007
214.769
214.769
203.671
203.671
203.671
200.709
199.179
199.179
189.274
189.274
189.274
185.209
181.214
181.214
181.214
181.14
180.292
177.028
176.18
174.392
174.392
173.762
173.762
173.762
173.562
172.411
172.201
170.948
170.948
169.597
169.597
169.387
167.564
167.564
164.301
161.898
159.865
159.865
159.865
159.865
157.876
157.676
155.843
155.843
155.831
154.442
153.831
153.831
153.831
152.855
152.418
150.859
150.831
149.639
149.627
149.627
149.627
149.604
148.868
148.868
148.845
148.845
148.469
148.446
147.234
147.234
146.211
144.544
144.544
144.544
144.544
144.108
141.832
141.832
141.832
141.832
139.596
139.181
138.637
138.637
138.637
138.181
137.321
137.321
137.321
137.321
137.321
136.893
136.873
136.873
136.873
134.078
133.622
133.622
133.601
131.915
130.627
127.582
127.582
127.582
127.582
127.582
127.582
127.582
127.582
126.941
126.941
126.508
126.508
126.508
126.508
126.384
126.384
123.766
123.766
123.766
123.766
123.766
123.766
123.766
123.766
123.493
123.493
123.493
123.493
123.493
122.94
122.94
122.94
122.737
122.698
122.447
122.414
122.414
121.652
121.652
121.652
121.652
121.652
121.612
121.061
121.061
121.061
121.061
120.87
120.837
120.318
120.318
119.554
119.554
119.554
119.554
118.964
118.964
118.533
117.952
117.942
117.371
116.931
116.931
116.512
116.123
116.024
116.024
115.043
113.601
113.601
113.601
112.497
112.497
112.347
112.202
112.202
112.051
112.051
112.051
111.689
110.717
110.717
110.717
110.717
110.717
110.717
106.027
106.027
106.027
106.027
106.027
106.027
106.027
106.027
106.027
106.027
106.027
106.027
106.027
105.815
105.815
105.815
105.815
105.815
105.815
105.815
105.815
105.815
105.815
105.815
105.815
105.815
105.372
105.372
105.372
105.372
105.372
105.372
105.342
105.342
105.342
105.342
104.899
104.899
104.899
104.507
104.475
104.032
103.894
103.027
103.027
103.027
103.027
103.027
102.595
102.595
102.595
102.595
99.7523
99.7523
99.7523
99.7523
99.7523
99.7523
99.7523
97.5145
97.5145
96.9879
96.9661
96.9661
94.9032
94.9032
94.8815
94.8815
93.9553
93.9553
93.9553
93.9553
93.4964
93.4964
93.4964
93.4632
93.4632
93.4632
91.6757
91.6757
91.6757
91.6757
91.6757
91.6757
91.6757
91.6757
91.6425
91.4176
91.4176
91.4176
91.4176
91.2707
91.2707
91.2707
91.2707
90.8611
89.6386
89.6386
89.6386
89.6386
88.8902
87.4511
86.5605
86.5605
86.5605
86.5605
84.9285
84.9285
84.9285
84.9285
84.9285
84.9285
82.119
82.119
82.0986
82.0986
81.9074
81.3285
81.3285
81.1169
81.1169
81.1169
80.6695
80.6695
80.6695
80.5847
80.5847
80.2922
80.2922
80.2922
80.1151
80.1151
80.1151
80.1151
80.1151
79.9645
79.9645
79.4716
79.4716
79.4716
79.4716
79.4716
79.4716
79.4716
79.4716
79.4716
79.4716
79.4716
79.4716
79.372
79.372
79.372
79.372
79.372
78.8735
78.8735
78.7739
78.7739
78.7739
78.2666
78.2666
78.2666
78.2666
78.2666
78.2666
78.2666
78.2666
78.2666
78.2666
78.187
78.187
78.187
77.8243
77.8243
77.8243
77.8243
77.8243
77.8243
77.8243
77.8243
77.8243
77.8243
77.8243
77.8243
77.8243
75.8
75.8
75.8
75.8
75.8
75.8
75.4906
75.4906
75.2345
75.2097
75.0889
75.0889
75.0889
75.0889
75.0889
75.0889
75.0889
75.0889
75.0889
75.0889
75.0889
75.0889
75.0889
75.0889
75.0889
75.0889
75.0889
75.0266
74.7618
74.7618
74.7618
74.7618
74.7618
74.4811
74.4811
74.4811
74.4811
74.4811
74.4811
74.4811
74.4811
74.4811
74.4811
74.4811
74.4811
74.4811
74.4811
74.4811
74.4811
74.4811
74.4811
74.4811
73.9259
73.9259
73.9259
73.9259
73.9259
73.9259
73.9259
73.9259
73.9259
73.9259
73.9259
73.9259
73.9259
73.9259
73.8999
73.8999
73.8999
73.8999
73.8999
73.8999
73.8999
73.8999
73.8999
73.8999
73.8999
73.8999
73.8999
73.6569
73.6569
73.6569
73.6569
73.6569
73.6569
73.6569
73.6569
72.7265
72.7265
72.7265
72.7265
72.7265
72.7265
72.6593
72.6593
72.6593
72.6593
72.6593
72.6593
72.6593
72.6593
72.6593
72.6593
72.6593
72.6593
72.6593
72.6593
72.6593
72.2029
72.2029
72.2029
72.2029
72.2029
72.2029
72.2029
72.2029
72.2029
72.2029
72.2029
72.2029
72.2029
72.2029
72.2029
72.2029
72.2029
72.2029
72.2029
72.2029
72.2029
72.2029
72.2029
72.2029
72.2029
72.2029
72.2029
72.2029
72.2029
72.2029
72.2029
72.2029
72.2029
71.8204
71.8204
71.8204
71.8204
71.8204
71.8204
71.8204
71.8204
71.8204
71.8204
71.8204
71.8204
71.8204
71.8204
71.8204
71.8204
71.8204
71.8204
71.8204
71.4221
71.4221
71.4221
71.4221
71.4221
71.4221
71.4221
71.4221
71.4221
71.4221
71.4221
71.4221
71.4221
71.4221
71.4221
71.2881
71.2881
71.2881
71.2881
71.2881
71.2881
71.2881
71.2881
71.2881
71.2881
71.2881
71.2881
71.2881
71.2881
71.2881
71.2881
71.2881
71.2881
71.2881
71.1233
71.1233
71.1233
69.6032
69.6032
69.6032
69.6032
69.6032
69.6032
69.6032
69.6032
69.6032
69.6032
69.6032
69.6032
69.6032
69.6032
69.6032
69.6032
69.6032
69.6032
69.6032
69.6032
69.6032
69.6032
69.6032
69.6032
69.6032
69.6032
69.6032
69.5375
69.5375
69.5375
69.5375
69.5375
69.5375
69.5375
69.5375
69.5375
69.5375
69.5375
69.5375
69.5375
69.5375
69.5375
69.5375
69.5375
69.5375
69.5375
69.5375
69.5375
69.5375
69.5375
69.5375
69.5375
69.5375
69.5375
69.5375
68.9759
68.9759
68.9759
68.9759
68.9021
68.9021
68.9021
68.8075
68.8075
68.6741
68.6741
68.6741
68.6741
68.5795
68.5795
68.5795
68.5795
67.7812
67.6866
67.6866
67.6866
67.6866
67.6866
67.6866
67.6866
67.6866
67.6866
67.6866
67.6866
67.0833
67.0833
66.8913
66.3534
66.3534
66.1802
65.9937
65.8382
65.8382
65.8382
65.8382
65.8382
65.8382
65.8382
65.8382
65.6121
65.6121
65.6121
65.6121
65.6121
65.6121
65.6121
65.4787
65.4787
65.4787
65.4787
65.4787
65.4787
65.4787
65.4787
65.4787
65.3024
65.3024
65.3024
65.3024
65.3024
65.3024
65.3024
65.3024
65.3024
65.3024
65.3024
65.3024
65.3024
65.3024
65.3024
65.3024
65.3024
65.3024
65.3024
65.3024
65.3024
65.3024
65.3024
65.3024
65.3024
65.3024
65.3024
65.3024
65.275
65.275
65.275
65.275
65.275
65.275
65.275
65.275
65.275
65.275
65.275
65.275
65.275
65.1514
65.1514
65.1514
65.1514
65.1514
65.1514
65.1514
64.4128
64.4128
64.2892
64.2892
64.2892
64.2892
64.2892
64.2892
64.2892
64.2892
64.2892
64.2892
64.2892
64.2892
64.2892
64.2892
64.2892
64.2892
64.2892
64.2892
64.2892
64.2892
64.2892
64.2892
64.2892
64.2892
64.2892
64.2892
64.2892
64.2892
64.2892
64.2892
64.2892
64.2892
64.2892
64.2892
64.2892
64.2892
64.2892
64.2892
64.2892
64.2892
64.2892
64.2892
64.2892
64.2892
64.2892
64.2892
64.2892
64.2892
64.2892
64.2892
64.2892
64.2892
64.2892
64.2892
64.2892
64.2892
64.2892
64.2892
64.2892
64.2892
64.2892
64.2892
64.2892
64.2892
64.2892
64.2892
64.2892
64.2892
64.2892
64.2892
64.2892
64.2892
64.2892
64.2892
