2280.23
2153.39
1991.43
1949.17
1780.25
1713.31
1463.49
1463.49
1414.01
1414.01
1276.22
1276.22
1276.22
1276.22
1249.44
1191.75
1169.51
1164.21
1135.64
1103.17
1079.15
1076.3
1047.23
1017.22
1013.74
980.302
970.856
959.016
941.679
929.119
929.119
927.549
919.323
906.644
884.779
877.497
845.988
844.722
822.277
811.96
797.97
746.182
742.286
730.649
722.849
707.092
702.846
672.574
646.899
646.899
629.873
616.775
611.556
599.166
597.239
589.225
584.51
576.785
570.865
570.865
561.402
556.623
536.326
527.15
527.15
518.813
517.333
491.271
491.271
484.847
478.441
478.441
476.89
473.524
472.052
463.193
463.193
462.059
452.8
450.79
450.79
443.651
434.392
429.976
420.81
414.054
404.483
399.072
393.118
381.907
379.493
370.772
369.218
363.68
357.996
356.706
356.188
351.365
344.575
344.575
343.298
338.345
334.353
330.659
321.003
318.589
313.879
308.572
307.34
306.177
304.506
300.251
291.879
291.879
289.436
285.023
285.023
281.477
281.477
281.051
279.854
278.166
276.97
276.97
276.059
276.059
274.846
273.25
273.25
273.25
271.291
270.553
269.523
268.338
263.558
263.558
261.796
259.219
257.528
257.528
255.429
255.429
252.968
251.901
249.976
246.871
246.871
243.263
242.412
238.704
234.978
234.978
234.945
231.42
231.42
228.148
226.564
225.944
225.048
223.935
220.366
218.74
218.267
217.069
215.835
215.835
212.693
212.693
212.693
209.099
209.099
204.713
204.713
204.713
204.713
204.537
203.162
203.162
203.162
203.162
202.332
198.936
198.936
198.936
190.901
190.473
190.473
190.049
188.092
188.092
188.092
188.092
188.092
180.986
180.986
180.986
180.577
180.577
179.931
178.72
178.592
178.592
178.592
176.588
176.381
172.359
172.359
172.192
170.527
170.527
167.713
166.214
166.214
165.898
163.911
163.911
163.911
163.261
161.38
146.546
146.546
146.546
144.592
144.592
144.11
144.11
144.049
142.896
142.353
142.353
138.591
138.591
138.047
136.351
131.447
131.447
131.447
130.917
128.894
128.894
128.894
128.365
128.365
126.166
126.166
125.636
124.463
123.748
123.748
122.869
122.869
122.164
122.042
122.042
121.079
120.84
119.777
119.777
119.777
119.777
119.777
118.866
117.727
117.727
117.727
116.341
116.194
115.718
115.718
115.686
115.686
110.735
110.735
110.735
110.735
107.495
107.495
106.477
106.477
106.477
106.477
106.477
106.114
106.114
106.114
105.908
105.908
105.457
105.457
103.612
103.612
103.204
103.204
103.204
102.183
102.183
102.183
102.183
101.831
101.831
101.831
101.416
101.416
101.385
101.385
100.827
100.827
100.674
99.7189
99.7093
99.7093
98.0804
98.0804
97.5391
97.2637
95.9113
95.0768
95.0165
94.5343
94.5343
90.9902
90.9902
90.9902
90.9902
90.9902
90.9902
90.9902
90.4138
90.4138
90.4138
90.1711
90.1711
89.7785
89.7785
89.7785
89.5358
88.9319
88.9319
88.2966
88.2966
88.1304
88.1043
87.9381
87.9381
87.9381
87.9381
87.9381
87.9381
87.2674
87.2674
87.2674
87.2674
86.6347
86.5663
85.0028
84.9284
84.5118
84.5118
84.4318
83.8894
83.31
83.1025
83.1025
83.0964
83.0964
83.066
82.7736
82.7736
82.7736
82.7736
82.7736
82.3376
82.1089
82.1089
82.07
81.6729
81.5608
81.5608
80.6349
80.1989
80.1989
80.0045
80.0045
78.6426
78.5642
78.5642
77.5014
77.5014
77.423
77.423
76.8559
76.8559
76.01
74.9472
74.3017
74.3017
74.0643
74.0643
74.0643
74.0643
74.0643
74.0643
73.7508
73.7508
73.7508
73.7508
73.7508
73.7508
73.7508
73.7508
73.7491
73.7491
73.2682
73.2682
73.2682
73.2682
73.2682
73.2665
73.2665
73.2665
73.2665
73.2665
73.2665
73.0737
72.4833
72.3636
72.3636
72.3636
72.1709
72.1709
72.1351
72.1351
71.3878
71.3878
71.3878
71.3878
71.3878
71.3182
71.3182
71.3182
71.3103
71.2757
71.2407
71.2407
71.2049
71.2049
71.2049
71.2049
71.1398
71.1398
71.1398
71.1052
71.0888
71.0888
71.0888
71.0888
71.0888
71.0888
71.0888
71.0888
71.0888
71.0888
71.0888
71.0888
71.0888
70.5661
70.5661
70.5661
69.9998
69.4772
69.4772
69.4772
69.4772
68.9421
68.9421
67.8208
67.8208
67.8208
67.8208
67.8208
67.8208
67.8208
67.8208
67.3938
67.3938
67.3938
67.3938
67.1688
67.1688
67.1688
67.1688
67.1688
67.1688
67.1688
67.1688
67.1156
67.1156
67.1156
67.1156
66.8992
66.8992
66.8992
66.6667
66.6667
66.6667
66.6667
66.6667
65.9677
65.9677
65.9677
65.9677
65.9677
65.9677
65.9677
65.4695
65.4695
65.4695
65.4695
65.4695
65.4695
65.4695
65.4695
65.4695
65.4695
64.903
64.903
64.903
64.903
64.4623
63.9823
63.9823
63.9823
63.5416
63.5416
63.5416
63.5416
63.5416
63.5416
63.5416
63.5416
63.5416
63.5416
63.5416
63.1086
63.1086
63.1086
62.6871
62.6871
62.6871
62.6871
62.6871
62.6871
62.6871
61.5216
61.5216
61.5216
61.5216
61.5216
61.5216
61.5216
61.5216
61.5216
61.5216
61.5216
61.5216
61.5216
61.5216
61.5216
61.5216
61.5216
61.3488
61.3488
61.3488
61.3488
61.3488
61.3488
61.3488
61.3488
61.3488
61.3488
61.3294
61.3294
61.3294
61.3294
61.3294
61.3294
61.3294
61.3294
61.3294
61.3294
61.3294
61.3294
61.3294
61.3294
61.3294
61.3294
61.3294
61.0454
61.0454
60.9517
60.9517
60.9517
60.9517
60.9517
60.9517
60.9517
60.9517
60.9517
60.9517
60.9517
60.9517
60.9517
60.8349
60.8349
60.5437
60.478
60.478
60.478
60.478
60.478
60.478
60.3216
60.3216
60.2559
60.2559
60.2559
60.2559
60.2559
60.2559
60.2559
60.2559
60.2559
60.2559
60.2559
60.2559
60.2559
60.2559
60.2559
60.2241
60.2241
60.2241
60.2241
60.2241
60.2241
60.2241
60.2241
60.2241
60.2241
60.2241
60.2241
60.2241
60.2241
60.2241
60.2241
60.2241
60.2241
60.2241
60.2241
60.2241
60.2241
60.2241
60.2241
60.2241
60.2241
60.2241
60.2241
60.2241
60.2241
60.2241
60.2241
60.2241
60.2241
60.2241
60.2241
60.2241
60.2241
60.2241
60.2241
60.2241
60.2241
60.2241
60.2241
60.2241
60.2241
60.2241
60.2241
60.2241
60.2241
60.2241
60.2241
60.2241
60.2241
60.2241
60.2241
60.2241
60.2241
60.2241
60.2241
60.2241
60.2241
59.1928
59.1928
59.1928
59.1928
59.1928
58.9417
58.9417
58.9417
58.9417
58.9417
58.9417
58.9417
58.9417
58.9417
58.9417
58.9417
58.9417
58.9417
58.9417
58.9417
58.753
58.753
58.753
58.753
58.753
58.753
58.753
58.753
58.753
58.753
58.753
58.753
58.753
58.753
58.753
58.753
58.753
58.753
58.753
58.753
58.753
58.753
58.753
58.753
58.753
58.753
58.753
58.753
58.753
58.753
58.753
58.753
58.753
58.4051
58.4051
58.4051
58.4051
58.4051
58.4051
58.4051
58.4051
58.4051
58.4051
58.4051
58.4051
58.4051
58.4051
58.4051
58.4051
58.4051
58.4051
58.4051
58.4051
57.9841
57.5661
57.1452
57.1452
57.1452
57.1452
57.1452
57.1452
57.1452
57.1452
57.1452
57.1452
57.1452
57.1452
57.1452
57.1452
57.1452
57.1452
57.1452
57.1452
57.1452
57.1452
57.1452
57.1452
57.1452
57.1452
57.1452
57.1452
57.1452
57.1452
57.1452
57.1452
57.1452
57.1452
57.1452
57.1452
57.1452
57.1452
57.1452
56.8173
56.8173
56.8173
56.8173
56.8173
56.8173
56.8173
56.8173
56.8173
56.8173
56.8173
56.8173
56.8173
56.8173
56.8173
56.8173
56.8173
56.3905
56.3905
56.3905
56.3905
56.3905
56.3905
56.3905
56.3905
56.3905
56.3905
56.3905
56.3905
56.3905
56.3905
56.3905
56.3905
56.3905
56.3905
56.3905
56.3905
56.3905
56.3905
56.3905
56.3905
56.3905
56.3905
56.3905
56.3905
56.3905
56.3905
56.3905
56.3905
56.3905
56.3905
56.3905
56.3905
56.3905
56.3905
56.3905
56.3905
56.3905
56.3905
56.3905
56.3905
56.3905
56.3905
56.3905
56.3905
56.3905
56.3905
56.3905
56.0908
56.0908
56.0908
56.0908
56.0803
56.0178
56.0178
56.0178
56.0178
56.0178
56.0178
56.0178
56.0178
56.0178
56.0178
56.0178
56.0178
56.0178
56.0178
56.0178
56.0178
56.0178
56.0178
56.0178
56.0178
56.0178
56.0178
56.0178
56.0178
56.0178
56.0178
56.0178
56.0178
56.0178
56.0178
56.0178
56.0178
56.0178
56.0178
56.0178
56.0178
56.0178
56.0178
56.0178
56.0178
56.0178
56.0178
56.0178
56.0178
56.0178
56.0178
56.0178
56.0178
56.0178
56.0178
56.0178
56.0178
56.0178
56.0178
56.0178
56.0178
56.0178
56.0178
56.0178
56.0178
56.0178
56.0178
56.0178
56.0178
56.0178
56.0178
56.0178
56.0178
56.0178
56.0178
56.0178
56.0178
56.0178
56.0178
56.0178
56.0178
56.0178
56.0178
56.0178
56.0178
56.0178
56.0178
56.0178
56.0178
56.0178
55.8429
55.8429
55.8429
55.8429
55.8429
55.8429
55.8429
55.8429
55.8429
55.8429
55.8429
55.8429
55.8429
55.8429
55.8429
55.8429
55.8429
55.8429
55.8429
55.8429
55.8429
55.8429
55.8429
55.8429
55.8429
55.8429
55.8429
55.8429
55.8429
55.8429
