2187.46
1991.83
1991.83
1967.03
1904.76
1826.42
1797.83
1662.57
1605.75
1564.75
1564.75
1532.42
1502.58
1454
1454
1419.7
1415.06
1399.98
1345.8
1255.74
1255.74
1206.93
1202.92
1202.92
1201.46
1181.65
1155.1
1127.69
1111.31
1100.79
1100.6
1071.71
1052.86
1044.57
1028.77
1006.35
995.869
938.163
938.163
922.571
907.557
903.668
896.354
867.814
860.868
854.542
841.954
828.094
828.094
828.094
821.464
807.873
798.382
791.833
785.115
774.557
765.745
749.203
721.168
720.272
713.189
711.094
711.094
695.558
688.719
688.719
652.104
652.104
642.776
642.527
642.527
627.351
615.157
615.157
578.69
571.524
571.524
568.864
564.179
528.336
520.507
514.626
505.624
503.478
502.462
490.484
490.484
484.78
475.223
467.078
464.322
461.149
441.622
438.529
432.686
418.656
412.569
404.749
403.621
397.572
390.623
390.623
390.623
390.623
387.398
378.081
378.081
374.457
374.457
374.131
374.107
372.414
368.365
367.51
359.283
358.32
355.353
352.477
352.477
348.023
343.294
342.454
337.482
330.31
320.914
320.914
319.246
319.07
303.865
295.557
292.899
292.899
292.899
288.963
288.963
286.624
286.225
281.109
280.669
276.135
273.677
273.677
271.563
271.476
268.038
263.832
259.673
259.673
249.63
249.63
249.63
249.63
248.08
248.08
248.08
246.037
245.339
240.133
238.366
233.456
233.456
231.769
230.873
230.386
230.386
229.368
226.735
226.735
223.749
222.898
221.908
221.243
219.701
219.701
219.18
215.291
215.291
215.291
215.291
213.92
211.954
211.43
210.583
209.244
207.475
207.475
207.475
205.286
204.602
204.553
199.466
196.738
196.544
196.544
196.544
195.748
195.172
193.873
193.392
191.777
190.981
190.232
188.625
188.166
185.207
184.479
184.479
184.479
183.789
183.538
182.81
182.81
181.477
180.089
178.42
177.778
177.206
176.452
176.452
176.452
174.926
173.107
172.967
172.967
171.431
170.195
167.593
167.015
166.928
166.503
163.678
163.547
161.414
161.013
159.808
158.31
157.251
157.251
154.35
154.35
154.35
152.721
152.721
152.721
151.552
151.552
149.923
149.923
149.063
148.989
148.989
145.68
145.68
139.105
139.105
138.791
138.436
138.383
137.243
136.383
136.383
135.993
135.993
134.519
133.872
133.855
133.855
133.532
133.072
131.885
131.885
131.33
131.119
130.63
130.494
130.462
130.353
129.939
129.939
129.761
129.761
129.032
129.032
128.784
128.784
128.382
127.928
127.822
127.008
126.405
126.405
126.405
126.405
125.408
125.301
125.301
125.301
125.301
123.727
122.597
122.597
122.597
122.597
121.61
121.61
121.61
121.335
121.335
121.335
120.347
120.347
120.347
120.147
119.803
119.803
118.89
118.89
116.295
116.295
116.295
116.295
116.295
114.922
114.922
114.922
114.922
114.838
114.838
113.465
113.465
113.101
113.101
113.101
113.101
112.911
112.911
111.465
111.303
109.857
109.857
109.857
108.343
108.343
108.343
108.343
106.633
106.633
106.336
106.336
106.336
106.336
105.975
105.975
105.975
105.839
105.839
105.839
104.702
104.242
103.719
103.719
103.719
103.719
102.793
102.793
102.464
101.74
101.74
101.411
101.411
101.335
100.588
100.588
100.588
100.183
100.183
100.004
99.5862
99.1809
99.1809
99.1809
99.0756
99.0756
98.8737
98.8737
98.1754
97.6977
97.6977
97.3905
97.3905
97.3905
97.3905
97.173
96.489
96.489
96.489
96.489
96.489
95.8939
95.8939
95.8939
95.8939
95.8939
95.8939
95.8939
95.8939
95.7368
95.7368
95.7368
95.2489
95.2489
95.2489
95.0918
95.0918
95.0918
95.0918
95.0918
95.0918
95.0918
95.0918
95.0918
95.0918
95.0918
95.0918
93.832
93.2684
93.2684
93.2684
93.2684
93.2684
93.2684
92.6138
92.6138
92.6138
92.4974
92.4974
92.4159
92.4159
92.1141
92.1141
92.1141
92.1141
92.1141
92.1141
92.1141
92.1141
91.8426
91.8426
91.4804
91.4804
91.2088
91.2088
91.2088
91.032
91.032
91.032
90.1372
90.1372
90.1372
90.1372
90.1372
90.1372
90.1372
90.1372
90.1372
90.1372
90.1372
90.1372
88.7063
88.7063
88.7063
88.7063
88.7063
88.7063
88.7063
88.7063
88.4576
88.4576
88.4576
88.4576
88.4576
88.4576
88.4576
88.4576
88.4576
88.4576
88.4576
88.4576
87.6543
87.6543
87.6543
87.2919
87.2919
87.2919
87.2919
86.6659
86.6659
86.6659
86.5157
86.5157
86.4645
86.4645
86.4645
86.4645
86.4645
86.4645
86.4645
86.4645
86.4645
86.4645
86.4645
86.4645
86.2203
86.2203
86.2203
86.2203
86.2203
86.2203
86.2203
86.2203
86.2203
86.2203
86.2203
86.2203
86.2203
86.2203
86.2203
86.2203
86.2203
86.2203
86.2203
86.2203
86.2203
86.2203
86.2203
86.2203
86.2203
86.2203
86.2203
86.1882
86.1882
86.1882
86.1882
85.9715
85.9393
85.9393
85.9393
85.9393
85.87
85.8378
85.8378
85.8378
85.8378
85.6532
85.6532
85.6532
85.6532
85.6532
85.6532
85.6532
85.6532
85.6532
85.6532
85.6532
85.6532
85.6532
85.6532
85.6532
85.6532
85.4469
85.4469
85.4469
85.4469
85.1496
85.1496
85.1496
85.1496
84.3399
84.3399
84.3399
84.3399
84.3399
84.3399
84.3399
84.3399
84.3399
84.3399
84.3399
84.3399
84.3399
84.3399
84.3078
84.3078
84.022
83.9899
83.9899
83.9899
83.9899
83.2082
83.2082
83.2082
83.2082
83.2082
83.2082
83.2082
83.2082
83.2082
83.2082
83.2082
83.2082
83.2082
83.0629
83.0629
83.0629
83.0629
83.0629
83.0629
83.0629
83.0629
83.0629
83.0629
83.0629
83.0629
83.0629
83.0629
83.0629
83.0629
83.0629
82.1965
82.1965
82.1965
82.1965
82.1965
82.1965
82.1965
82.1965
82.1965
82.1965
82.1965
81.7339
81.7339
81.7339
81.7339
81.7339
81.7339
81.7339
81.7339
81.7339
81.7339
81.6115
81.6115
81.6115
81.6115
81.6115
81.6115
81.6115
81.6115
81.6115
81.6115
81.6115
81.6115
81.6115
81.6115
81.6115
81.6115
81.6115
81.6115
81.6115
81.6069
81.6069
81.6069
81.6069
81.6069
81.6069
81.6069
81.6069
81.6069
81.6069
81.6069
81.4411
81.4411
81.4411
81.4411
81.4411
81.4411
81.4411
81.4411
81.4411
81.4411
81.4411
81.4411
81.4411
81.4411
81.4411
81.4411
81.4411
81.4411
81.4411
81.4411
81.4411
81.4411
81.4411
81.4411
81.4411
81.4411
81.4411
81.4411
81.4411
81.4411
81.1081
81.1081
81.1081
81.1081
80.9244
80.9244
80.9244
80.9244
80.9244
80.9244
80.9244
80.5681
80.5681
80.2652
80.2652
80.2652
79.9088
79.9088
79.9088
79.9088
79.9088
79.9088
79.9063
79.9063
79.9063
79.9063
79.9063
79.9063
79.9063
79.9063
79.9063
79.9063
79.9063
79.9063
79.9063
79.8999
79.8999
79.8999
79.8999
79.5356
79.5356
79.5356
79.5356
79.2777
79.2777
79.2777
79.2777
79.2777
79.2777
79.2777
79.2777
79.2777
79.2777
79.2777
79.2777
79.2777
79.2777
79.2777
79.2777
79.1013
79.1013
79.1013
79.1013
79.1013
79.1013
79.1013
79.1013
79.1013
79.1013
79.1013
79.1013
79.1013
79.1013
79.1013
79.1013
79.1013
79.1013
79.1013
79.1013
79.1013
79.1013
78.9769
78.9769
78.9769
78.9769
78.9769
78.9769
78.9769
78.9769
78.9769
78.9769
78.9769
78.9769
78.9769
78.9769
78.9769
78.9769
78.9769
78.9769
78.9769
78.9769
78.9769
78.9769
78.9769
78.9769
78.9769
78.9769
78.9769
78.9769
78.9769
78.9769
78.9769
78.9769
78.9769
78.9769
78.9769
78.9769
78.9769
78.9769
78.9769
78.9769
78.9769
78.5556
78.5556
78.5556
78.5556
78.5556
78.5556
78.5556
78.5556
78.5556
78.5556
78.5556
78.5556
78.5556
78.4304
78.4304
78.4304
78.4304
78.4304
78.26
78.26
78.074
78.074
78.074
78.074
78.074
78.074
78.074
78.0316
78.0316
78.0316
78.0316
78.0316
77.7162
77.7162
77.7162
77.7162
76.9202
76.9202
76.9202
76.9202
76.9202
76.9202
76.9202
76.9202
76.9202
76.9202
76.9202
76.9202
76.9202
76.9202
76.9202
76.9202
76.9202
76.9202
76.9202
76.9202
76.9202
76.9202
76.9202
76.9202
76.9202
76.9202
75.1991
75.1991
75.1991
73.2
73.2
73.2
73.2
73.2
73.2
73.2
73.2
73.2
73.2
72.8847
72.8847
72.8847
72.8847
72.7084
72.7084
72.7084
72.7084
72.7084
72.7084
72.7084
72.1241
72.1241
72.1241
72.1241
72.1241
72.1241
72.1241
72.1241
72.1241
72.1241
72.1241
72.1241
72.1241
72.1241
72.1241
72.1241
72.1241
72.0582
72.0582
72.0568
72.0568
72.0568
72.0568
71.9908
71.9908
71.9908
71.9908
71.9908
71.9908
71.9908
71.9908
71.9908
71.9908
71.9908
71.9908
71.9908
71.9908
71.7072
71.7072
71.7072
71.7072
71.7072
71.7072
71.7072
71.7072
71.7072
71.7072
71.7072
71.7072
71.7072
71.7072
71.7072
71.7072
71.7072
71.7072
71.7072
71.7072
71.7072
71.7072
71.7072
71.7072
71.7072
71.7072
71.7072
71.7072
71.7072
71.7072
71.4217
71.4217
71.4217
71.4217
71.4217
71.4217
71.4217
71.4217
71.4217
71.4217
71.4217
71.4217
71.4217
71.4217
71.4217
71.4217
