2082.85
1839.16
1839.16
1824.08
1793.37
1734.16
1660.45
1624.69
1583.15
1571.78
1538.59
1535.59
1527.86
1452.97
1452.12
1441.72
1426.37
1343.12
1256.35
1220.59
1204.37
1160.51
1128.45
1109.9
1041.26
1014.32
1014.32
979.836
950.359
950.359
950.359
931.933
918.608
890.11
873.107
858.514
843.969
822.396
758.352
753.539
753.539
753.539
745.872
740.867
725.022
725.022
716.256
700.932
666.664
663.213
663.213
643.251
643.251
585.1
585.1
585.1
585.1
572.126
572.126
572.126
568.145
568.145
561.466
557.661
554.616
535.566
535.566
520.903
514.922
509.306
497.523
491.663
491.663
478.948
478.948
466.144
466.144
456.747
437.711
437.711
421.102
412.016
406.521
404.409
402.795
396.596
389.877
389.877
375.444
374.33
367.787
367.787
367.787
367.091
364.196
353.668
353.668
353.668
346.633
344.878
334.535
326.466
326.466
326.466
322.308
318.484
312.922
312.922
310.925
302.397
302.397
302.397
299.038
297.272
297.272
293.944
290.706
289.636
286.913
284.641
284.641
277.247
273.332
273.169
272.099
269.255
264.675
264.675
264.106
262.897
262.072
262.072
260.359
258.782
255.221
255.221
255.221
249.592
248.741
248.741
245.314
243.72
243.72
242.87
241.608
241.608
241.608
241.41
240.307
238.059
235.946
234.897
234.897
230.545
230.228
230.228
225.323
223.872
223.872
223.872
223.627
222.681
218.405
218.405
215.877
211.466
211.466
208.015
208.015
203.145
203.145
203.145
203.091
199.962
199.962
199.962
199.962
198.214
197.42
195.289
195.289
194.495
192.747
192.037
192.037
191.097
190.294
189.349
189.349
188.581
188.581
188.581
187.871
187.871
187.871
186.543
185.833
185.279
185.118
185.118
184.319
183.241
183.241
182.081
182.081
181.12
177.686
175.346
175.346
172.966
172.966
172.171
171.776
169.698
156.754
152.622
151.826
151.826
151.826
151.301
150.79
149.92
149.226
147.924
147.82
147.82
146.499
146.481
146.409
146.223
146.205
144.787
144.101
143.175
143.175
141.73
140.394
140.095
138.482
137.915
137.279
136.151
135.244
134.231
132.578
131.3
131.3
129.201
129.201
129.201
127.601
127.601
127.601
126.875
126.875
126.875
126.875
125.866
125.866
124.997
124.997
124.806
123.749
123.422
122.173
121.959
121.352
120.914
119.665
119.665
118.823
118.823
118.568
118.568
117.748
117.748
117.393
117.393
117.393
117.393
115.758
115.758
115.541
114.908
113.492
113.056
111.414
111.414
111.41
111.41
111.41
111.105
109.382
109.382
109.382
108.713
107.93
107.625
107.625
107.03
106.725
106.219
105.901
105.901
105.901
105.901
105.901
105.901
105.779
105.658
105.658
105.658
105.658
105.658
105.658
103.677
103.677
103.677
103.557
103.557
103.557
103.557
103.557
103.557
103.418
103.418
103.418
103.418
103.418
101.831
101.692
101.692
99.9981
99.9981
99.9981
99.9981
99.9981
99.9981
98.5544
98.4157
98.3132
98.3132
98.3132
98.3132
98.1763
98.1763
98.1763
98.1763
97.8832
97.8832
97.8345
97.8345
97.7463
97.4037
97.4037
97.2797
96.5038
96.5038
96.0806
95.4563
95.4563
95.4563
95.4563
95.4563
95.3105
93.9104
93.9104
93.9104
93.9104
93.9104
93.9104
93.7762
93.7762
93.7762
93.7762
93.5019
93.5019
93.5019
93.2536
92.9793
92.9793
92.9793
92.8655
92.8655
92.8593
92.7455
92.7455
92.4249
92.4249
92.4249
92.3223
91.7065
91.3005
90.7581
90.6616
90.6616
88.7607
88.7607
88.7607
88.7607
88.7607
88.7607
88.7607
88.7607
88.7607
88.0388
88.0388
88.0388
88.0388
88.0388
86.1379
86.1379
86.1379
86.1379
86.1379
86.1379
86.1379
86.1379
85.1895
85.1895
85.1895
85.1895
85.1895
85.1895
85.1895
85.1895
85.1895
84.9634
84.9634
84.8747
84.8747
84.8747
84.6487
84.6487
84.6487
84.0192
83.5813
83.5813
83.5813
83.5813
83.5813
83.5813
83.5813
83.5813
83.5813
83.3804
83.3804
83.121
83.121
83.121
83.121
82.9202
82.9202
82.9202
82.9202
82.8458
82.8458
82.8458
82.8458
82.8458
82.8458
82.6848
82.6104
82.6104
82.6104
82.6104
82.6104
82.6104
82.6104
82.6104
82.6104
81.7793
81.5902
81.5902
81.5902
81.5902
81.5902
81.5902
81.5902
81.4552
80.4046
80.4046
80.2695
80.2695
80.2695
80.2695
80.2695
80.2695
80.2695
80.2695
80.2695
80.2695
80.2695
80.2695
80.2695
80.2695
80.2695
80.2695
80.0681
80.0681
80.0681
80.0681
80.0681
80.0681
80.0681
80.0681
80.0681
80.0681
80.0681
80.0681
80.0681
80.0681
80.0681
80.0681
80.0681
79.9799
79.7561
79.5115
79.5115
79.5115
79.5115
79.5115
79.5115
79.5115
79.5115
79.5115
79.5115
79.5115
79.5115
79.5115
79.103
79.103
79.103
79.103
79.103
79.103
79.0547
79.0547
78.6461
78.6461
78.6461
78.6461
78.6461
78.6461
78.6049
78.6049
78.5002
78.5002
78.5002
78.5002
78.5002
78.5002
78.5002
78.5002
78.5002
78.5002
78.5002
78.5002
78.5002
78.4742
78.4742
78.4742
78.4742
78.4742
78.4742
78.4742
78.4742
78.4742
78.4742
78.4742
78.2265
78.2265
78.2265
78.2265
78.2265
78.2265
78.2265
78.2265
78.2265
78.2265
78.2265
78.2265
78.2265
78.2265
78.2265
78.2265
78.2265
78.2265
78.2265
77.7499
77.7499
77.7499
77.7499
77.7255
77.7255
77.7255
77.7255
77.7255
75.938
75.938
75.938
75.938
75.938
75.938
75.938
75.938
75.938
74.9756
74.9756
74.9756
74.9756
74.9756
74.9756
74.9756
74.9756
74.9756
74.3622
74.3622
72.9403
72.9403
72.9403
72.9403
72.9403
72.9403
72.9403
72.9403
72.9403
72.9403
72.9403
72.9403
72.9403
72.9403
72.9403
72.9403
72.9403
72.744
72.744
72.744
72.744
72.7368
72.7368
72.7368
72.7368
72.7368
72.7368
72.7368
72.4296
72.4296
72.0028
72.0028
72.0028
72.0028
72.0028
71.7249
71.3853
71.3853
71.1074
71.1074
71.1074
71.1074
71.1074
71.1074
70.9138
70.9138
70.9138
70.9138
70.9138
70.9138
70.4084
70.4084
70.4084
70.2148
70.2148
70.2148
70.2148
70.2148
70.2148
70.2148
70.2148
70.2148
70.2148
70.2148
70.2148
70.2148
70.2148
70.2148
70.2148
70.0611
70.0611
70.0611
69.8741
69.432
69.432
69.0428
69.0428
69.0428
69.0428
69.0428
69.0428
69.0428
69.0428
69.0428
69.0225
69.0225
69.0225
69.0225
69.0225
69.0225
69.0225
69.0225
69.0225
69.0225
69.0225
69.0225
69.0225
69.0225
69.0225
69.0225
69.0225
69.0225
69.0225
69.0225
69.0225
69.0225
69.0225
69.0225
69.0225
69.0225
69.0225
69.0225
69.0225
69.0225
69.0225
69.0225
69.0225
69.0225
69.0225
68.4322
68.4322
68.4322
68.4322
68.4322
68.4322
68.4322
68.4322
68.2061
68.2061
68.2061
68.2061
68.2061
68.2061
68.2061
68.2061
68.2061
68.2061
68.2061
68.2061
68.2061
68.2061
68.2061
68.2061
68.2061
68.2061
68.2061
68.2061
68.2061
66.7913
66.7913
66.7913
66.7913
66.7913
66.7913
66.7913
66.7913
66.7913
66.7913
66.7913
66.7913
66.7317
66.7317
66.6142
66.6142
66.6142
66.6142
66.6142
66.6142
66.5546
66.5546
66.5546
66.5546
66.5546
66.5546
66.5546
66.5546
66.5546
66.5546
66.5546
66.5546
66.5546
66.5546
66.5546
66.5546
66.5546
66.5546
66.5546
66.5546
66.5546
66.5546
66.5546
66.5546
66.5546
66.5546
66.5546
66.5546
66.5546
66.5546
66.5546
66.5546
66.5546
66.5546
66.5546
66.5546
66.5546
66.5546
66.5546
66.5546
66.5546
66.5546
66.5546
66.5546
66.5546
66.5546
66.5546
66.5546
66.5546
66.5546
66.5546
66.5546
66.5546
66.5546
66.5546
66.5546
66.5546
66.5546
66.5546
66.5546
66.5546
66.0666
66.0666
66.0666
66.0666
66.0666
66.0666
66.0666
66.0666
66.0666
66.0666
65.3506
65.3506
65.3506
65.3506
65.3506
65.3506
65.3506
65.3506
65.3506
65.3506
65.3506
65.3506
65.3506
65.3506
65.3506
65.3506
65.3506
65.3506
65.3506
65.3506
65.3506
65.3506
65.3506
65.3506
65.3506
65.2942
65.1999
65.035
65.035
65.035
65.035
65.035
65.035
65.035
65.035
65.035
65.035
65.035
65.035
65.035
65.035
65.035
65.035
65.035
65.035
65.035
65.035
65.035
64.9363
64.6578
64.6578
64.6578
64.6578
64.6578
64.6578
64.6578
64.6578
64.6578
64.6578
64.6578
64.0863
64.0863
64.0863
64.0863
64.0863
64.0863
64.0863
64.0863
64.0863
64.0863
64.0863
64.0863
64.0863
64.0863
64.0863
64.0863
64.0863
64.0863
64.0863
64.0863
64.0863
64.0863
64.0863
64.0863
64.0863
64.0863
64.0863
64.0863
64.0863
64.0863
64.0863
64.0863
64.0863
64.0863
64.0863
64.0863
64.0863
64.0863
64.0863
64.0863
64.0863
64.0863
64.0863
64.0863
64.0863
64.0863
64.0863
64.0863
64.0863
64.0863
64.0863
64.0863
64.0863
64.0863
64.0863
64.0863
64.0863
64.0863
64.0863
64.0863
64.0863
64.0863
64.0863
64.0863
64.0863
64.0863
64.0863
64.0863
64.0863
64.0863
64.0863
64.0863
64.0863
64.0863
64.0863
64.0863
64.0863
64.0863
63.9876
63.9876
63.9876
63.9876
63.9876
