2170.48
1917.75
1893.03
1841
1763.15
1705.71
1685.79
1656.11
1619.94
1584.77
1491.52
1482.14
1470.74
1452.23
1380.72
1380.72
1305.82
1305.82
1239.62
1239.01
1222.25
1166.95
1143.43
1136.97
1063.67
1063.67
1057.61
1054.43
1022.97
1022.97
987.452
945.168
945.168
926.635
905.898
905.898
884.615
852.24
827.159
798.467
774.863
727.895
718.638
701.729
672.288
672.288
661.992
661.923
650.158
618.94
618.94
618.94
618.94
609.656
597.967
578.252
578.252
578.252
573.604
571.426
565.016
563.595
551.34
544.4
516.179
512.669
504.623
503.114
502.189
489.758
468.576
461.469
459.301
450.932
448.865
443.875
412.664
412.664
412.664
412.664
412.664
391.629
391.629
388.783
388.783
388.783
382.111
380.089
365.903
362.58
358.848
350.173
348.092
348.092
338.374
337.058
334.788
326.348
320.938
320.938
308.719
308.529
308.415
302.354
300.906
300.906
295.611
292.054
289.595
289.493
287.201
279.568
279.568
279.352
274.561
274.561
270.568
270.316
266.235
262.565
262.565
262.565
258.331
258.331
258.331
252.599
252.599
251.183
248.542
246.976
243.026
242.343
242.343
240.276
237.634
236.897
231.362
228.912
225.392
225.168
222.205
222.205
221.821
221.821
218.647
218.647
218.647
216.128
216.128
215.322
214.554
214.554
208.433
206.939
206.133
204.386
200.604
199.11
198.215
196.476
196.476
194.569
194.569
193.075
192
191.386
189.93
186.405
186.405
186.405
186.405
186.405
185.124
185.124
185.124
185.124
184.815
183.593
183.593
183.593
182.028
182.028
181.301
180.649
179.726
178.385
174.232
171.93
169.532
165.889
165.889
165.197
165.197
165.197
164.79
164.388
164.388
163.248
163.248
163.248
161.372
161.372
161.372
161.372
159.146
159.146
159.146
159.146
158.397
158.397
156.888
156.888
156.888
156.888
156.138
156.138
156.138
154.3
154.3
154.3
154.3
154.3
154.134
153.484
153.484
152.77
152.77
152.77
152.77
152.77
152.518
151.918
151.46
151.009
151.009
151.009
150.387
147.312
147.312
147.312
146.261
146.261
146.261
144.173
143.122
141.718
141.718
141.718
141.238
140.704
140.618
140.618
140.557
139.088
137.894
136.795
136.795
136.795
136.795
136.795
135.913
135.913
135.781
135.264
135.264
135.264
134.583
134.583
133.701
133.249
133.249
132.432
132.432
132.432
132.432
132.432
132.432
132.189
131.718
131.718
131.632
131.614
131.614
131.614
131.162
131.162
131.01
131.01
131.01
130.932
130.002
130.002
129.002
128.439
127.603
127.387
126.444
125.696
125.544
124.778
124.778
123.289
122.523
121.226
121.226
121.226
121.226
121.226
120.386
120.386
120.386
119.706
119.706
119.706
119.706
119.706
118.914
118.914
118.914
118.914
118.788
118.788
118.275
118.275
118.15
118.15
118.15
117.896
117.896
117.896
117.896
117.771
117.771
117.771
117.263
117.263
116.594
116.594
115.293
114.065
114.065
112.468
111.24
111.24
111.24
111.24
111.24
111.24
111.24
110.211
109.599
109.599
109.599
109.599
109.599
109.052
107.941
107.941
107.941
107.394
107.394
107.394
107.394
107.394
105.368
105.368
105.368
102.256
102.256
102.256
102.256
102.256
102.256
102.256
102.256
102.243
101.853
101.853
101.853
101.841
101.841
101.841
101.67
101.444
101.027
101.027
101.027
100.767
99.9943
99.5258
99.5258
99.5258
99.5258
99.5258
99.5258
99.5258
99.5258
99.5258
99.5258
99.5258
99.5258
99.5258
99.5258
98.6716
98.6716
98.6716
98.6716
98.6716
98.0551
98.0196
98.0196
98.0196
97.8211
97.8211
97.1748
96.9409
96.9409
96.9409
96.9409
96.9409
95.6532
95.6532
95.4192
95.4192
95.4192
95.4192
95.4192
95.4192
95.4192
95.4192
95.4192
95.4192
95.4192
95.4192
95.4192
95.4192
95.3013
95.3013
95.3013
95.3013
95.3013
94.4987
94.4987
94.4987
94.4987
94.3867
94.3867
93.2872
93.2872
93.2872
93.2872
93.2872
93.2872
93.2872
93.2872
93.2872
93.2872
93.2872
93.2872
93.2872
93.2872
93.0815
92.1176
92.1176
91.937
91.4175
91.4175
90.835
90.6544
90.6544
90.6544
90.6544
90.6544
88.9713
88.9713
88.4069
87.5506
86.2981
86.2981
85.6704
85.6704
85.6704
85.6704
85.6704
85.0538
85.0538
84.7587
84.4828
84.2944
83.9993
83.3828
83.1069
83.1069
83.1069
82.7274
82.4515
81.603
81.603
81.1266
81.1266
81.1266
80.8477
80.8477
80.8477
80.8477
80.8477
80.8477
80.8477
80.8477
80.8477
80.8477
80.8477
80.8477
80.8477
80.8477
80.8477
80.8477
80.8477
80.6313
80.6313
80.6313
80.6313
80.6313
80.6313
80.6313
80.0823
80.0823
80.0823
80.0823
79.3668
79.3668
79.3668
79.3668
79.3668
79.3668
79.3668
79.3668
79.3668
79.3668
79.343
79.343
79.343
79.1006
79.1006
79.1006
79.1006
79.1006
79.1006
79.1006
78.7648
78.7648
78.7648
78.7648
77.9861
77.9861
77.9861
77.9861
77.6503
77.6503
77.6503
77.6503
77.6503
77.6503
77.6503
77.2164
77.2164
77.2164
77.2164
77.2164
77.2164
77.2164
77.2164
75.9146
75.9146
75.9146
75.9146
75.8823
75.8823
75.8823
75.7226
75.6982
75.6982
75.4419
75.4419
75.3582
75.3582
75.3538
75.3538
75.3538
75.3538
75.3538
75.0748
75.0748
75.0748
74.6267
74.6267
74.6267
74.6267
74.6267
74.6267
74.6267
74.2797
72.4908
72.4908
72.4908
72.4908
72.4908
72.4908
72.4908
72.4908
72.4908
72.3435
72.1496
72.1496
72.1496
72.1496
71.8945
71.8945
71.6189
71.6189
71.3654
71.3654
71.3654
71.3654
71.3654
71.0176
71.0176
71.0176
71.0176
71.0176
71.0176
71.0176
70.4834
70.4834
70.4834
70.1629
70.1629
70.1629
70.1629
70.061
70.061
69.6543
69.5524
69.5524
69.4636
69.4636
69.4636
69.4636
69.4636
69.4636
69.4636
69.4636
69.4636
69.4636
69.4636
69.4636
69.4636
69.4636
69.4636
69.4636
69.4636
69.4636
69.4636
69.4636
69.4636
69.4636
69.4636
69.4636
69.4636
69.4636
69.4636
69.4636
69.4636
69.4636
69.4636
69.4636
69.4636
69.4636
69.4636
69.4636
69.4636
69.4636
69.4636
69.4636
69.4636
69.4636
69.4636
69.4636
69.4636
69.4636
69.4636
69.4636
69.4636
69.4636
69.4636
69.4636
69.4636
69.4636
69.4636
69.4636
69.4636
69.4636
69.4636
69.4636
69.4636
69.4636
69.4636
69.4636
69.4636
69.4636
69.4636
69.4636
69.4636
69.4636
69.4636
69.4636
69.4636
69.4636
69.4636
68.8584
68.8584
68.8584
68.7779
68.7779
68.7779
68.7779
68.7779
68.7779
68.7779
68.7779
68.7779
68.3426
68.3426
68.2622
68.2622
68.2622
68.2622
68.2302
68.2302
68.2302
68.2302
68.2302
68.1841
67.3554
67.3554
67.3554
67.3554
67.3554
67.3554
67.3554
67.2383
67.2383
67.2383
67.2383
67.2383
66.9055
66.9055
66.9055
66.9055
66.9055
66.9055
66.9055
66.9055
66.9055
66.9055
66.9055
66.9055
66.9055
66.9055
66.9055
66.9055
66.7801
66.7801
66.7801
66.7801
66.7801
66.7801
66.7801
66.6808
66.6808
66.6808
66.6808
66.6808
66.6808
66.6808
66.6808
66.6808
66.6808
66.6808
66.6808
66.1379
66.1379
66.1379
66.1379
66.1379
66.1379
66.1379
66.1379
66.1379
66.1379
66.1379
66.1379
66.1379
66.1379
66.1379
66.1379
66.1379
66.1379
66.0614
66.0614
66.0614
66.0614
66.0614
66.0614
66.0614
66.0614
66.0614
66.0614
66.0614
66.0614
66.0614
66.0614
66.0614
66.0614
66.0614
66.0614
66.0614
66.0614
66.0614
66.0614
66.0614
66.0614
66.0614
66.0614
65.4893
65.4893
65.4893
65.4893
65.4893
65.4893
65.4893
65.4893
65.4893
65.4893
65.4893
65.4893
65.4893
65.4893
65.4893
65.4893
65.4893
65.4893
65.4893
65.4893
65.4893
65.4893
65.4893
65.4893
65.4893
65.4893
65.4893
65.4893
65.4893
65.4893
65.4893
65.4893
65.4893
65.4893
65.4893
65.3131
65.3131
65.3131
65.3131
65.3131
65.3131
65.3131
65.3131
65.3131
65.3131
65.3131
65.3131
65.3131
65.3131
65.3131
65.3131
65.3131
65.3131
65.3131
65.3131
65.3131
65.3131
65.3131
65.3131
65.3131
65.3131
65.3131
65.3131
65.3131
65.3131
65.3131
65.3131
65.3131
65.3131
65.3131
65.3131
65.3131
65.3131
65.3131
65.3131
65.3131
65.3131
65.3131
65.3131
65.3131
65.3131
65.3131
65.3131
65.3131
65.3131
65.3131
65.3131
65.3131
65.3131
65.3131
65.3131
65.3131
65.3131
65.3131
65.3131
65.3131
65.3131
65.3131
65.3131
65.3131
65.3131
65.3131
65.3131
65.3131
65.3131
65.3131
65.3131
65.3131
65.3131
65.3131
65.3131
65.3131
65.3131
65.3131
65.3131
65.3131
65.3131
65.3131
65.3131
65.3131
65.3131
65.3131
65.3131
65.3131
65.3131
65.3131
65.3131
65.3131
65.3131
65.3131
65.3131
65.3131
65.3131
65.3131
65.3131
65.3131
65.3131
65.3131
65.3131
65.3131
65.3131
65.3131
65.3131
65.3131
65.3131
65.3131
65.3131
65.3131
65.3131
65.3131
65.3131
65.3131
65.3131
65.3131
65.3131
65.3131
65.3131
65.3131
65.3131
65.3131
65.3131
65.3131
65.3131
65.3131
65.3131
65.3131
