2065.78
2065.78
1921.96
1897.12
1732.86
1732.86
1667.94
1667.94
1561.3
1557.72
1499.35
1470.98
1459.78
1353.4
1339.07
1293.9
1273.93
1248.74
1114.69
1114.69
1114.69
1102.78
1097.97
1068.54
1044.14
995.844
991.94
970.224
970.224
966.23
863.485
863.485
811.819
806.486
806.486
750.63
749.152
705.578
700.508
691.341
691.341
670.788
670.788
662.171
648.795
632.422
617.107
617.107
604.462
596.205
582.507
581.22
555.635
555.635
544.467
534.75
527.611
511.924
506.403
506.403
505.356
494.784
494.784
487.439
482.109
475.441
475.441
465.629
458.907
452.088
443.62
443.62
439.18
426.667
426.667
426.667
419.338
416.381
412.283
407.499
405.81
398.365
398.365
391.543
387.761
387.761
385.213
383.971
383.152
381.041
378.159
378.159
373.839
373.839
365.144
365.144
365.144
365.144
364.592
357.954
357.954
357.954
356.297
351.767
348.932
347.042
344.962
344.604
340.038
337.61
337.61
325.316
325.316
318.504
309.517
309.09
303.929
300.474
300.474
299.92
294.846
292.661
289.094
283.301
281.247
277.038
276.922
276.756
275.724
275.411
274.276
272.017
270.478
270.478
270.474
269.717
268.702
268.216
266.297
265.531
264.034
264.034
260.247
260.247
257.005
257.005
257.005
255.934
252.696
252.696
249.378
247.805
247.805
247.805
244.302
244.302
244.302
237.67
237.67
237.67
234.746
234.432
231.561
230.019
228.324
228.324
226.329
218.455
217.684
216.213
214.575
214.575
212.394
212.394
210.649
210.649
208.221
208.221
208.221
205.92
205.822
205.822
204.55
204.55
204.55
204.164
199.369
199.369
199.369
199.369
199.369
199.369
199.369
196.104
196.104
196.104
196.104
193.74
193.74
193.543
193.543
193.543
192.822
192.822
192.67
192.431
191.551
191.551
188.682
188.682
188.682
187.795
187.186
185.557
184.772
184.772
183.845
183.845
182.444
181.653
179.143
179.143
178.194
177.818
176.106
176.106
176.106
176.106
176.041
174.586
174.586
173.865
171.695
170.511
170.121
169.453
168.392
168.392
168.392
165.23
165.23
165.23
164.168
164.168
162.373
159.597
159.576
158.425
158.425
157.378
156.551
156.316
155.225
155.225
155.225
155.225
154.699
145.753
144.163
144.163
142.932
142.932
142.365
139.073
139.073
139.073
139.073
137.528
137.528
137.528
137.528
137.528
137.528
137.048
137.048
137.048
135.166
135.166
135.166
133.812
133.812
133.812
133.812
133.812
133.812
133.812
133.812
132.334
132.334
132.334
132.334
132.161
124.348
118.079
118.079
118.079
117.403
117.403
117.403
117.403
117.403
117.403
117.403
114.005
113.329
113.329
110.955
110.955
110.955
110.955
110.955
110.955
110.955
110.556
110.395
110.395
110.395
109.519
108.959
108.959
108.959
108.905
108.905
108.905
108.905
108.846
108.846
108.798
105.443
105.443
105.443
105.443
105.391
105.385
105.385
104.737
104.685
102.936
102.302
102.302
102.236
101.596
101.412
101.412
101.412
100.706
100.706
100.696
100.696
100.121
100.121
100.111
99.9682
99.4036
99.4036
98.8184
98.8184
98.8161
98.8161
98.8161
98.8161
98.8161
98.7212
97.9438
97.9438
97.9438
97.9438
97.9438
97.9438
97.3039
97.3039
96.9916
96.9916
96.9916
96.9916
95.2199
95.2199
95.2199
95.0601
94.6041
94.6041
93.2884
93.2884
92.8749
92.6726
92.6726
92.6726
92.6726
92.4945
90.0176
90.0176
90.0176
89.8703
89.8703
89.8703
88.6204
88.5905
88.1349
88.105
88.105
88.105
87.7772
87.7772
87.7772
87.6708
87.6708
87.6708
86.2227
86.2227
86.1752
86.1752
85.7335
85.5996
85.1104
84.7527
84.3637
83.8745
83.8745
83.3371
83.0622
83.0622
83.0622
83.0622
82.2433
82.2433
82.2115
82.2115
82.2115
82.2115
82.2115
82.2115
82.0431
81.9062
81.9062
81.9062
81.9062
81.9062
81.9062
80.8635
80.8635
79.9084
79.4964
78.5413
78.4027
78.4027
76.5749
76.5749
76.5749
76.4362
76.3778
76.0033
75.9791
75.7823
75.7823
75.6043
75.1212
75.1212
75.1212
74.6723
73.7804
73.7804
73.7804
73.601
73.497
73.111
72.8244
72.3345
72.3345
72.3345
72.3345
72.3345
72.3345
72.3345
72.3345
72.2919
72.2919
72.2919
72.2521
71.7423
71.7423
71.6998
71.6998
71.6998
71.66
71.66
71.66
71.66
71.66
71.66
71.66
71.4655
71.3682
71.3292
71.3292
71.3292
70.8812
70.7189
70.7189
69.3466
69.3466
69.3466
69.3466
69.3466
68.9624
68.9624
68.3902
68.3902
68.1025
67.9782
67.4061
67.1184
67.1184
67.1184
67.0852
67.0852
67.0525
66.8123
66.6785
66.6785
66.6785
66.4411
66.4411
66.4411
66.4411
66.4411
66.4411
66.4411
66.4056
66.4056
66.4056
66.4056
66.4056
66.4056
66.4056
66.4056
66.2555
66.2555
66.2555
65.2239
65.2239
65.2239
65.2239
64.5312
64.5312
64.4955
64.4955
64.4955
64.4955
64.4955
64.4955
64.4955
64.4955
64.4955
64.4955
64.4955
64.4955
64.4955
64.1555
64.1555
64.1555
64.1555
64.1555
63.7116
63.7116
63.3716
63.3076
63.073
62.2892
62.2892
62.2892
62.2892
62.2892
62.2892
62.2892
62.2892
62.2892
62.2892
62.2892
62.2892
62.2892
62.2892
62.2892
62.2892
62.2892
62.2892
62.2892
62.2892
62.2892
62.2892
62.2892
62.2892
62.2892
62.2892
62.2892
62.2892
62.2892
62.2892
62.2892
62.2892
62.2892
62.2892
62.2892
62.2892
62.2892
62.2892
62.2892
62.2892
62.2892
62.2892
62.2892
62.2892
62.2892
62.2892
62.2892
62.2892
62.2892
62.2892
62.2892
62.2892
62.2892
62.2892
62.2892
62.2892
62.2892
62.2892
62.2892
62.2892
62.2892
62.2892
62.2892
62.2892
62.2892
62.2892
62.2892
62.2892
62.2892
62.2892
62.2892
62.2892
62.2892
62.2892
62.2892
62.2892
62.2892
62.2892
62.2892
62.2892
62.2892
62.2892
62.2892
62.2892
62.2892
62.2892
62.2892
62.2892
62.2892
62.2892
62.2892
62.2892
62.2892
62.2892
62.2892
62.2892
62.2892
62.2892
62.2892
62.2892
62.2892
62.2892
62.2892
62.2892
62.2892
62.2892
62.2892
62.2892
62.2892
62.2892
62.2892
62.2892
62.2892
62.2892
62.2892
62.2892
62.2892
62.2892
62.2892
61.8624
61.8624
61.8624
61.8624
61.8624
61.8624
61.8624
61.8624
61.8624
61.8624
61.8624
61.8624
61.8624
61.8624
61.8624
61.8624
61.8624
61.8624
61.8624
61.8476
61.8476
61.8476
61.8476
61.8476
61.8476
61.8476
61.8476
61.8476
61.8476
61.8476
61.8476
61.8476
61.8476
61.8249
61.8249
61.8249
61.8249
61.8249
61.8249
61.8249
61.4202
61.4202
61.4202
61.4202
61.4202
61.4202
61.4202
61.4202
61.4202
61.4202
61.4202
61.2805
61.2805
61.2805
61.2805
61.2805
61.2805
61.2805
61.2805
61.2805
61.2805
61.2805
61.2805
61.2805
61.2805
61.2805
60.6171
60.6171
60.6171
60.6171
60.6171
60.2976
60.2976
60.2976
60.2976
60.2976
60.2976
60.2976
60.2976
60.2976
60.2976
60.2976
60.2976
60.2976
60.2976
60.2976
60.2976
60.2976
60.2976
60.2976
60.2976
60.2976
60.2976
60.2976
60.2976
60.2976
60.2976
60.2976
60.2976
60.2976
60.2976
60.2976
60.2976
60.2976
60.2976
60.2976
60.2976
60.2976
60.2976
60.2976
60.2976
60.2976
60.2976
60.2976
60.2976
60.2976
60.2976
60.2976
60.2976
60.2976
60.2976
60.2976
60.2976
60.2976
60.2976
60.2976
60.2976
60.2976
60.2976
60.2976
60.2976
60.2976
60.2976
60.2976
60.2976
60.2976
60.2976
60.2976
60.2976
60.2976
60.2976
60.2976
60.2976
60.2976
60.2976
60.2976
60.2976
60.2976
60.2976
60.2976
60.2631
60.2631
60.2631
60.2631
60.2631
60.2631
60.2631
59.7944
59.7944
59.7944
59.7944
59.7944
59.2409
59.2409
58.9272
58.9272
58.9272
58.9272
58.9272
58.9272
58.9272
58.9272
58.9272
58.9272
58.9272
58.9272
58.9272
58.9272
58.9078
58.9078
58.9078
58.9078
58.9078
58.9078
58.9078
58.9078
58.9078
58.9078
58.9078
58.42
58.42
58.42
58.42
58.42
58.42
58.42
58.42
58.42
58.42
58.42
58.42
58.42
58.42
58.42
58.42
58.42
58.42
58.42
58.42
58.42
58.42
58.42
58.42
58.42
58.42
58.42
58.42
58.42
58.42
58.42
58.42
58.42
58.42
58.42
58.42
58.42
58.42
58.42
58.42
58.42
58.42
58.42
58.42
58.42
58.42
58.42
58.42
58.42
58.42
58.42
58.42
58.42
58.42
58.42
58.42
58.42
58.42
58.42
58.42
58.42
58.42
58.42
58.42
58.42
58.42
58.42
58.42
58.42
58.42
58.42
58.42
58.42
58.42
58.42
58.42
58.42
58.42
58.42
58.42
58.42
58.42
58.42
58.42
58.42
58.42
58.42
58.42
58.42
58.42
58.42
58.42
58.42
58.42
58.42
58.42
58.42
58.42
58.42
58.42
58.42
58.42
58.42
58.42
58.42
58.42
58.42
58.42
58.42
58.42
58.42
58.42
58.42
58.42
58.42
58.42
58.42
58.42
58.42
58.42
58.42
58.42
58.42
58.42
58.42
