2225.66
2053.66
1917.07
1914.42
1684.6
1649
1633.67
1633.33
1559.4
1478.81
1432.39
1396.55
1276.64
1276.64
1230.13
1230.13
1211.33
1184.9
1147.66
1060.67
983.328
983.328
983.328
983.328
962.289
949.085
871.115
850.054
847.022
772.461
745.137
745.137
745.137
731.882
715.524
715.524
685.143
674.735
644.242
644.242
630.798
605.767
605.767
593.233
579.145
568.795
568.795
568.795
560.904
554.25
539.141
539.141
522.918
522.918
518.516
511.615
499.648
499.648
491.802
491.802
481.048
480.457
475.095
472.595
472.595
471.26
469.852
454.577
454.577
446.734
441.092
441.092
428.793
428.793
428.793
428.793
420.322
416.047
415.679
415.249
407.577
405.954
405.954
397.322
397.322
383.561
378.479
378.479
378.479
369.117
369.117
369.117
362.604
360.982
360.15
360.15
353.689
353.689
352.015
344.826
344.826
331.829
331.829
321.654
321.654
309.277
305.279
297.359
286.895
286.895
286.895
276.485
276.485
273.659
270.562
267.737
263.95
263.95
263.95
263.95
260.617
260.617
260.617
260.216
257.096
255.829
255.265
252.156
250.325
248.71
246.401
245.481
243.933
243.933
243.933
243.013
243.013
242.591
242.591
238.88
238.88
237.099
237.099
237.099
236.172
234.154
234.154
234.154
230.802
228.114
228.114
228.114
226.225
220.979
218.881
218.881
215.999
215.999
210.249
210.249
199.45
198.941
198.456
196.811
195.451
190.191
190.191
189.331
189.331
187.043
187.043
186.214
185.365
184.998
179.596
179.596
179.596
176.423
176.423
176.423
175.159
175.159
174.633
174.633
172.605
172.605
172.605
172.211
171.328
171.328
171.029
170.439
169.701
166.03
166.03
166.03
164.634
164.634
164.634
164.52
162.593
162.574
162.574
162.574
162.565
159.765
159.765
159.765
159.765
159.765
158.506
158.506
158.506
158.379
157.257
156.295
155.446
155.035
154.494
154.494
154.493
153.354
152.798
152.278
151.116
150.582
150.582
149.565
146.005
146.005
146.005
145.456
143.506
141.042
140.553
138.849
137.659
137.659
136.919
136.851
136.851
136.85
135.711
135.668
135.604
134.415
134.415
133.984
133.984
132.846
132.846
132.846
132.846
132.647
132.647
132.647
131.711
131.711
131.711
131.659
131.659
131.659
131.659
131.573
131.06
130.637
130.637
130.637
130.161
129.597
129.597
129.121
129.121
129.121
129.121
126.077
126.077
124.19
123.304
123.198
123.198
123.198
123.198
123.198
123.198
123.198
123.198
122.47
122.47
121.412
121.412
120.565
120.565
120.565
119.895
119.895
119.098
119.098
119.098
118.399
118.377
118.377
118.377
118.377
118.377
116.614
116.614
116.614
116.614
116.614
114.93
114.93
114.93
114.93
113.773
113.773
113.773
113.773
113.773
113.773
113.773
113.773
113.773
113.439
113.439
113.439
113.439
113.439
112.576
111.76
111.76
111.76
111.76
110.763
110.763
110.246
110.246
109.997
109.997
109.997
109.701
109.451
107.756
107.506
107.506
107.461
106.893
106.848
102.48
101.866
101.866
101.866
101.849
100.658
100.658
100.658
100.658
100.658
100.108
100.108
99.819
99.819
99.7618
99.4731
99.4731
99.4731
98.8781
98.8781
98.8781
98.8781
98.8781
98.8781
95.4562
95.4562
95.4562
95.4562
95.4562
95.4562
95.4562
93.2048
93.2048
93.2048
93.2048
93.2048
93.2048
93.2048
93.2048
93.2048
93.2048
93.2048
93.2048
93.2048
92.0113
92.0113
91.5808
91.5808
91.5808
91.4609
91.4609
91.4609
91.3933
91.3933
90.9598
90.84
90.84
90.5391
90.5391
90.5391
90.5391
90.5391
90.5391
90.4367
90.072
90.072
90.072
90.072
90.072
88.8846
88.8846
88.3813
88.3524
88.3524
88.3524
88.3524
88.3524
88.2704
87.6655
87.6655
87.6655
87.5835
87.311
87.037
87.037
87.037
87.037
87.037
87.037
86.4982
86.0941
85.4072
85.2692
85.2692
84.5823
84.5823
84.5823
84.5823
84.5823
84.5823
84.5823
84.5823
83.7739
83.7739
82.9619
82.9619
82.9619
82.9619
82.9619
82.9619
82.9619
82.9619
82.9619
82.9619
82.9619
82.9619
82.9619
82.9619
82.9619
82.9619
82.9619
82.9619
82.9619
82.3305
82.3305
81.4705
81.4705
81.4705
81.4705
81.4705
81.4705
81.4705
81.4705
81.4705
81.4705
81.4705
81.4705
81.4705
81.4705
81.4705
81.4705
81.4705
81.4705
81.4705
81.4705
81.2478
81.2478
81.2478
81.2478
80.8552
80.8552
80.8552
80.8552
80.1483
79.8637
79.0525
79.0525
79.0525
79.0525
79.0525
79.0525
79.0525
79.0525
79.0525
79.0525
79.0525
79.0525
79.0525
79.0525
79.0525
78.8071
78.8071
78.8071
78.6515
78.6515
78.5857
78.5857
78.2636
78.2636
78.108
78.108
78.108
78.108
78.108
78.108
78.108
77.8273
77.8273
77.8273
77.8273
77.7441
77.7441
77.7441
77.7441
77.7441
74.9121
74.8541
74.8541
74.8541
74.8289
74.8289
74.5482
74.5482
74.5482
74.5482
74.5482
73.7649
73.7649
73.7649
73.7649
73.7649
73.7649
73.6723
73.6723
73.6723
73.0752
73.0752
73.0752
73.0752
73.0752
73.0752
73.0752
73.0752
73.0752
73.0752
73.0752
73.0752
73.0752
73.0752
73.0752
72.8738
72.8738
72.8738
72.8738
72.8738
72.8738
72.8738
72.8738
72.8738
72.8738
72.8738
72.8738
72.8738
72.8738
72.8738
72.8738
72.1206
72.1206
72.1206
72.1206
72.1206
72.1206
72.1206
72.1206
72.1206
72.1206
72.1206
72.1206
72.1206
71.6546
71.6546
71.6546
71.6546
71.6546
71.6546
71.6546
71.6546
71.6546
71.6546
71.3218
71.3218
71.3218
71.3218
71.1704
71.1704
71.1704
71.1704
71.1704
71.1704
70.9877
70.9877
70.9877
70.9877
70.9877
70.9877
70.9877
70.9877
70.9877
70.9877
70.9109
70.9109
70.9109
70.9109
70.8066
70.8066
70.8066
70.8066
70.8066
70.8066
70.8066
70.8066
70.8066
70.8066
70.8066
70.8066
70.8066
70.8066
70.8066
70.8066
70.8066
70.8066
70.8066
70.8066
70.6248
70.6248
70.6248
70.6248
70.6248
70.6248
70.6248
70.6248
70.6248
70.6248
70.6248
70.6248
70.6248
70.6248
70.6248
70.6248
70.6248
70.6248
70.6248
69.7165
69.7165
69.7165
69.7165
69.7165
69.7165
69.7165
69.7165
69.7165
69.7165
69.7165
69.7165
69.7165
69.7165
69.7165
69.7165
69.7165
69.7165
69.7165
69.5048
69.5048
69.5048
69.5048
69.5048
69.5048
69.5048
69.5048
69.5048
69.5048
69.5048
69.5048
69.5048
69.5048
69.1444
69.1444
69.1444
69.1444
69.1444
69.1444
69.1444
69.1444
69.1444
68.8106
68.8106
68.8106
68.5263
68.5263
68.5263
68.5263
68.5263
68.5263
68.5263
68.5263
68.5263
68.5263
68.5263
68.5263
68.5263
68.5263
68.5263
68.5263
68.5263
68.5263
68.5263
68.5263
68.5263
68.5263
68.5263
68.5263
68.5263
68.5263
68.5263
68.5263
68.5263
68.5263
68.5263
68.5263
68.5263
68.5263
68.5263
68.5263
68.5263
68.5263
68.5263
68.5263
68.148
68.148
68.148
68.148
68.148
68.148
68.148
68.148
68.148
68.148
68.148
68.0819
68.0819
68.0819
68.0819
68.0819
68.0819
68.0819
68.0819
68.0819
68.0819
68.0819
68.0819
68.0819
68.0819
68.0558
68.0558
68.0558
68.0558
68.0558
68.0558
68.0558
68.0558
68.0558
68.0558
68.0558
68.0558
68.0558
68.0558
68.0558
68.0558
68.0558
68.0558
68.0558
68.0558
68.0558
68.0558
68.0558
68.0558
68.0558
68.0558
68.0558
68.0558
68.0558
68.0558
68.0558
67.0835
67.0835
67.0835
67.0835
67.0835
67.0835
67.0835
67.0835
67.0835
67.0835
67.0835
67.0835
67.0835
67.0835
67.0835
67.0835
67.0835
67.0835
67.0835
67.0835
67.0835
67.0835
66.4007
66.4007
66.4007
66.4007
66.4007
66.4007
66.4007
66.4007
66.4007
66.4007
66.2988
66.2988
66.2988
66.2988
66.2988
66.2988
66.2988
66.2988
66.2988
66.2988
66.2988
66.2988
66.2988
66.2988
66.2988
66.2988
66.2988
66.2988
66.2988
66.2988
66.2988
66.2988
66.2988
66.2988
66.2988
66.2988
66.2988
66.2988
66.2988
66.2988
66.2988
66.2988
66.2988
66.2988
66.2988
66.2988
66.2988
66.2988
66.2988
66.2988
66.2988
66.2988
66.2988
66.2988
66.2988
66.2988
66.2988
66.2988
66.2988
66.2988
66.2988
66.2988
66.2988
66.2988
66.2988
66.2988
66.2988
66.2988
66.2988
66.2988
66.2988
66.2988
66.2988
66.2988
66.2988
66.2988
66.2988
66.2988
66.2988
66.2988
66.2988
66.2988
66.2988
65.467
65.467
65.467
65.467
65.467
65.467
65.467
65.467
65.467
65.467
65.467
65.467
65.467
65.467
65.467
65.467
65.467
65.467
65.467
65.467
65.467
65.467
65.467
65.467
65.467
65.467
65.467
65.467
65.467
65.467
65.467
65.467
65.467
65.467
65.467
65.467
65.467
65.467
65.467
65.467
65.467
65.467
65.467
65.467
65.467
65.467
65.467
65.467
65.467
65.467
65.467
65.467
65.467
65.467
65.467
65.467
65.467
65.467
65.467
65.467
65.467
65.467
65.467
65.467
65.467
65.467
65.467
65.467
65.467
65.467
65.467
65.467
65.467
65.467
