2208.86
2048.47
1937.09
1937.09
1827.17
1755.6
1744.38
1593.44
1549.66
1458.23
1458.23
1458.23
1356.38
1319.8
1278.58
1278.58
1278.58
1243.88
1243.88
1224.75
1200.94
1186.45
1154.47
1110.9
1071.08
1024.04
1024.04
980.47
976.993
960.066
949.603
940.367
938.469
925.404
898.819
892.794
874.068
823.515
823.515
813.496
797.501
768.068
760.945
760.945
753.061
746.72
740.778
732.151
723.875
711.296
703.038
703.038
696.146
687.142
653.307
633.536
633.536
633.536
629.018
620.858
608.352
595.674
574.991
574.991
568.829
555.038
550.162
529.222
511.164
511.164
493.346
487.375
477.542
469.767
469.767
469.767
466.094
460.602
459.668
451.132
451.132
448.019
448.019
447.484
438.959
432.26
426.295
415.967
407.662
405.713
401.066
389.82
389.82
381.592
380.361
372.364
371.654
367.797
366.147
359.45
359.33
356.365
355.337
355.306
350.916
350.916
340.886
335.342
331.873
330.931
330.198
329.6
328.658
326.792
325.071
321.932
321.264
318.586
317.478
316.765
314.257
312.928
308.234
306.146
302.328
301.362
300.133
297.965
297.965
297.537
297.367
294.336
294.336
292.129
287.563
282.83
281.819
275.532
275.532
273.096
270.361
269.143
268.987
267.009
264.087
263.184
260.229
260.229
259.194
257.31
257.31
251.87
251.87
248.701
248.701
244.783
244.783
239.578
239.578
233.439
229.548
229.548
221.882
221.882
221.882
221.882
210.597
202.522
202.522
200.601
200.204
190.568
190.568
188.25
188.25
188.25
188.25
188.25
187.839
182.631
182.631
181.917
181.917
181.917
181.917
181.917
180.802
180.327
179.555
176.545
176.545
176.545
174.922
174.922
172.348
172.348
170.436
164.282
161.292
160.875
159.024
159.024
158.9
153.626
153.626
153.107
153.107
148.103
148.103
148.103
146.668
146.668
145.296
145.296
143.861
143.861
142.983
141.548
141.548
140.19
140.19
138.754
138.754
138.297
138.297
138.297
137.363
137.288
137.288
137.288
136.354
136.354
135.853
135.813
134.844
133.91
133.91
133.817
132.643
132.108
132.108
131.46
131.46
131.367
131.367
129.748
129.748
128.596
127.886
127.886
127.886
127.886
126.267
126.267
126.267
126.267
125.214
125.214
125.214
125.214
124.195
124.195
124.195
124.195
122.661
122.661
122.534
122.534
122.534
122.488
120.798
120.798
120.798
120.498
120.498
120.198
120.198
120.198
120.198
119.441
119.441
119.441
119.441
119.14
119.14
119.14
119.14
118.593
118.593
118.593
118.593
118.593
118.593
118.593
118.491
118.491
118.491
118.47
118.367
118.367
117.821
117.821
117.821
117.821
117.719
117.617
117.595
116.845
116.845
116.626
116.559
116.559
116.559
115.993
111.874
111.874
111.874
111.874
110.816
110.816
110.477
110.477
110.477
110.477
109.418
109.418
109.418
109.418
109.418
108.665
108.665
108.665
107.941
107.941
107.683
107.683
107.277
106.95
106.95
106.95
106.929
106.929
106.929
106.211
105.972
105.269
104.333
104.305
104.305
104.204
103.601
103.601
103.601
103.493
103.493
103.073
102.816
102.111
101.447
101.312
100.755
100.755
100.755
100.53
99.9729
99.9729
99.9623
99.9623
99.9623
99.9623
99.9431
99.9325
99.9325
99.0586
99.0288
99.0288
99.0288
99.0288
99.0288
99.0288
99.0288
99.0288
99.0288
99.0288
99.0288
99.0288
99.0288
99.0288
99.0288
99.0288
99.0288
97.0763
97.0763
97.0763
97.0763
97.0763
97.0763
97.0763
97.0763
96.1735
96.1735
96.1735
96.1735
96.1735
96.1735
96.1735
96.1735
96.1735
96.1735
96.1735
96.1735
96.1735
96.1735
96.1735
96.1735
95.3674
95.3674
95.3674
95.3674
95.3674
95.1833
95.1833
95.1833
95.1833
94.3063
94.1346
94.1346
93.0655
93.0655
93.0655
93.0655
92.1973
92.1973
92.1973
92.1973
92.1973
92.1973
92.1973
92.1973
92.1973
92.1973
92.1973
92.1973
92.1973
92.1973
92.1973
92.1973
90.6701
90.6701
90.6701
90.6701
89.4697
89.4697
89.4697
89.4697
89.4697
89.4697
89.1034
89.1034
89.1034
89.1034
89.1034
89.1034
89.1034
89.1034
89.1034
89.1034
89.1034
89.1034
89.1034
89.1034
89.0096
89.0096
89.0096
89.0096
89.0096
88.8992
88.7889
88.7889
88.7889
88.391
88.1869
88.1869
88.1869
88.1869
88.1869
88.1869
88.0931
88.0931
88.0931
88.0931
87.8488
87.7551
87.7551
87.7551
87.5943
87.5943
87.5943
87.5943
87.5943
87.5625
87.5625
87.5625
87.5625
87.5625
87.5625
87.5625
87.4968
87.4968
86.917
86.917
86.8513
86.8513
86.8513
86.8513
86.8513
86.8513
86.8513
86.8513
86.8513
86.8513
86.8513
86.8513
86.8513
86.8513
86.8513
86.8513
86.8513
86.8513
86.8513
86.8513
86.8513
86.8464
86.8464
86.8464
86.8464
86.8181
86.8181
86.8181
86.8181
86.8181
86.8181
86.8181
86.3584
86.3584
86.3584
86.3584
86.3584
86.3584
86.3584
86.3584
86.3584
86.3584
86.3584
86.3584
86.3584
86.3584
86.3584
86.3584
86.3584
86.3584
86.3584
86.3584
86.3584
86.3584
86.1487
86.1487
86.1487
86.1313
86.1313
86.1313
85.9129
85.9129
85.8955
85.8588
85.8588
85.8588
85.8588
85.8588
85.8588
85.8588
85.8588
85.8588
85.8588
85.3592
85.3592
85.3592
85.3592
85.3592
85.3592
85.3592
85.3592
85.3592
85.3592
85.3592
85.3592
85.3592
85.3592
85.3592
85.3592
85.3592
85.3472
85.3472
85.3472
85.3472
85.3472
85.3472
85.3472
85.3472
85.3472
85.3472
85.3472
85.3472
85.3472
85.3472
85.3472
85.3472
85.3472
85.3472
85.3472
85.3472
85.3472
85.3472
85.3472
85.3472
84.6754
84.6754
84.6754
84.6754
84.6754
84.6754
84.6754
84.6754
84.6754
84.6754
84.6754
84.6754
84.6754
84.6754
84.6754
84.6754
84.6754
84.6754
84.6754
84.6754
84.6754
84.6754
84.6754
84.6754
84.6754
84.6754
84.6754
84.6754
84.6754
84.6754
84.6754
84.6754
84.6754
84.6754
84.6754
84.6754
84.6754
84.6754
84.6754
84.6754
84.6754
84.6754
84.6754
84.6754
84.6754
84.6754
84.6754
84.6754
84.6754
84.6754
84.6754
84.6754
84.6754
84.6754
84.6754
84.3861
84.3861
84.3861
84.3861
84.3861
84.3861
84.3861
84.3861
84.3861
84.3861
84.3861
84.3861
84.3861
84.3861
84.3861
84.3861
84.3861
84.3861
84.3861
84.3861
84.3861
84.3861
84.3861
84.3861
84.3861
84.3861
84.3861
84.3861
84.3861
84.2165
84.2165
84.2165
84.2165
84.2165
84.2165
84.2165
84.2165
84.2165
84.2165
84.2165
84.2165
84.2165
84.1807
84.1807
84.1807
84.1807
84.1807
84.1807
84.1807
84.1807
84.1807
84.1807
84.1807
84.1807
83.999
83.7982
83.7982
83.7982
83.7982
83.7982
83.7982
83.7515
83.7515
83.2289
83.2289
83.2289
83.2289
83.2289
83.2289
83.2289
83.2289
83.2289
83.2289
83.2289
83.2289
83.2289
83.2289
83.2289
83.2289
83.2289
83.2289
83.2289
83.2289
83.2289
83.2289
83.2289
83.2289
83.2289
83.2289
83.2289
83.2289
83.2289
83.2289
83.2289
83.2289
83.2289
83.2289
83.2289
83.2289
83.2289
83.2289
83.2289
83.2289
83.2289
83.2289
83.2289
83.2289
81.9018
81.9018
81.9018
81.9018
81.9018
81.9018
81.9018
81.9018
81.9018
81.9018
81.9018
81.9018
81.9018
81.9018
81.9018
81.9018
81.9018
81.9018
81.9018
81.9018
81.9018
81.9018
81.9018
81.9018
81.9018
81.9018
81.9018
81.9018
81.9018
81.9018
81.9018
81.9018
81.9018
81.9018
81.9018
81.9018
81.9018
81.9018
81.9018
81.9018
81.9018
81.9018
81.9018
81.9018
81.9018
81.9018
81.9018
81.9018
81.9018
81.9018
81.9018
81.9018
81.9018
81.9018
81.9018
81.9018
81.9018
81.9018
81.9018
81.9018
81.9018
81.9018
81.9018
81.9018
81.9018
81.9018
81.9018
81.9018
81.9018
81.9018
81.9018
81.9018
81.9018
81.9018
81.9018
81.9018
81.8744
81.8744
81.8744
81.8744
81.8744
81.8744
81.8744
81.8744
81.8744
81.8744
81.8744
81.8744
81.8744
81.8744
81.8744
81.8744
77.9877
77.9877
77.9877
77.9877
77.9877
77.9877
77.9877
77.9877
77.9877
77.9877
77.9877
77.9877
77.9877
77.9877
77.9877
77.9877
77.9877
77.9877
77.9877
77.9877
77.9877
77.9877
77.9877
77.9877
77.9877
77.9877
77.9877
77.3244
77.3244
77.3244
77.3244
77.3244
77.3244
77.0737
77.0737
77.0737
77.0737
77.0737
77.0737
77.0737
77.0737
77.0737
77.0737
77.0737
77.0737
77.0737
77.0737
77.0737
77.0737
77.0737
77.0737
77.0737
77.0737
77.0737
77.0737
77.0737
77.0737
77.0737
77.0737
77.0737
77.0737
77.0737
77.0737
77.0737
77.0737
77.0737
77.0737
77.0737
77.0737
77.0737
77.0737
77.0737
76.655
76.655
76.655
76.655
76.655
76.655
76.655
76.655
76.655
76.655
76.655
76.655
76.655
76.655
76.655
76.655
76.655
76.655
76.655
76.655
76.655
76.655
76.655
76.023
76.023
76.023
76.023
76.023
76.023
76.023
76.023
75.4972
75.4972
75.4972
75.4972
75.4972
75.4972
75.4972
75.4972
75.4972
75.4972
75.4972
75.4972
75.4972
75.4972
75.4972
75.4972
75.4972
75.4972
