2734.86
2590.47
2447.51
2316.85
2203
2119.95
2044.73
1974.81
1898.47
1817.21
1742.3
1685.56
1638.37
1588.45
1533.09
1485.19
1447.34
1403.84
1373.25
1349.25
1318.6
1287.35
1257.48
1222.76
1185.85
1158.11
1132.59
1108.35
1080.27
1054.03
1030.84
1009.75
988.279
963.916
933.625
899.402
867.288
831.605
802.941
767.401
744.563
728.457
716.459
705.193
695.737
685.894
675.481
664.373
653.759
640.25
627.717
614.605
605.794
596.806
588.961
578.94
567.735
562.137
555.464
545.695
536.255
528.181
521.915
514.523
508.827
505.768
500.755
497.666
492.611
485.628
479.947
472.468
466.334
457.06
452.133
444.885
439.733
434.029
429.894
426.266
421.259
415.355
410.478
407.952
405.637
402.295
398.424
394.112
391.154
389.988
388.312
386.942
385.554
385.43
384.748
383.681
380.316
378.589
379.303
378.921
376.659
380.418
378.315
370.507
368.097
366.248
361.987
357.22
353.356
350.066
349.252
345.805
342.803
338.983
335.448
330.259
324.538
318.006
312.791
310.077
305.189
303.012
300.449
296.856
292.391
287.432
284.757
282.29
280.991
279.371
277.881
276.568
275.789
275.192
274.278
273.37
272.43
271.684
271.211
270.637
270.027
267.914
265.999
264.922
264.466
264.16
263.525
262.332
260.878
259.64
257.945
256.098
254.982
252.618
251.44
249.439
247.86
246.74
245.455
244.148
243.538
241.949
239.909
238.004
236.106
234.466
232.104
230.018
228.617
227.924
225.937
224.969
221.327
219.489
217.707
216.406
216.47
215.72
214.906
216.085
214.862
214.512
214.37
214.59
212.148
210.172
207.298
205.589
205.33
204.736
203.557
202.515
201.904
201.57
202.142
204.585
207.617
205.718
200.643
198.191
196.165
195.32
193.805
193.693
193.603
193.455
193.221
192.942
192.691
192.396
192.089
191.532
190.769
189.781
189.304
188.852
188.662
188.605
187.954
187.07
186.503
186.409
186.221
184.524
183.445
181.726
179.936
178.37
177.668
176.97
176.586
176.288
175.978
175.575
174.887
174.008
173.408
172.222
170.976
170.169
169.266
168.856
168.454
168.054
167.095
165.621
164.286
162.889
161.204
160.058
159.328
158.568
157.796
157.238
156.745
156.505
156.417
156.188
155.65
153.668
148.37
145.394
144.546
143.705
143.126
142.766
142.418
142.052
141.727
140.803
139.842
139.08
138.861
138.816
138.593
138.76
138.464
138.228
137.764
137.141
136.599
136.041
136.128
136.817
138.137
141.78
145.376
147.432
148.21
141.971
138.616
134.509
133.813
133.944
133.313
129.244
123.811
119.435
118.061
118.027
117.916
117.702
117.505
117.4
117.361
117.168
116.184
114.301
113.358
113.284
113.213
112.978
112.46
111.76
111.273
110.955
110.88
110.965
111.061
110.685
110.269
109.78
109.369
109.024
108.958
108.955
108.949
108.934
108.911
108.966
108.945
109.877
109.011
108.141
107.992
107.532
106.422
106.117
105.676
105.733
105.044
104.509
104.108
105.099
104.593
104.263
102.743
102.648
101.514
101.143
100.865
100.741
100.625
100.451
100.264
100.114
99.9994
99.8447
99.5846
99.1924
98.9306
98.8174
98.8167
98.8136
98.7999
98.748
98.5814
98.2472
98.0399
97.9431
97.94
97.9295
97.9034
97.811
97.5462
97.2911
97.101
96.9923
96.8965
96.6788
96.4419
96.1309
95.8146
95.36
94.783
94.381
94.1414
93.1684
92.8583
92.712
92.5812
92.1715
91.0601
90.2977
90.0164
89.9995
89.877
89.5263
88.9361
88.5652
88.4705
88.2949
88.1254
88.0786
87.996
87.8505
87.7513
87.7078
87.6758
87.628
87.5422
87.3368
86.9014
86.5403
86.191
85.9715
85.6992
85.3857
85.0634
84.8374
84.3632
83.8298
83.472
83.2515
83.1158
83.0581
82.9924
82.8109
82.5012
82.2592
82.2147
82.2114
82.2109
82.2091
82.1996
82.1715
82.1189
82.1058
82.0339
81.8916
81.7402
81.29
80.8186
80.4799
79.7854
79.1789
78.7545
78.5066
78.4424
78.2786
77.9416
77.2649
76.6478
76.3023
76.0789
75.9842
75.8626
75.731
75.6024
75.4663
75.2723
74.9941
74.666
74.3138
73.9855
73.7305
73.5195
73.3385
73.1453
72.966
72.6987
72.4743
72.3345
72.3345
72.3344
72.3342
72.333
72.3294
72.3172
72.3011
72.2808
72.2545
72.1895
72.0714
71.9213
71.7605
71.6775
71.6632
71.66
71.66
71.6586
71.6556
71.6436
71.6121
71.5399
71.4769
71.4228
71.3412
71.2527
71.0234
70.8531
70.5379
69.9609
69.5981
69.4013
69.3401
69.3061
69.1904
68.8652
68.5983
68.3647
68.0919
67.7346
67.4095
67.2429
67.1669
67.1252
67.1022
67.0704
66.9871
66.8307
66.7069
66.6336
66.5366
66.4531
66.4411
66.4411
66.441
66.4406
66.4388
66.4319
66.4179
66.4079
66.4056
66.4056
66.4055
66.4047
66.4029
66.3943
66.3716
66.3046
66.2298
66.0981
65.7993
65.4159
64.9465
64.7141
64.5984
64.508
64.4955
64.4955
64.4955
64.4955
64.4955
64.4955
64.4955
64.4955
64.4951
64.4951
64.4904
64.4792
64.4358
64.3093
64.2121
64.1437
64.1012
63.9685
63.672
63.3449
62.9206
62.529
62.3326
62.2892
62.2892
62.2892
62.2892
62.2892
62.2892
62.2892
62.2892
62.2892
62.2892
62.2892
62.2892
62.2892
62.2892
62.2892
62.2892
62.2892
62.2892
62.2892
62.2892
62.2892
62.2892
62.2892
62.2892
62.2892
62.2892
62.2892
62.2892
62.2892
62.2892
62.2892
62.2892
62.2892
62.2892
62.2892
62.2892
62.2892
62.2892
62.2892
62.2892
62.2892
62.2892
62.2892
62.2892
62.2892
62.2892
62.2892
62.2892
62.2892
62.2892
62.2892
62.2892
62.2892
62.2892
62.2892
62.2892
62.2892
62.2892
62.2892
62.2892
62.2892
62.2892
62.2892
62.2892
62.2892
62.2892
62.2892
62.2892
62.2892
62.2892
62.2892
62.2892
62.2892
62.2892
62.2892
62.2892
62.2892
62.2892
62.2892
62.2892
62.2892
62.2892
62.2892
62.2892
62.2892
62.2892
62.2892
62.2892
62.2892
62.2892
62.2892
62.2892
62.2892
62.2892
62.2892
62.2892
62.2892
62.2892
62.2892
62.2892
62.2892
62.2892
62.2892
62.2892
62.2892
62.2892
62.2892
62.2892
62.2892
62.2892
62.2892
62.2892
62.2892
62.2892
62.2879
62.2815
62.261
62.1932
62.0182
61.8927
61.8624
61.8624
61.8624
61.8624
61.8624
61.8624
61.8624
61.8624
61.8624
61.8624
61.8624
61.8624
61.8624
61.8624
61.8623
61.8619
61.8605
61.8559
61.8502
61.8476
61.8476
61.8476
61.8476
61.8476
61.8476
61.8476
61.8476
61.8476
61.847
61.8444
61.8348
61.8259
61.8249
61.8249
61.8241
61.8228
61.8188
61.8063
61.7484
61.6302
61.5076
61.4202
61.4202
61.4202
61.4202
61.4199
61.4185
61.4129
61.3911
61.3387
61.2933
61.2805
61.2805
61.2805
61.2805
61.2805
61.2805
61.2805
61.2805
61.2805
61.2792
61.26
61.1784
60.9097
60.6709
60.6168
60.6152
60.6079
60.5702
60.4734
60.3683
60.3246
60.3018
60.6942
63.9938
67.1562
71.2246
76.7018
82.7019
86.9051
91.1792
84.3494
68.556
64.5967
60.2976
60.2976
60.2976
60.2976
60.2976
60.2976
60.2976
60.2976
60.2976
60.2976
60.2976
60.2976
60.2976
60.2976
60.2976
60.2976
60.2976
60.2976
60.2976
60.2976
60.2976
60.2976
60.2976
60.2976
60.2976
60.2976
60.2976
60.2976
60.2976
60.2976
60.2976
60.2976
60.2976
60.2976
60.2976
60.2976
60.2976
60.2976
60.2976
60.2976
60.2976
60.2976
60.2976
60.2976
60.2976
60.2976
60.2976
60.2976
60.2976
60.2976
60.2976
60.2976
60.2976
60.2976
60.2976
60.2976
60.2976
60.2976
60.2976
60.2976
60.2976
60.2975
60.2973
60.2961
60.2907
60.2767
60.2631
60.2622
60.2606
60.2573
60.2484
60.2172
60.1363
60.0148
59.9222
59.7811
59.6976
59.4339
59.1215
59.0136
58.9369
58.9272
58.9272
58.9272
58.9272
58.9272
58.9272
58.9272
58.9272
58.9271
58.9267
58.9254
58.9218
58.9153
58.9115
58.9078
58.9078
58.9078
58.9078
58.9073
58.9064
58.9025
58.88
58.7917
58.5887
58.4631
58.42
58.42
58.42
58.42
58.42
58.42
58.42
58.42
58.42
58.42
58.42
58.42
58.42
58.42
58.42
58.42
58.42
58.42
58.42
58.42
58.42
58.42
58.42
58.42
58.42
58.42
58.42
58.42
58.42
58.42
58.42
58.42
58.42
58.42
58.42
58.42
58.42
58.42
58.42
58.42
58.42
58.42
58.42
58.42
58.42
58.42
58.42
58.42
58.42
58.42
58.42
58.42
58.42
58.42
58.42
58.42
58.42
58.42
58.42
58.42
58.42
58.42
58.42
58.42
58.42
58.42
58.42
58.42
58.42
58.42
58.42
58.42
58.42
58.42
58.42
58.42
58.42
58.42
58.42
58.42
58.42
58.42
58.42
58.42
58.42
58.42
58.42
58.42
58.42
58.42
58.42
58.42
58.42
58.42
58.42
58.42
58.42
58.42
58.42
58.42
58.42
58.42
58.42
58.42
58.42
58.42
58.42
58.42
58.42
58.42
58.42
58.42
58.42
58.42
58.42
58.42
58.42
58.42
