2737.61
2603.65
2472.19
2367.82
2283.59
2190.68
2100.49
2031.35
1972.16
1899.75
1840.14
1773.54
1701.33
1617.23
1575.49
1533.2
1506.99
1475.95
1447.57
1420.16
1388.61
1341.1
1296.03
1259.81
1218.41
1176.64
1139.4
1104.88
1078.61
1050.93
1026.25
1006.75
987.907
965.804
952.475
934.001
920.526
902.99
885.527
871.431
860.012
843.382
831.133
820.79
809.814
797.96
784.963
774.836
763.661
756.834
742.757
731.148
716.713
702.617
688.056
675.939
667.673
663.787
651.896
638.798
622.314
604.61
593.576
580.909
575.469
570.269
567.846
565.4
567.004
568.849
573.587
568.616
553.692
543.802
527.654
512.143
501.541
494.53
487.633
484.291
477.475
472.797
467.35
462.586
458.927
455.523
452.514
448.388
442.068
436.507
431.663
426.12
419.377
414.022
409.427
404.339
398.433
390.146
385.413
379.956
373.562
368.539
365.07
362.348
358.357
354.746
352.021
349.639
347.996
345.36
341.323
335.741
328.207
324.286
322.532
320.649
317.889
314.419
312.044
309.242
305.555
301.753
298.86
296.401
294.004
292.282
290.822
289.747
287.439
285.265
282.707
279.183
275.107
272.205
270.467
269.475
268.434
267.154
265.667
264.563
262.71
260.787
257.766
255.253
252.897
251.089
249.31
247.634
246.955
246.601
246.341
245.934
245.22
244.817
244.241
243.6
242.837
242.092
240.647
239.42
238.107
237.392
237.072
236.785
236.064
234.971
234.29
232.859
231.8
231.39
230.579
230.258
229.934
230.111
229.851
231.65
233.131
232.479
229.137
226.985
225.712
225.523
225.406
225.104
224.497
223.541
222.419
222.314
221.556
220.962
220.359
219.492
218.62
217.881
217.378
217.084
216.876
216.592
216.042
215.447
214.634
213.649
212.125
208.509
204.511
201.281
199.71
198.262
195.863
191.854
187.856
185.489
183.828
182.23
181.269
180.086
177.743
176.329
175.796
175.138
174.661
174.054
173.756
173.714
173.588
173.242
172.35
171.335
170.365
169.799
169.543
169.342
168.834
167.705
166.243
164.358
162.315
161.207
160.413
159.497
158.075
156.672
155.838
155.739
155.55
155.084
154.676
154.177
153.718
152.846
151.938
151.235
150.577
150.035
149.653
149.623
149.614
149.583
149.518
149.337
149.039
148.752
148.332
147.917
147.685
147.583
147.42
147.325
147.489
147.711
148.557
149.508
148.006
148.027
146.884
145.696
144.901
144.159
141.691
140.627
139.455
139.221
139.714
140.041
142.293
147.813
157.446
156.966
158.464
148.99
146.172
141.251
137.314
134.242
132.639
131.427
130.768
130.582
130.457
130.166
129.492
128.691
128.622
129.634
129.733
131.512
131.841
134.259
133.386
134.556
134.776
133.896
132.195
129.574
126.415
125.496
125.06
124.708
125.509
126.57
126.391
126.103
125.7
124.913
124.754
123.903
123.676
123.846
123.898
124.134
124.741
123.151
122.444
122.403
122.333
122.205
122.684
123.783
126.29
126.258
123.739
121.623
121.216
121.041
120.838
120.56
120.397
120.257
120.092
119.817
119.561
119.311
119.049
118.867
118.814
119.259
118.836
118.424
118.137
117.51
116.98
116.537
116.212
117.008
117.222
118.978
117.338
113.574
112.803
112.554
112.407
112.247
112.172
112.117
112.076
112.024
111.913
111.679
111.477
111.5
111.725
113.889
120.669
127.407
134.243
135.337
134.206
129.259
125.918
125.282
113.269
109.034
114.152
119.171
119.338
127.662
129.946
127.138
131.08
137.209
134.89
137.851
136.99
141.032
140.165
139.066
137.516
131.506
122.446
115.845
110.307
110.229
112.925
112.404
112.895
116.871
121.993
116.113
119.602
117.743
113.904
110.889
108.753
109.6
108.829
104.117
103.308
103.103
103.026
103.021
103.006
102.959
102.801
102.449
101.611
100.487
99.7523
99.7523
99.7497
99.7323
99.6717
99.4261
98.7328
97.9858
97.4098
97.6848
96.6971
95.1206
94.8708
94.8025
94.5819
94.2088
93.9768
93.8819
93.7152
93.5473
93.4942
93.4845
93.4603
93.6868
95.383
98.645
100.287
99.4583
100.262
96.9435
93.5808
92.7027
91.6704
91.6139
91.5069
91.4322
91.4141
91.4039
91.37
91.3227
91.2666
91.2373
91.1537
90.9367
90.4091
89.9099
89.3954
88.2907
87.6795
87.2519
86.9248
86.6486
86.3703
85.9834
85.4333
84.998
84.9076
84.8125
84.5377
83.7592
82.9504
82.4838
82.0181
81.8079
81.5078
81.2811
81.1956
81.121
80.9822
80.8125
80.6912
80.664
80.6485
80.6013
80.4896
80.3654
80.2649
80.1926
80.1301
80.111
80.0866
80.0147
79.8923
79.6748
79.4745
79.4716
79.4716
79.4716
79.4716
79.4716
79.4716
79.4716
79.4715
79.4713
79.4698
79.464
79.4452
79.4033
79.3764
79.3704
79.3677
79.3377
79.2576
79.0495
78.7886
78.6027
78.4024
78.2886
78.2666
78.2666
78.2666
78.2666
78.2662
78.2638
78.2506
78.2153
78.1891
78.1558
78.0731
77.8907
77.8243
77.8243
77.8243
77.8243
77.8243
77.8243
77.8243
77.8243
77.8223
77.8101
77.7717
77.6219
77.1329
76.5993
76.0227
75.7972
75.7728
75.6837
75.4822
75.291
75.2152
75.1939
75.1451
75.0979
75.0889
75.0889
75.0889
75.0889
75.0889
75.0889
75.0889
75.0889
75.0889
75.0889
75.0889
75.0889
75.0884
75.0875
75.0831
75.0653
74.9961
74.8926
74.8223
74.7738
74.7096
74.6105
74.5277
74.4811
74.4811
74.4811
74.4811
74.4811
74.4811
74.4811
74.4811
74.4811
74.4811
74.4811
74.4811
74.4811
74.4805
74.4805
74.5219
75.0197
74.7004
75.746
77.8673
79.2594
83.685
86.4538
90.2221
95.5374
94.8955
93.4806
82.9131
78.5962
78.8151
79.084
79.1264
79.7763
85.8758
89.2598
90.3348
97.8207
99.7303
104.251
97.8548
93.7571
85.8376
78.6524
76.059
79.0851
83.5893
88.9344
93.9307
102.643
115.173
117.286
105.88
91.6838
88.7497
77.2171
73.6568
73.502
75.8456
75.3142
79.3943
80.6973
81.8219
76.2073
76.9775
75.9877
75.6069
76.4791
77.4592
83.1085
87.8927
91.5521
97.2209
103.763
101.64
105.393
105.748
92.5197
85.9415
77.1486
74.1752
72.2087
72.2029
72.2029
72.2331
72.4777
72.8879
75.6848
79.2248
81.8942
89.1462
96.7668
97.5769
104.513
103.398
95.2344
84.6598
73.4781
72.5544
72.2037
72.2029
72.2029
72.2029
72.2025
72.2025
72.2024
72.2024
72.2022
72.202
72.202
72.2694
75.7473
77.5625
81.4471
85.5384
93.8232
100.211
101.842
94.9501
95.9035
88.4686
85.7488
76.1985
77.1606
77.6654
72.1298
71.4221
71.4221
71.4221
71.4221
71.4221
71.4221
71.4221
71.4221
71.4221
71.4221
71.4221
71.422
71.422
71.422
71.422
71.4216
71.4251
72.527
73.353
75.2929
77.9453
86.3413
88.5536
83.431
80.2086
76.0469
74.8348
71.6131
71.2881
71.2881
71.2879
71.2877
71.2863
71.2824
71.2791
71.4055
73.4632
76.0477
79.587
76.7384
82.9573
85.5468
89.5687
87.2737
80.4348
74.4337
72.2041
70.683
69.6098
69.6032
69.6032
69.6032
69.6032
69.6032
69.6032
69.6032
69.6032
69.6032
69.6032
69.6032
69.6031
69.6018
69.5954
69.5758
69.5501
69.5375
69.5375
69.5375
69.5375
69.5375
69.5375
69.5375
69.5375
69.5375
69.5375
69.5375
69.5375
69.5375
69.5375
69.5375
69.5375
69.5375
69.5375
69.5375
69.5375
69.5375
69.5375
69.5375
69.5369
69.5285
69.4993
69.3965
69.1838
68.9724
68.9578
68.9313
68.9094
68.8995
68.891
68.8697
68.8256
68.7811
68.7204
68.6683
68.6217
68.5889
68.5635
68.4884
68.218
67.8251
67.6866
67.6866
67.6866
67.6866
67.6866
67.6866
67.6866
67.6854
67.6816
67.6687
67.5994
67.4778
68.0374
68.8279
68.8409
69.4088
69.7426
69.8266
68.1242
69.3404
68.1917
66.3199
65.8373
65.8318
65.8196
65.7724
65.684
65.6211
65.6121
65.6119
65.6111
65.6083
65.5987
65.5694
65.5172
65.4796
65.4787
65.4787
65.4785
65.4785
65.4782
65.4776
65.4768
66.0081
67.6013
70.7849
75.1782
80.5225
80.0939
76.365
70.6795
67.226
65.4029
65.3024
65.3024
65.3024
65.3024
65.3024
65.3024
65.3024
65.3024
65.3024
65.3024
65.3024
65.3024
65.3024
65.3024
65.3022
65.3009
65.2967
65.2846
65.276
65.275
65.275
65.275
65.275
65.275
65.275
65.275
65.2749
65.2749
65.2749
65.2741
65.273
65.2706
65.264
65.8747
66.2062
66.3908
66.038
64.9134
64.5333
64.402
64.2892
64.2892
64.2892
64.2892
64.2892
64.2892
64.2892
64.2892
64.2892
64.2892
64.2892
64.2892
64.2892
64.2892
64.2892
64.2892
64.2892
64.2892
64.2892
64.2892
64.2892
64.2892
64.2892
64.2892
64.2892
64.2892
64.2892
64.2892
64.2892
64.2892
64.2892
64.2892
64.2892
64.2892
64.2892
64.2892
64.2892
64.2892
64.2892
64.2892
64.2892
64.2892
64.2892
64.2892
64.2892
64.2892
64.2892
64.2892
64.2892
64.2892
64.2892
64.2892
64.2892
64.2892
64.2892
64.2892
64.2892
64.2892
64.2892
64.2892
64.2892
64.2892
64.2892
64.2892
64.2892
64.2892
64.2892
64.2892
64.2892
