2739.78
2572.19
2437.48
2314.25
2219.11
2121.15
2032.32
1952.55
1869.66
1797.55
1746.16
1689.13
1625.96
1581.97
1535.86
1483.23
1446.87
1415.94
1391.22
1363.7
1337.94
1309.39
1290.38
1251.31
1218.06
1188.98
1158.14
1128.37
1104.86
1080.9
1056.21
1031.69
1015.35
996.396
979.357
964.197
947.423
932.321
913.486
893.048
872.463
858.336
842.91
825.119
813.862
803.05
788.73
779.381
768.308
757.655
748.002
739.362
730.57
722.884
716.748
708.505
700.903
691.432
676.296
656.48
643.006
631.052
620.432
607.896
599.028
591.832
582.941
573.987
563.755
554.621
545.85
533.709
520.046
507.504
498.22
490.09
484.401
479.768
475.762
472.021
470.728
470.103
468.102
465.823
463.285
459.471
455.95
449.292
440.732
432.096
424.473
419.795
414.386
409.028
403.207
398.043
391.89
389.292
385.181
379.69
374.759
369.422
364.787
361.325
359.107
358.411
357.387
354.462
349.812
344.669
338.733
335.697
333.722
331.63
330.262
328.996
327.614
326.387
325.443
324.683
323.624
322.174
322.57
320.628
317.79
313.948
310.235
305.275
302.725
301.605
300.967
300.359
299.408
298.034
296.674
295.023
293.125
290.541
288.185
285.724
282.821
279.673
276.352
273.753
271.874
270.15
268.454
266.347
264.389
262.723
261.344
260.385
259.256
258.105
257.163
256.592
255.746
254.405
254.981
256.817
248.251
245.947
241.408
237.008
233.537
231.132
230.01
228.534
227.699
219.728
211.773
205.472
203.171
202.474
203.035
202.904
201.578
203.33
202.944
202.755
208.122
207.041
205.87
205.419
198.59
198.022
191.114
188.563
183.902
183.452
182.282
181.411
180.283
179.3
178.473
177.23
175.579
174.745
173.285
170.207
165.318
162.745
161.448
160.382
159.605
158.8
158.037
156.707
154.956
153.605
151.98
150.111
148.605
148.046
147.649
146.732
145.738
144.668
143.808
142.599
141.73
141.405
140.942
139.893
138.937
138.706
138.606
138.431
138.294
138.285
138.192
137.88
137.454
137.11
136.792
136.422
136.061
135.614
135.037
134.484
134.044
133.811
133.488
133.029
132.692
132.342
131.932
131.655
131.473
131.248
130.171
129.058
128.407
128.099
127.845
127.542
126.987
126.585
126.337
126.183
125.924
125.538
125.163
125.023
124.69
124.384
124.175
124.108
124.009
123.78
124.364
124.314
122.913
124.409
121.524
120.849
120.69
120.585
120.419
120.279
120.196
120.193
120.181
120.157
120.063
119.935
120.39
121.137
120.484
119.287
118.98
118.765
118.638
118.593
118.593
118.592
118.589
118.579
118.546
118.509
118.484
118.468
118.43
118.394
118.358
118.343
118.306
118.941
120.266
118.75
118.533
118.21
117.744
118.138
118.074
120.313
119.41
118.447
117.007
116.78
114.37
112.659
111.416
111.004
110.764
110.568
110.309
109.856
109.474
109.417
109.415
109.407
109.393
109.344
109.262
109.057
108.66
108.267
107.885
107.564
107.357
107.184
107.019
106.948
106.935
106.863
106.588
106.048
105.27
104.608
104.31
104.3
104.274
104.212
104.117
103.906
103.676
103.493
103.373
103.029
102.479
101.967
101.603
101.424
101.228
100.992
100.735
100.37
100.093
100.045
100.718
101.393
100.005
99.9471
99.9335
99.9245
99.8947
99.7865
99.5126
99.2953
99.1437
101.354
106.722
115.19
124.274
128.128
138.385
135.851
129.255
118.57
103.562
100.096
99.017
99.2025
99.0885
99.0086
101.481
102.224
100.49
100.04
97.075
97.051
96.9734
96.7721
96.4857
96.2868
96.1735
96.1735
96.1735
96.1735
96.1735
96.1735
96.1735
96.1735
96.1735
96.1727
96.1703
96.163
96.1308
96.0257
95.8037
95.5422
95.4095
95.3594
95.3358
95.2723
95.2095
95.1255
94.9595
94.64
94.3954
94.1855
93.9716
93.7484
93.0672
92.5848
92.2693
92.2205
92.1973
92.1973
92.1973
92.1973
92.1973
92.1973
92.1973
92.1973
92.1973
92.1946
92.1693
92.0461
91.6677
90.9189
90.6647
90.654
90.603
90.4478
90.2128
89.8535
89.5724
89.4547
89.4151
89.3265
89.1811
89.1034
89.1034
89.1034
89.1034
89.1034
89.1034
89.1034
89.1034
89.1033
89.1031
89.1017
89.0963
89.0786
89.0506
89.0194
89.0009
88.9789
88.9032
88.8112
88.7353
88.6252
88.4825
88.3298
88.227
88.1868
88.1864
88.185
88.1794
88.1612
88.1135
88.0352
87.8725
87.7704
87.7465
87.7117
87.6418
87.5951
87.5942
87.594
87.5935
87.5912
87.5842
87.5716
87.5644
87.5624
87.5621
87.5607
87.5508
87.497
87.324
87.0548
86.8718
86.8595
86.8513
86.8513
86.8513
86.8513
86.8513
86.8513
86.8513
86.8513
86.8513
86.8513
86.8513
86.8513
86.8513
86.8513
86.8513
86.8513
86.8513
86.8513
86.8512
86.8509
86.8497
86.8474
86.8442
86.8369
86.8249
86.8182
86.8181
86.8176
86.8163
86.813
86.7969
86.7455
86.6209
86.4614
86.3584
86.3584
86.3584
86.3584
86.3584
86.3584
86.3584
86.3584
86.3584
86.3584
86.3584
86.3584
86.3584
86.3584
86.3584
86.3582
86.3557
86.3443
86.3008
86.2073
86.1522
86.1405
86.1311
86.1267
86.1092
86.069
85.9786
85.9128
85.8671
85.8588
85.8588
85.8588
85.8588
85.8588
85.8563
85.8479
85.8154
85.7099
85.5071
85.3802
85.3592
85.3592
85.3592
85.3592
85.3592
85.3592
85.3592
85.3592
85.3592
85.3592
85.3592
85.3592
85.3592
85.3591
85.3589
85.3583
85.3566
85.3526
85.4193
85.3479
85.3472
85.3472
85.3472
85.3472
85.3472
85.3472
85.3472
85.3472
85.3472
85.3472
85.3472
85.3472
85.3472
85.3472
85.3472
85.3465
85.3291
85.2249
84.9044
84.6962
84.6754
84.6754
84.6754
84.6754
84.6754
84.6754
84.6754
84.6754
84.6754
84.6754
84.6754
84.6754
84.6754
84.6754
84.6754
84.6754
84.6754
84.6754
84.6754
84.6754
84.6754
84.6754
84.6754
84.6754
84.6754
84.6754
84.6754
84.6754
84.6754
84.6754
84.6754
84.6754
84.6754
84.6754
84.6754
84.6754
84.6754
84.6754
84.6754
84.6754
84.6754
84.6754
84.6754
84.6754
84.6754
84.6754
84.6754
84.6754
84.6754
84.6754
84.6748
84.6722
84.6638
84.6395
84.5817
84.6093
84.424
84.3861
84.3861
84.3861
84.3861
84.3861
84.3861
84.3861
84.3861
84.3861
84.3861
84.3861
84.3861
84.3861
84.3861
84.3861
84.3861
84.3861
84.3861
84.3861
84.3861
84.3861
84.3861
84.3855
84.3816
84.3651
84.3215
84.2606
84.2165
84.2165
84.2165
84.2165
84.2165
84.2165
84.2165
84.2165
84.2164
84.2162
84.2151
84.2096
84.1937
84.1837
84.1807
84.1807
84.1807
84.1807
84.1807
84.1807
84.1805
84.1791
84.1726
84.1458
84.0818
83.997
83.9293
83.869
83.8197
83.7969
83.7927
83.7739
83.7262
83.5943
83.3586
83.2289
83.2289
83.2289
83.2289
83.2289
83.2289
83.2289
83.2289
83.2289
83.2289
83.2289
83.2289
83.2289
83.2289
83.2289
83.2289
83.2289
83.2289
83.2289
83.2289
83.2289
83.2289
83.2289
83.2289
83.2289
83.2289
83.2289
83.2289
83.2289
83.2289
83.2289
83.2289
83.2289
83.2289
83.2289
83.2289
83.2289
83.2289
83.2276
83.2263
83.2183
83.1918
83.1294
83.2473
82.9152
82.4644
82.0102
81.9018
81.9018
81.9018
81.9018
81.9018
81.9018
81.9018
81.9018
81.9018
81.9018
81.9018
81.9018
81.9018
81.9018
81.9018
81.9018
81.9018
81.9018
81.9018
81.9018
81.9018
81.9018
81.9018
81.9018
81.9018
81.9018
81.9018
81.9018
81.9018
81.9018
81.9018
81.9018
81.9018
81.9018
81.9018
81.9018
81.9018
81.9018
81.9018
81.9018
81.9018
81.9018
81.9018
81.9018
81.9018
81.9018
81.9018
81.9018
81.9018
81.9018
81.9018
81.9018
81.9018
81.9018
81.9018
81.9018
81.9018
81.9018
81.9018
81.9018
81.9018
81.9018
81.9018
81.9018
81.9018
81.9018
81.9018
81.9018
81.9015
81.8992
81.8897
81.8783
81.8744
81.8744
81.8744
81.8744
81.8744
81.8744
81.8744
81.8744
81.8744
81.8744
81.8744
81.8705
81.8277
81.4585
80.0968
78.6315
77.9877
77.9877
77.9877
77.9877
77.9877
77.9877
77.9877
77.9877
77.9877
77.9877
77.9877
77.9877
77.9877
77.9877
77.9877
77.9877
77.9877
77.9877
77.9877
77.9877
77.9877
77.9877
77.9871
77.9818
77.9659
77.8988
77.6965
77.458
77.3318
77.3168
77.2664
77.1338
77.0737
77.0737
77.0737
77.0737
77.0737
77.0737
77.0737
77.0737
77.0737
77.0737
77.0737
77.0737
77.0737
77.0737
77.0737
77.0737
77.0737
77.0737
77.0737
77.0737
77.0737
77.0737
77.0737
77.0737
77.0737
77.0737
77.0737
77.0737
77.0737
77.0737
77.0737
77.0737
77.0737
77.0737
77.0737
77.0732
77.0615
76.9979
76.7952
76.655
76.655
76.655
76.655
76.655
76.655
76.655
76.655
76.655
76.655
76.655
76.655
76.655
76.655
76.655
76.655
76.655
76.655
76.655
76.6543
76.6436
76.5519
76.3045
76.0906
76.023
76.023
76.023
76.0224
76.0219
76.0188
76.0078
75.97
75.8562
75.7605
75.6192
75.4972
75.4972
75.4972
75.4972
75.4972
75.4972
75.4972
75.4972
75.4972
75.4972
