2775.67
2637.74
2511.63
2405.51
2325.53
2226.41
2123.9
2047.54
1975.83
1929.48
1883.75
1834.13
1795.86
1752.22
1707.36
1665.39
1631.33
1598.74
1550.14
1527.26
1489.97
1454.84
1416.74
1370.92
1353.88
1326.3
1304.74
1288.74
1256.51
1232.19
1199.83
1177.05
1149.66
1125.04
1092.59
1064.83
1035.52
1016.61
999.044
973.533
955.366
926.686
896.84
868.283
838.18
811.827
786.605
769.863
759.678
754.046
747.399
740.017
740.219
729.917
716.098
702.342
681.833
663.944
650.181
638.365
629.826
618.63
610.825
601.066
592.821
581.723
572.187
561.885
553.534
545.363
536.404
524.199
514.351
506.954
497.211
486.614
475.744
463.8
455.188
448.785
441.022
433.894
428.083
422.739
417.823
412.561
407.312
400.416
394.455
388.883
383.981
380.22
376.754
374.23
372.163
370.172
366.902
362.315
357.674
354.081
349.997
345.154
340.412
336.53
332.645
329.377
326.466
324.545
322.435
319.581
317.932
315.502
313.318
311.585
309.953
309.348
308.655
309.429
308.438
305.059
301.106
297.307
295.557
291.75
289.249
287.027
284.214
280.136
277.104
272.839
271.035
269.059
267.709
265.758
264.111
263.511
262.795
262.918
265.465
268.845
269.322
266.989
262.236
257.341
252.846
247.599
243.2
239.969
238.596
237.797
236.89
235.881
235.083
233.722
231.501
229.74
227.991
226.761
225.536
224.59
223.384
221.224
219.184
216.31
213.304
210.084
208.09
206.722
205.689
204.813
203.866
202.406
201.516
200.235
198.731
197.982
197.778
197.616
197.392
197.049
196.577
196.073
195.512
194.862
194.111
193.074
192.269
191.486
190.42
189.497
188.278
186.758
185.086
182.847
180.649
178.803
177.202
175.837
174.743
174.131
173.981
173.917
173.876
173.954
174.017
173.994
174.063
174.212
173.215
171.698
170.677
170.286
170.094
169.764
169.528
169.265
168.844
168.515
168.305
169.578
169.929
168.488
168.281
167.252
164.985
162.328
161.094
160.648
160.217
159.823
159.358
158.687
158.171
157.295
156.238
154.933
153.94
152.796
151.867
150.792
150.112
149.433
148.903
148.433
148.149
147.832
147.48
147.19
146.823
146.53
146.218
146.11
145.857
145.388
145.066
145.12
145.14
145.252
144.238
143.429
142.939
143.294
143.403
142.772
143.353
143.143
142.331
142.243
141.909
141.738
141.31
141.1
140.828
140.867
140.934
140.605
140.565
140.494
139.931
139.924
139.196
137.952
137.518
137.334
137.201
137.502
138.264
138.903
139.544
140.416
139.747
133.886
130.046
128.7
128.463
128.33
128.261
128.156
127.952
127.428
126.472
125.527
124.644
123.592
122.874
121.783
120.905
120.584
120.519
120.467
120.35
119.949
118.958
117.979
117.564
117.414
117.344
117.304
117.282
117.265
117.443
117.518
118.74
122.414
121.333
120
121.835
120.502
118.118
115.964
115.758
115.754
115.73
115.65
115.498
115.269
115.003
114.689
114.45
114.158
113.593
113.199
113.121
113.119
113.113
113.098
113.049
112.934
112.724
112.544
112.39
112.358
112.283
112.181
112.1
111.93
111.734
111.607
111.437
111.283
110.752
110.244
109.755
109.017
108.103
107.483
106.767
105.229
103.894
103.452
103.385
103.3
103.099
102.791
102.33
101.773
101.258
100.672
100.483
100.457
100.457
100.457
100.456
100.449
100.429
100.363
100.217
100.007
99.7704
99.5627
99.3694
99.1311
98.8253
98.4675
98.2958
98.023
97.7859
97.6203
97.6184
97.6089
97.5623
97.3807
96.889
96.2935
95.8651
95.6913
95.6103
95.4429
95.2999
95.2334
95.122
94.9398
94.8026
94.7032
95.3426
97.086
98.3678
101.107
97.8193
95.4134
94.75
94.4376
94.3749
94.3439
94.2687
94.1777
94.1276
94.1138
94.1138
94.1136
94.1124
94.1286
95.2367
96.4143
95.5276
94.66
93.7665
93.4641
93.2648
93.2517
93.3233
94.3624
98.3128
103.23
113.268
119.384
127.692
127.76
120.941
114.394
102.175
98.6319
95.2383
93.398
93.2517
93.2517
93.2517
93.2517
93.2517
93.2514
93.2502
93.246
93.2351
93.1974
93.1136
93.0126
92.9461
92.8528
92.7187
92.6257
92.5599
92.4209
92.1876
91.9758
91.7312
91.5394
91.3846
91.3643
91.3577
91.3399
91.2962
91.2447
91.2153
91.2083
91.2067
91.2149
91.4863
93.2987
93.2186
91.5804
90.9041
90.8894
90.8742
90.818
90.66
90.4194
90.3187
90.2364
90.2364
90.2364
90.2364
90.2364
90.2363
90.2348
90.2273
90.2032
90.1763
90.1528
90.1303
90.0896
90.0028
89.8914
89.7871
89.6202
89.3395
89.051
88.8673
88.8272
88.8008
88.7911
88.7729
88.7526
88.7382
88.7357
88.7355
88.7355
88.7355
88.7355
88.7353
88.7344
88.7312
88.7206
88.7027
88.6903
88.6875
88.6875
88.6863
88.6847
88.6798
88.6594
88.6003
88.4647
88.3384
88.2801
88.2801
88.2801
88.2801
88.2801
88.2801
88.2801
88.2801
88.2794
88.2781
88.2639
88.2118
88.0478
87.7413
87.5848
87.5242
87.4702
87.4328
87.3746
87.2371
86.9598
86.2941
85.8017
85.4516
85.1705
85.0318
84.7803
84.6109
84.524
84.5004
84.4388
84.0536
82.4794
77.7119
74.1333
71.4328
69.1478
68.0036
67.7951
67.7951
67.7951
67.7951
67.7951
67.7951
67.7951
67.7951
67.7951
67.7951
67.7951
67.7951
67.7947
67.7936
67.7851
67.7509
67.6455
67.4491
67.1934
66.9721
66.5844
66.3862
66.3859
66.3847
66.3744
66.3393
66.2851
66.256
66.2518
66.2368
66.191
66.0463
65.7574
65.5197
65.4208
65.3777
65.3775
65.3768
65.3741
65.366
65.3521
65.343
65.3404
65.3404
65.3401
65.3385
65.3328
65.311
65.2568
65.2068
65.1767
65.1355
65.0753
65.0407
65.0407
65.0407
65.0407
65.0407
65.0407
65.0407
65.0407
65.0407
65.0407
65.0407
65.0407
65.0407
65.0407
65.0407
65.0407
65.0407
65.0407
65.0407
65.0407
65.0407
65.0407
65.0407
65.0407
65.0407
65.0407
65.0407
65.0401
65.0375
65.0299
65.0055
64.9255
64.8028
64.6263
64.32
64.1691
64.1463
64.1463
64.1463
64.1463
64.1461
64.1457
64.1442
64.1392
64.125
64.1058
64.0967
64.093
64.0914
64.0825
64.0603
63.9981
63.9229
63.8908
63.8908
63.8908
63.8908
63.8908
63.8908
63.8908
63.8908
63.8908
63.8908
63.8908
63.8908
63.8906
63.8901
63.888
63.8813
63.8705
63.8618
63.859
63.859
63.859
63.859
63.859
63.859
63.859
63.859
63.859
63.859
63.859
63.859
63.859
63.859
63.859
63.859
63.8575
63.8567
63.8505
63.8329
63.7738
63.6002
63.3905
63.2024
63.1697
63.0911
63.091
63.0824
63.0293
62.8775
62.7145
62.6832
62.6832
62.6832
62.6832
62.6832
62.6832
62.6832
62.6832
62.6832
62.6832
62.6832
62.6832
62.6832
62.6832
62.6832
62.6832
62.6832
62.6832
62.6832
62.6832
62.6832
62.6832
62.6832
62.6832
62.6832
62.6832
62.6832
62.6832
62.6832
62.6832
62.6832
62.6832
62.6832
62.6832
62.6832
62.6828
62.6804
62.6739
62.6845
62.7026
62.6449
62.5238
62.4808
62.4808
62.4808
62.4808
62.4808
62.4808
62.4808
62.4808
62.4808
62.4808
62.4808
62.4808
62.4808
62.4808
62.4808
62.4808
62.4808
62.4808
62.4808
62.4808
62.4808
62.4808
62.4808
62.4808
62.4808
62.4808
62.4808
62.4808
62.4808
62.4808
62.4808
62.4808
62.4808
62.4808
62.4808
62.4808
62.4808
62.4799
62.4731
62.4403
62.3067
62.048
61.8978
61.7269
61.6238
61.6063
61.6063
61.6063
61.6063
61.6063
61.6063
61.6063
61.6063
61.6063
61.6063
61.6063
61.6063
61.6063
61.6063
61.6063
61.606
61.6042
61.5928
61.552
61.4563
61.3223
61.2235
61.1567
61.1091
61.1082
61.1082
61.1082
61.1082
61.1082
61.1055
61.0858
60.9659
60.6875
60.2964
60.0625
59.971
59.9694
59.9694
59.9694
59.9694
59.9694
59.9694
59.9694
59.9694
59.9694
59.9694
59.9694
59.9694
59.9694
59.9694
59.9694
59.9694
59.9694
59.9694
59.9694
59.9694
59.9694
59.9694
59.9694
59.9694
59.9694
59.9694
59.9694
59.9694
59.9694
59.9694
59.9694
59.9694
59.9694
59.9694
59.9694
59.9694
59.9694
59.9694
59.9694
59.9694
59.9694
59.9694
59.9694
59.9694
59.9694
59.9694
59.9694
59.9694
59.9694
59.9694
59.9694
59.9694
59.9694
59.9694
59.9694
59.9694
59.9694
59.9694
59.9694
59.9694
59.9694
59.9694
59.9694
59.9694
59.9694
59.9694
59.9694
59.9694
59.9694
59.9694
59.9694
59.9694
59.9694
59.9694
59.9694
59.9694
59.9694
59.9694
59.9694
59.9694
59.9694
59.9694
59.9694
59.9694
59.9694
59.9694
59.9694
59.9694
59.9694
59.9694
59.9694
59.9694
59.9694
59.9694
59.9694
59.9694
59.9694
59.9694
59.9694
59.9694
59.9694
59.9694
59.9694
59.9694
59.9694
59.9694
59.9694
59.9694
59.9694
59.9694
59.9694
59.9694
59.9694
59.9694
59.9694
59.9694
59.9694
59.9694
59.9694
59.9694
59.9694
59.9694
59.9694
59.9694
59.9694
59.9694
59.9694
59.9694
59.9694
59.9694
59.9694
59.9694
59.9694
59.9694
59.9694
59.9694
59.9694
59.9694
59.9694
59.9694
59.9694
