2728.96
2561.07
2406.59
2300.84
2206.61
2113.32
2021.67
1928.4
1853.82
1797.22
1752.96
1701.02
1665.36
1621.8
1579.35
1522.53
1469.7
1410.6
1355.15
1293.08
1250.48
1207.87
1165.03
1109.48
1072.93
1048.96
1020.75
995.456
966.736
940.543
914.568
894.174
874.821
863.047
843.167
818.144
796.283
776.194
760.026
748.803
737.589
729.788
720.96
710.412
699.803
685.512
675.368
667.98
661.158
654.201
648.341
642.927
638.495
634.821
628.672
619.116
610.719
604.327
595.399
585.051
575.448
565.142
554.012
543.504
533.008
526.26
518.812
510.655
502.212
496.341
490.615
487.308
482.99
479.651
476.158
473.099
471.088
469.886
467.003
465.044
458.911
453.792
448.565
442.442
438.611
435.062
433.653
429.04
423.556
416.943
411.027
409.295
406.717
403.969
401.402
398.74
394.205
390.328
387.427
384.655
379.957
372.329
364.232
358.376
355.915
354.934
354.298
353.685
352.63
351.281
350.873
350.412
350.308
350.565
349.139
346.991
345.166
342.764
341.135
341.82
340.115
338.481
339.357
340.76
337.038
334.184
331.644
325.699
325.846
325.302
324.563
325.076
323.363
317.867
310.979
308.52
306.494
305.671
304.978
303.76
303.103
302.96
302.761
304.569
304.853
304.659
304.516
301.433
297.918
297.988
291.904
287.93
285.466
284.116
282.858
280.932
278.134
272.803
266.932
263.382
262.404
261.881
261.074
260.267
259.496
258.207
256.325
255.24
254.49
253.783
252.965
251.989
251.03
250.405
249.512
248.469
247.758
247.049
246.527
245.858
244.951
243.854
242.5
241.041
239.13
237.47
236.256
232.82
231.548
229.654
227.692
226.459
225.815
225.353
224.686
223.111
220.344
217.264
215.616
213.588
211.083
209.207
207.258
204.053
201.218
198.849
197.644
196.969
195.957
194.88
193.793
192.562
190.915
189.237
187.76
186.946
186.288
185.704
185.261
184.762
184.341
183.673
182.764
181.815
180.594
179.476
178.597
178.041
177.586
176.712
174.98
173.586
171.461
169.597
168.651
168.122
167.733
167.373
166.913
166.158
165.08
163.862
162.726
161.711
161.162
160.963
160.813
160.585
160.006
159.392
158.94
158.765
159.125
159.537
162.267
161.562
166.429
166.315
166.22
166.446
160.754
157.241
155.122
153.132
152.062
151.049
150.649
150.171
149.901
149.619
149.883
149.44
149.958
150.15
150.656
150.807
151.609
153.868
154.146
160.915
156.949
155.093
152.618
151.359
149.916
147.029
145.899
144.971
144.003
143.463
143.409
143.325
143.274
143.205
143.271
143.617
145.905
149.387
146.903
144.813
142.152
140.405
139.713
139.595
138.965
137.386
136.469
135.926
135.553
135.164
136.006
134.497
133.993
133.416
133.049
132.532
132.127
131.384
131.018
130.917
130.86
130.776
130.713
130.6
130.476
130.682
129.878
129.147
127.578
125.807
124.31
123.964
123.741
123.33
122.776
122.179
121.135
119.238
117.578
116.323
115.746
115.064
114.525
114.283
113.926
113.625
113.332
112.799
112.159
111.264
110.492
109.979
109.453
108.489
107.735
107.282
107.109
106.86
106.549
106.26
106.188
106.098
106.033
105.961
105.804
105.569
105.307
105.057
104.73
104.248
103.82
103.478
103.235
103.034
102.774
102.468
102.176
102.179
102.152
102.102
101.855
101.637
101.279
101.081
101.052
101.025
100.946
100.792
100.614
100.522
100.498
100.365
100.193
99.9806
99.8196
99.6833
99.3352
98.7927
98.4641
98.257
98.1873
98.1762
98.1465
98.0439
97.7775
97.3875
97.2302
97.1001
97.0388
96.8705
96.4582
96.0272
95.6218
95.4568
95.4052
95.3973
95.3962
95.3943
95.3848
95.3476
95.2926
95.264
95.25
95.2214
95.178
95.5334
98.9766
103.347
106.188
111.536
106.711
101.258
94.5148
93.79
93.777
93.7411
93.6156
93.3853
93.162
93.0638
93.0306
93.0303
93.029
93.0154
92.9266
92.67
92.3869
92.3464
92.3255
92.2415
92.0508
91.7326
91.4095
91.3091
91.3089
91.3081
91.3024
91.283
91.2241
91.1259
91.04
91.04
91.04
91.04
91.04
91.04
91.04
91.04
91.04
91.04
91.04
91.04
91.04
91.04
91.04
91.04
91.04
91.04
91.04
91.04
91.04
91.04
91.04
91.04
91.04
91.0399
91.0398
91.0371
91.0285
90.9959
90.8737
90.4218
89.5741
88.9548
88.5185
88.0322
87.2909
86.6647
86.5472
86.5287
86.5277
86.5246
86.5064
86.4382
86.2131
85.7759
85.3796
85.0266
84.7029
84.5578
84.5578
84.5578
84.5578
84.5578
84.5578
84.5578
84.5556
84.5481
84.5005
84.2525
83.5397
82.7218
82.3943
82.3943
82.3943
82.3943
82.3943
82.3943
82.3943
82.3943
82.3943
82.3943
82.3943
82.3943
82.3943
82.3934
82.3856
82.3459
82.2376
82.1343
82.0917
82.0917
82.0917
82.0917
82.0907
82.0864
82.034
81.8107
81.3606
81.104
81.0935
81.0445
80.8732
80.6796
80.6077
80.6077
80.6077
80.6073
80.6073
80.6033
80.5706
80.4738
80.2884
80.1616
79.9286
79.68
79.6559
79.6559
79.6559
79.6559
79.6559
79.6559
79.6551
79.6535
79.6474
79.6284
79.5355
79.5815
79.2615
79.3812
78.8886
78.7184
78.7129
78.697
78.6374
78.4616
78.3342
78.2641
78.2641
78.264
78.264
78.264
78.264
78.2639
78.2636
78.2633
78.2621
78.9774
79.8713
81.0331
82.1628
79.961
78.8201
78.2078
78.2078
78.2078
78.2078
78.2078
78.2078
78.2078
78.2078
78.2078
78.2078
78.2078
78.2078
78.2078
78.2078
78.2078
78.2076
78.2061
78.201
78.1824
78.1249
78.0629
78.0214
77.9879
77.9693
77.9639
77.9639
77.9639
77.9639
77.9639
77.9639
77.9639
77.9639
77.9629
77.9596
77.9465
77.9091
77.7896
77.6768
77.4931
77.2631
76.9146
76.6207
76.4449
76.4449
76.4449
76.4449
76.4449
76.4449
76.4447
76.4445
76.4433
76.437
76.4123
76.3446
76.2776
76.2371
76.2371
76.2369
76.2361
76.2327
76.2221
76.1998
76.184
76.1817
76.1817
76.1817
76.1817
76.1812
76.1807
76.1787
76.1612
76.0851
75.8876
75.7147
75.6948
75.6948
75.6948
75.6948
75.6948
75.6948
75.6948
75.6948
75.6948
75.6948
75.6948
75.6948
75.6948
75.6948
75.6948
75.6948
75.6948
75.6948
75.6948
75.6948
75.6948
75.6948
75.6948
75.6948
75.6948
75.6948
75.6948
75.6948
75.6948
75.6948
75.6948
75.6948
75.6948
75.6948
75.6948
75.6944
75.6915
75.6721
75.6101
75.4851
75.3618
75.3345
75.3345
75.3345
75.3345
75.3345
75.3345
75.3345
75.3345
75.3345
75.3345
75.3345
75.3345
75.3345
75.3345
75.3345
75.3345
75.3345
75.3345
75.3345
75.3345
75.3345
75.3345
75.3345
75.3345
75.3345
75.3345
75.3345
75.3345
75.3345
75.3345
75.3345
75.3345
75.3345
75.3345
75.3345
75.3345
75.3345
75.3345
75.3345
75.3345
75.3345
75.3345
75.3345
75.3345
75.3345
75.3345
75.3345
75.3345
75.3345
75.3345
75.3345
75.3345
75.3345
75.3345
75.3345
75.3345
75.3345
75.3345
75.3345
75.3345
75.3345
75.3345
75.3345
75.3345
75.3345
75.3345
75.3345
75.3345
75.3345
75.3345
75.3345
75.3345
75.3345
75.3345
75.3345
75.3345
75.3345
75.3345
75.3345
75.3345
75.3345
75.3345
75.3345
75.3345
75.3345
75.3345
75.3345
75.3345
75.3345
75.3345
75.3345
75.3345
75.3345
75.3345
75.3345
75.3345
75.3345
75.3345
75.3345
75.3345
75.3345
75.3345
75.3345
75.3345
75.3345
75.3345
75.3345
75.3345
75.3345
75.3345
75.3345
75.3345
75.3345
75.3345
75.3345
75.3342
75.3331
75.3279
75.3006
75.2231
75.1356
75.0145
74.7998
74.6907
74.6905
74.6905
74.6905
74.6905
74.6905
74.6905
74.6905
74.6905
74.6905
74.6905
74.6905
74.6905
74.6905
74.6905
74.6905
74.6905
74.6905
74.6905
74.6905
74.6905
74.6905
74.6905
74.6905
74.6905
74.6905
74.6905
74.6905
74.6905
74.6905
74.6905
74.6905
74.6905
74.6905
74.6905
74.6905
74.6905
74.6905
74.6905
74.6905
74.6905
74.6905
74.6905
74.6905
74.6905
74.6905
74.6905
74.6905
74.6905
74.6905
74.6905
74.6905
74.6905
74.6905
74.6904
74.6902
74.6889
74.6845
74.6779
74.6743
74.6743
74.6743
74.6743
74.6743
74.6743
74.6743
74.6743
74.6743
74.6743
74.6743
74.6743
74.6743
74.6743
74.6743
74.674
74.6717
74.6525
74.5854
74.4649
74.3866
74.3866
74.3866
74.3866
74.3866
74.3866
74.3866
74.3866
74.3866
74.3866
74.3866
74.3866
74.3866
74.3866
74.3866
74.3866
74.3866
74.3866
74.3866
74.3866
74.3866
74.3866
74.3866
74.3866
74.3866
74.3866
74.3866
74.3866
74.3866
74.3866
74.3866
74.3866
74.3866
74.3866
74.3866
74.3866
74.3866
74.3866
74.3866
74.3866
74.3866
74.3866
74.3866
74.3866
74.3866
74.3866
74.3866
74.3866
74.3866
74.3866
74.3866
74.3866
74.3866
74.3866
74.3866
74.3866
74.3866
74.3866
74.3866
74.3866
74.3866
74.3866
74.3866
74.3866
74.3866
74.3866
74.3866
74.3866
74.3866
74.3866
74.3866
74.3866
74.3866
74.3866
74.3866
74.3866
74.3866
74.3866
74.3866
74.3866
