2754.12
2589.06
2432.05
2315.33
2210.01
2115.42
2036.19
1974.19
1905.94
1840.81
1779.6
1734.8
1690.8
1661.54
1635.84
1604.55
1573.66
1545.33
1520.73
1487.63
1471.71
1435.31
1404.94
1378.58
1345.44
1311.27
1283.39
1251.05
1231.89
1204.01
1189.82
1171.48
1153.59
1132.13
1118.09
1096.97
1072.53
1048.63
1026.75
1005.71
990.941
977.568
961.113
948.704
937.491
921.308
915.083
900.587
890.953
885.103
871.983
865.993
855.651
853.649
842.671
836.227
825.41
814.577
805.159
797.166
782.143
773.993
760.207
744.961
731.826
720.049
715.149
707.178
701.955
691.91
679.854
665.771
650.923
643.202
640.311
637.368
631.286
623.15
613.938
602.404
587.206
575.16
560.697
547.019
533.764
523.633
518.605
511.613
503.94
495.718
487.082
479.872
470.883
465.603
458.082
450.771
444.569
437.96
431.075
421.561
413.998
408.786
404.452
401.835
399.632
396.628
394.002
392.066
388.112
384.326
382.761
380.754
378.173
376.964
374.668
372.465
369.275
365.124
360.619
357.23
355.104
352.987
348.936
345.047
342.38
339.286
334.648
330.497
326.559
324.13
320.725
317.538
314.391
310.381
304.08
296.986
294.312
292.165
290.549
287.964
285.192
282.404
279.557
277.88
275.246
273.088
270.626
267.464
264.124
262.061
260.11
258.701
257.458
256.014
254.419
252.125
249.892
248.406
247.095
245.83
243.757
241.311
238.308
235.37
234.747
234.192
235.063
233.962
231.354
228.72
227.283
225.535
223.824
222.753
221.943
221.256
220.411
219.904
219.184
218.205
218.271
217.299
216.201
214.374
212.954
212.783
211.937
211.247
209.917
208.807
207.399
205.781
204.627
203.285
201.363
199.778
197.588
196.831
196.279
195.849
195.236
194.292
193.265
192.066
190.956
189.513
187.894
186.374
185.319
184.79
184.522
184.335
184.034
183.544
182.855
182.152
181.175
180.331
179.042
178.055
177.432
176.941
176.459
176.248
175.748
174.803
173.266
171.809
170.037
168.46
167.79
167.237
166.678
165.802
164.326
162.841
161.33
160.085
158.643
157.742
157.021
155.971
154.956
154.364
154.12
153.635
153.112
152.518
151.971
151.331
150.43
149.939
149.388
148.955
148.013
146.214
142.844
140.342
139.373
139.059
138.652
138.227
137.613
136.871
136.427
136.195
135.847
135.223
134.547
134.158
133.828
133.293
132.542
132.047
131.685
131.327
131.037
130.759
130.562
130.442
130.278
130.09
129.873
129.729
129.508
129.207
128.933
128.813
128.677
128.412
127.992
127.544
127.093
126.643
126.421
126.342
126.156
125.668
125.309
125.232
125.058
124.558
124.016
123.17
122.741
122.566
122.486
122.31
121.988
121.71
121.522
121.355
121.073
120.699
120.34
120.319
120.254
120.093
119.781
119.495
119.055
120.099
121.001
124.736
134.359
142.782
131.436
124.628
119.785
115.148
116.184
114.521
113.984
113.604
113.422
113.276
113.143
113.06
112.967
112.814
112.429
111.597
110.789
110.171
109.653
109.433
108.981
108.508
107.932
107.308
106.79
106.485
106.376
106.314
106.241
106.124
106.012
105.963
105.918
105.752
105.43
104.984
104.582
104.252
103.948
103.716
103.496
103.16
102.753
102.413
102.058
101.828
101.575
101.448
101.274
101.112
100.968
100.826
100.565
100.376
100.108
99.9311
99.4958
99.2658
99.1619
99.1313
99.0694
98.8756
98.414
98.1308
98.0361
97.9153
97.7764
97.5751
97.4844
97.4233
97.342
97.2344
96.9822
96.6919
96.4887
96.335
96.1377
95.9679
95.8939
95.8939
95.8937
95.8934
95.8919
95.887
95.8701
95.8317
95.7779
95.7136
95.6275
95.421
95.2606
95.1354
95.0918
95.0918
95.1118
96.1422
101.304
108.986
119.654
127.789
131.828
128.401
119.004
111.167
103.132
94.3057
93.571
93.2348
93.1452
92.9619
92.7109
92.5675
92.5032
92.4564
92.4064
92.3213
92.2148
92.1399
92.1141
92.1141
92.1139
92.1121
92.0964
91.9953
91.7406
91.5509
91.4068
91.294
91.2145
91.1945
91.1549
91.0822
91.0175
90.9676
90.7706
90.3773
90.1372
90.1372
90.1372
90.1372
90.1372
90.1372
90.1344
90.1307
90.1124
90.0503
89.8305
89.3809
88.8824
88.7063
88.7061
88.7061
88.7058
88.7048
88.8163
88.922
90.7418
91.0892
92.2971
92.0584
92.3394
92.3424
91.0202
89.2987
90.4998
91.1887
88.9453
88.058
87.9736
87.7786
87.5409
87.3679
87.1274
86.8414
86.6569
86.6393
86.6034
87.6149
87.5426
86.9117
88.0044
93.1114
91.5252
96.89
105.115
110.037
116.298
119.465
117.288
110.415
111.9
113.697
117.741
119.482
120.918
116.125
104.926
91.8155
88.1291
86.2203
86.2203
86.2203
86.2203
86.2203
86.2203
86.2203
86.2203
86.2203
86.2203
86.2203
86.2203
86.2203
86.2203
86.2203
86.2203
86.22
86.2183
86.2114
86.1974
86.1862
86.1806
86.1626
86.1137
86.0193
85.9367
85.9255
85.8957
85.8618
85.8483
85.8375
85.8371
85.9728
86.1505
86.355
90.7921
93.2962
97.5869
100.892
107.365
97.9111
93.0399
89.2926
85.7485
85.653
85.6528
85.6517
85.6484
85.634
85.5951
85.5203
85.4293
85.3338
85.2357
85.1415
85.0735
84.9275
84.6662
84.4578
84.3489
84.3399
84.3399
84.3399
84.3399
84.3399
84.3399
84.3399
84.3397
84.338
84.3309
84.3138
84.2938
84.2608
84.1766
84.0621
83.9454
83.8009
83.5555
83.2914
83.2082
83.2082
83.2082
83.2082
83.2082
83.2082
83.2082
83.2081
83.2068
83.1998
83.1779
83.1188
83.0743
83.0629
83.0629
83.0629
83.0629
83.0629
83.0629
83.0629
83.0629
83.0629
83.0629
83.0629
83.062
83.0551
83.0117
82.8471
82.4433
82.207
82.1965
82.1965
82.1965
82.1965
82.1965
82.196
82.1937
82.1914
82.1868
82.4518
84.3416
90.9564
86.5218
84.491
81.9779
81.7338
81.7331
81.7298
81.7132
81.6647
81.6188
81.6115
81.6115
81.6115
81.6115
81.6115
81.6115
81.6115
81.6115
81.6115
81.6115
81.6115
81.6115
81.6115
81.6115
81.6114
81.6113
81.6104
81.6082
81.6069
81.6069
81.6069
81.6069
81.6069
81.6069
81.6067
81.6067
81.6057
81.6024
81.5875
81.5329
81.4635
81.4411
81.4411
81.4411
81.4411
81.4411
81.4411
81.4411
81.4411
81.4411
81.4411
81.4411
81.4411
81.4411
81.4411
81.4411
81.4411
81.4411
81.4411
81.4411
81.4411
81.4411
81.4411
81.4411
81.4408
81.4408
81.4399
81.4363
81.4215
81.3733
81.2628
81.1338
81.02
80.9525
80.9244
80.9237
80.9209
80.9038
80.8434
80.6998
80.5268
80.3643
80.2602
80.1523
80.0208
79.9306
79.9088
79.9088
79.9086
79.9079
79.9068
79.9063
79.9063
79.9063
79.9063
79.9063
79.9063
79.9063
79.9063
79.9063
79.9063
79.9062
79.9058
79.9026
79.8904
79.8517
79.7452
79.6062
79.5284
79.5023
79.4193
79.3303
79.2952
79.2777
79.2777
79.2777
79.2777
79.2777
79.2777
79.2777
79.2777
79.2777
79.2777
79.2775
79.2764
79.2657
79.2145
79.1286
79.1013
79.1013
79.1013
79.1013
79.1013
79.1013
79.1013
79.1013
79.1013
79.1013
79.1013
79.1013
79.1013
79.1013
79.1013
79.1013
79.1013
79.1012
79.1009
79.0997
79.0935
79.0741
79.0263
78.9908
78.9769
78.9769
78.9769
78.9769
78.9769
78.9769
78.9769
78.9769
78.9769
78.9769
78.9769
78.9769
78.9769
78.9769
78.9769
78.9769
78.9769
78.9769
78.9769
78.9769
78.9769
78.9769
78.9769
78.9769
78.9769
78.9769
78.9769
78.9769
78.9769
78.9769
78.9769
78.9769
78.9769
78.9769
78.9765
78.9761
78.9748
78.9731
78.966
78.9542
80.8876
84.6761
83.8615
84.3136
80.4619
78.99
78.5577
78.5555
78.5553
78.5533
78.5473
78.5238
78.4727
78.431
78.4206
78.3951
78.3431
78.2692
78.177
78.106
78.077
78.0737
78.0727
78.0678
78.0561
78.042
78.0313
78.0313
78.0303
78.0291
78.0248
78.0152
78.1268
80.6068
83.2025
85.1872
84.5614
84.6706
84.0761
81.6397
79.8847
77.0562
76.9202
76.9202
76.9202
76.9202
76.9202
76.9202
76.9202
76.9202
76.9202
76.9202
76.9202
76.9202
76.9202
76.9202
76.9184
76.9116
76.8771
76.7431
76.3273
75.5584
74.7372
73.9563
73.3664
73.2
73.2
73.2
73.2
73.1997
73.1994
73.1991
73.1984
73.1943
73.1889
73.1758
75.2234
82.6604
84.7843
83.7795
83.0676
81.1628
77.2143
74.1719
72.8646
72.2959
72.1265
72.1241
72.1241
72.1241
72.1241
72.1241
72.1241
72.1241
72.1241
72.1241
72.1241
72.1241
72.1235
72.1213
72.109
72.0844
72.0669
72.063
72.3355
73.4208
72.4883
72.1621
72.0232
71.9908
71.9908
71.9908
71.9908
71.9908
71.9908
71.9908
71.9908
71.9902
71.99
71.9834
71.9596
71.8952
71.7823
71.7072
71.7072
71.7072
71.7072
71.7072
71.7072
71.7072
71.7072
71.7072
71.7072
71.7072
71.7072
71.7072
71.7072
71.7072
71.7072
71.7072
71.7072
71.7072
71.7072
71.7072
71.7072
71.7072
71.7072
71.7069
71.7037
71.6818
71.613
71.4719
71.4217
71.4217
71.4217
71.4217
71.4217
71.4217
71.4217
71.4217
71.4217
71.4217
71.4217
