2723.98
2550.8
2412.17
2308.57
2197.93
2093.73
1988.65
1905.48
1820.94
1768.69
1713.08
1666.96
1606.13
1542.01
1483.06
1434
1394.29
1355.08
1322.09
1280.72
1244.67
1210.26
1169.09
1141.06
1115.22
1087.86
1066.07
1045.23
1016.13
996.687
975.389
942.537
906.298
878.757
848.207
822.327
794.328
766.308
740.997
725.698
705.064
690.122
676.319
663.599
643.133
625.544
612.213
605.377
595.066
580.59
575.021
566.965
560.17
553.166
545.788
541.502
536.15
531.604
524.901
519.632
512.906
506.366
500.212
493.363
488.7
484.979
480.574
477.771
475.393
472.463
469.131
465.744
459.725
452.417
445.475
442.046
435.823
431.527
428.445
425.286
420.949
418.047
415.577
413.44
410.412
408.325
406.214
405.477
404.64
401.221
400.356
397.515
392.954
388.382
382.618
380.94
373.319
362.96
361.204
359.421
357.362
355.675
352.875
350.388
347.153
341.663
336.317
328.704
320.596
313.064
307.064
300.392
296.237
290.728
286.537
283.018
279.006
274.882
271.53
268.599
265.726
264.637
263.961
263.876
263.54
262.65
260.858
259.332
257.676
256.001
253.902
252.159
250.681
248.897
247.239
246.152
245.413
244.674
244.045
243.407
242.855
242.488
241.973
240.735
239.281
237.806
237.184
236.681
235.992
235.397
234.75
233.537
232.261
230.572
229.403
227.721
225.337
222.445
219.387
217.975
216.859
215.062
211.935
204.838
200.011
198.632
197.454
195.697
193.609
192.16
191.2
190.494
189.824
188.876
187.69
186.37
186.006
185.512
184.643
185.571
185.334
184.028
183.532
182.041
181.462
179.433
178.764
176.621
175.142
173.706
172.765
172.345
172.102
171.683
171.209
170.402
169.363
167.775
166.614
165.779
165.177
164.74
164.475
164.104
163.372
162.862
162.527
162.307
161.723
161.008
160.464
160.003
159.757
159.727
159.707
160.06
159.728
159.408
158.592
156.889
155.705
154.891
154.638
154.437
154.242
153.594
152.683
151.795
150.98
150.592
150.19
149.508
148.588
147.471
146.347
144.196
142.89
141.649
140.358
139.304
138.321
137.677
137.295
136.979
136.603
136.133
135.583
135.172
134.652
134.411
134.39
134.323
134.113
133.601
133.025
132.826
132.774
132.7
132.625
132.557
132.386
132.043
131.791
131.665
131.658
131.652
131.617
131.479
131.133
130.719
130.579
130.396
129.961
129.48
129.261
129.128
129.046
128.482
126.935
125.114
124.14
123.624
123.283
123.247
123.209
123.198
123.198
123.197
123.194
123.18
123.089
122.696
122.101
121.643
121.383
121.355
121.331
120.745
120.039
119.942
119.566
119.085
118.774
118.544
118.417
118.38
118.371
118.361
118.32
118.202
118.077
118.383
118.671
118.714
117.563
116.123
115.8
115.004
114.783
114.543
114.239
113.987
113.787
113.773
113.773
113.772
113.771
113.768
113.757
113.726
113.735
114.049
115.622
117.683
120.969
124.379
121.476
116.719
114.08
112.005
110.686
110.1
110.002
109.747
109.265
108.516
107.809
107.487
107.429
107.19
106.408
104.125
102.424
101.898
101.862
101.859
102.197
102.087
105.602
110.047
115.574
116.764
119.495
113.295
108.92
101.57
99.9527
99.6967
99.5176
99.4147
98.9946
98.8781
98.8724
98.8687
98.8391
98.6654
98.1232
97.4447
99.2373
101.578
108.115
105.199
104.987
97.8738
96.7508
95.7639
93.9938
93.5192
93.2048
93.2048
93.5352
96.5245
100.291
104.231
104.6
113.217
118.595
113.074
106.727
97.7627
94.7511
91.9792
91.666
91.4731
91.4304
91.3437
91.1834
91.1046
91.1716
91.0155
90.9658
90.8795
91.0572
92.8336
94.9735
93.654
95.5016
95.9604
95.0069
94.0399
92.3325
91.7567
89.6757
88.4866
88.4531
88.3617
88.3507
88.3481
88.3255
88.2292
88.0721
87.8083
87.5092
87.3759
87.3237
87.3083
87.3025
87.2847
87.2399
87.1293
86.9765
87.1684
86.3199
85.5208
85.2918
85.09
84.779
84.6227
84.5823
84.5823
84.5806
84.579
84.5774
84.7864
86.3857
88.4273
91.9684
100.722
109.388
113.895
118.179
110.298
114.259
125.533
122.287
115.465
103.794
92.7007
85.5658
83.7555
83.014
82.9607
82.9524
82.8996
82.7336
82.4364
82.4869
82.2352
82.0069
82.0605
81.7164
81.5043
81.4705
81.4705
81.4705
81.4705
81.4705
81.4705
81.4705
81.4705
81.4705
81.4705
81.4705
81.4703
81.4699
81.4679
81.4643
81.4472
81.3991
81.3206
81.2405
81.2083
81.1188
80.9597
80.8129
80.4104
80.0192
79.754
79.3742
79.2436
79.0553
79.0525
79.0525
79.0525
79.0525
79.0525
79.0525
79.0525
79.052
79.049
79.0392
78.9893
78.896
78.8288
78.7914
78.7557
78.697
78.628
78.5062
78.327
78.1562
78.1111
78.108
78.108
78.1077
78.1077
78.103
78.0785
77.9948
77.8836
77.8272
77.8272
77.8266
77.8192
77.806
77.7573
77.6483
77.3518
76.5954
75.7425
75.2652
74.979
74.8559
74.6682
74.5761
74.5474
74.5473
74.5464
74.5424
74.523
74.4704
74.383
74.2674
74.03
74.1366
73.9588
73.9605
73.6651
73.5929
73.4538
73.2687
73.1057
73.1146
75.2667
75.8083
82.6454
87.3878
92.764
93.2874
98.8858
103.935
98.7056
92.6243
79.5196
74.2927
72.8738
72.8738
72.8738
72.8738
72.8738
72.8738
72.8738
72.8738
72.8738
72.8708
72.8543
72.7571
72.4543
72.1316
72.1206
72.1206
72.1206
72.1206
72.1206
72.1206
72.1206
72.1206
72.1202
72.1192
72.1113
72.089
72.0153
71.8513
71.697
71.6546
71.6546
71.6546
71.6539
71.6509
71.6393
71.6004
71.505
71.3878
71.3157
71.2904
71.2251
71.181
71.1695
71.1631
71.1439
71.0816
71.0134
70.9877
70.9877
70.9877
70.9877
70.9877
70.9877
70.9874
70.9855
70.9771
70.9524
70.9214
70.8935
70.851
70.8117
70.8066
70.8066
70.8066
70.8066
70.8066
70.8066
70.8066
70.8066
70.8066
70.8066
70.8066
70.8066
70.8066
70.8066
70.8066
70.8062
70.804
70.7908
70.7421
70.6549
70.6248
70.6248
70.6248
70.6248
70.6248
70.6248
70.6248
70.6248
70.6248
70.6248
70.6248
70.6248
70.6248
70.6248
70.6229
70.603
70.4885
70.1285
69.7616
69.7165
69.7165
69.7165
69.7165
69.7165
69.7165
69.7165
69.7165
69.7165
69.7165
69.7165
69.7165
69.7165
69.7165
69.7162
69.7078
69.6741
69.5822
69.5196
69.5048
69.5048
69.5048
69.5048
69.5048
69.5048
69.5048
69.5048
69.5048
69.5022
69.4896
69.4485
69.3149
69.1527
69.1444
69.1444
69.1444
69.1444
69.1441
69.1429
69.1229
69.04
68.8825
68.7645
68.6539
68.5411
68.5263
68.5263
68.5263
68.5263
68.5263
68.5263
68.5263
68.5263
68.5263
68.5263
68.5263
68.5263
68.5263
68.5263
68.5263
68.5263
68.5263
68.5263
68.5263
68.5263
68.5263
68.5263
68.5263
68.5263
68.5263
68.5263
68.5263
68.5263
68.5263
68.5263
68.5263
68.5263
68.5263
68.5263
68.5263
68.5259
68.5259
68.5259
68.5259
68.5251
68.524
68.5195
68.5134
70.5422
75.5473
78.8835
78.1337
72.0585
69.0459
68.1536
68.1151
68.0986
68.0819
68.0847
68.5208
69.6454
68.8535
71.0139
78.3487
85.1393
90.1399
98.8308
102.584
102.722
99.5033
94.1195
78.8482
71.0537
68.2234
68.0558
68.0558
68.0558
68.0558
68.0558
68.0558
68.0558
68.0558
68.0558
68.0558
68.0558
68.0558
68.0558
68.0558
68.0558
68.0558
68.0558
68.0558
68.0558
68.0558
68.0558
68.0558
68.0549
68.0481
68.0033
67.7868
67.3182
67.0835
67.0835
67.0835
67.0835
67.0835
67.0835
67.0835
67.0835
67.0835
67.0835
67.0835
67.0835
67.0835
67.0835
67.0835
67.0835
67.0835
67.0821
67.0725
67.0053
66.8068
66.5041
66.4007
66.4007
66.4007
66.4007
66.4007
66.4006
66.3982
66.3798
66.3353
66.2988
66.2988
66.2988
66.2988
66.2988
66.2988
66.2988
66.2988
66.2988
66.2988
66.2988
66.2988
66.2988
66.2988
66.2988
66.2988
66.2988
66.2988
66.2988
66.2988
66.2988
66.2988
66.2988
66.2988
66.2988
66.2988
66.2988
66.2988
66.2988
66.2988
66.2988
66.2988
66.2988
66.2988
66.2988
66.2988
66.2988
66.2988
66.2988
66.2988
66.2988
66.2988
66.2988
66.2988
66.2988
66.2988
66.2988
66.2988
66.2988
66.2988
66.2988
66.2988
66.2988
66.2988
66.2988
66.2988
66.2988
66.2988
66.2988
66.2988
66.2988
66.2988
66.2988
66.2988
66.2988
66.2988
66.2988
66.2988
66.2988
66.2979
66.2946
66.268
66.1158
65.6899
65.467
65.467
65.467
65.467
65.467
65.467
65.467
65.467
65.467
65.467
65.467
65.467
65.467
65.467
65.467
65.467
65.467
65.467
65.467
65.467
65.467
65.467
65.467
65.467
65.467
65.467
65.467
65.467
65.467
65.467
65.467
65.467
65.467
65.467
65.467
65.467
65.467
65.467
65.467
65.467
65.467
65.467
65.467
65.467
65.467
65.467
65.467
65.467
65.467
65.467
65.467
65.467
65.467
65.467
65.467
65.467
65.467
65.467
65.467
65.467
65.467
65.467
65.467
65.467
65.467
65.467
65.467
65.467
65.467
