2761.82
2609.04
2459.94
2306.88
2215.31
2121.41
2016.05
1920.42
1817.39
1727.62
1644.07
1573.36
1516.87
1473.78
1437.32
1398.13
1367.04
1334.59
1293.95
1268.36
1237.73
1203.23
1172.19
1150.49
1131.32
1103.82
1081
1053.98
1039.67
1015.18
1004.11
991.235
987.35
972.125
962.081
949.277
934.486
914.596
895.794
876.82
859.211
846.424
830.487
806.195
787.808
768.759
750.72
735.298
723.388
712.047
701.589
688.247
672.499
653.493
637.215
620.593
609.024
600.899
594.239
587.488
581.667
577.656
572.969
566.542
559.272
550.6
540.201
530.173
523.488
516.47
508.828
501.639
493.535
488.695
484.203
480.645
477.859
474.827
471.313
467.879
464.216
460.522
456.085
452.313
445.371
438.089
433.77
429.474
423.066
415.227
406.921
398.418
390.338
383.751
378.265
375.064
370.383
366.333
362.051
358.861
355.209
351.722
348.332
344.669
341.675
336.872
331.837
326.825
321.648
316.913
313.115
310.688
308.819
307.429
305.156
302.204
298.066
293.832
290.723
288.689
286.838
285.223
283.447
281.452
279.748
278.294
277.19
276.539
276.009
275.517
275.018
274.46
274.203
274.551
272.845
271.374
269.346
266.826
264.219
262.112
260.319
258.991
257.986
257.132
256.066
254.658
252.546
250.176
248.097
246.1
243.873
242.524
240.881
239.468
238.037
236.353
235.461
233.779
232.475
230.486
228.149
225.481
223.295
221.597
220.064
219.228
218.483
217.536
216.482
215.548
214.495
213.804
212.841
211.384
209.179
206.35
205.178
204.699
204.661
204.579
204.46
204.146
203.52
203.379
203.001
202.259
200.395
196.198
191.906
190.564
190.434
190.306
190.68
191.029
190.99
192.969
195.543
197.683
194.896
191.849
191.369
186.225
181.45
179.6
179.066
178.324
177.381
176.769
176.236
175.944
174.98
173.339
172.198
171.23
170.013
168.831
167.846
166.388
165.343
164.508
164.052
163.557
163.145
163.595
164.081
164.048
159.674
155.143
149.212
144.82
144.503
143.553
142.965
142.301
141.284
139.679
137.169
134.378
132.253
131.425
131.2
130.732
130.064
129.31
128.69
128.362
127.91
126.874
125.648
124.597
124.206
124.052
123.606
123.133
122.927
122.694
122.389
122.024
121.68
121.287
120.92
120.339
120.066
119.828
119.587
119.044
118.158
117.462
116.935
116.299
115.983
115.767
115.689
115.65
115.492
115.024
114.668
114.932
115.38
113.017
109.299
107.741
106.509
106.475
106.467
106.43
106.342
106.231
106.157
106.091
105.917
105.635
104.893
104.413
103.913
103.673
103.43
103.156
103.217
102.397
102.283
102.205
102.154
102.081
101.733
101.454
101.392
101.371
101.326
101.222
101.034
100.76
100.428
100.051
99.6104
98.9983
98.3179
97.7508
97.164
96.488
95.8993
95.3982
94.8133
94.064
93.3702
92.6572
91.6429
91.0679
90.9896
90.9883
90.9858
90.9799
91.1863
91.2161
91.0533
91.5494
90.809
90.12
89.7901
89.5477
89.3744
89.2033
88.8473
88.6323
88.3086
88.1235
88.0298
87.9757
87.9427
87.9357
87.93
87.911
87.8331
87.6318
87.2483
86.8423
86.0865
85.389
85.0591
84.7828
84.5458
84.1709
83.6887
83.4015
83.3435
83.2447
83.1534
83.085
83.0512
82.9548
82.8366
82.7731
82.7697
82.7494
82.6738
82.441
82.1373
81.9096
81.7318
81.598
81.4904
81.2406
80.7947
80.3046
80.0883
79.8585
79.3745
78.9545
78.6712
78.5246
78.3127
77.949
77.4843
77.1134
76.8676
76.5988
75.8361
74.9608
74.3495
74.3261
74.3733
75.472
78.2122
79.7564
76.6576
76.6183
74.2894
74.8333
73.8045
73.7508
73.7508
73.7508
73.7503
73.7479
75.0443
75.5658
74.2995
75.2161
73.3559
73.2831
73.2783
73.2672
73.2667
73.2663
73.2647
73.2611
73.2421
73.1259
72.7694
72.4423
72.29
72.2366
72.1773
72.1684
72.1626
72.1497
72.129
72.0979
72.0213
71.8569
71.762
71.6642
71.4465
71.5285
71.5217
71.5948
71.4397
71.3559
71.2499
71.2377
71.2415
71.2209
71.1737
71.1542
71.1333
71.1179
71.1072
71.1018
71.0966
71.0924
71.1004
71.4975
73.3754
73.8139
77.7468
80.1679
81.2273
82.4434
84.0262
79.2733
76.1031
73.5669
73.0284
71.0806
69.7697
69.4522
69.397
69.255
68.9149
68.7532
68.2432
67.8343
67.8522
67.8321
67.8222
67.8204
68.267
68.2885
70.8489
70.6814
72.6558
73.7865
75.741
74.7966
74.0114
73.3032
70.3856
67.9622
67.1551
67.1328
67.1099
67.0888
67.0231
66.9386
66.8685
66.796
66.7125
66.666
66.6623
66.6511
66.6096
66.4846
66.2298
66.0456
65.9672
65.9665
65.9617
65.9449
65.8831
65.7222
65.5651
65.4695
65.4695
65.4695
65.469
65.4667
65.4559
65.4281
65.3428
65.1672
64.9995
64.8188
64.6535
64.4357
64.1375
63.8779
63.6624
63.5416
63.5416
63.5416
63.5416
63.5416
63.5416
63.5412
63.539
63.5252
63.4767
63.3372
63.1559
63.0269
62.8267
62.6871
62.6871
62.6847
62.6836
62.6777
62.6498
62.551
62.3042
61.99
61.6972
61.5219
61.5216
61.5216
61.5216
61.5216
61.5216
61.5216
61.5216
61.5216
61.5214
61.5209
61.5194
61.5126
61.4908
61.4291
61.3664
61.3488
61.3488
61.3488
61.3488
61.3487
61.3487
61.3482
61.3466
61.3425
61.3362
61.3313
61.3294
61.3294
61.3294
61.3294
61.3294
61.3294
61.3294
61.3294
61.3294
61.3286
61.3235
61.3053
61.2579
61.1755
61.0801
60.9936
60.9641
60.9517
60.9517
60.9517
60.9517
60.9517
60.9517
60.9517
60.9515
60.9513
60.9487
60.9396
60.9088
60.8352
60.7093
60.5803
60.4989
60.486
60.4769
60.4718
60.4506
60.3808
60.2875
60.2559
60.2559
60.2559
60.2559
60.2559
60.2559
60.2559
60.2559
60.2559
60.2559
60.2559
60.2559
60.2557
60.2547
60.2497
60.2376
60.2289
60.2241
60.2241
60.2241
60.2241
60.2241
60.2241
60.2241
60.2241
60.2241
60.2241
60.2241
60.2241
60.2241
60.2241
60.2241
60.2241
60.2241
60.2241
60.2241
60.2241
60.2241
60.2241
60.2241
60.2241
60.2241
60.2241
60.2241
60.2241
60.2241
60.2241
60.2241
60.2241
60.2241
60.2241
60.2241
60.2241
60.2241
60.2241
60.2241
60.2241
60.2241
60.2241
60.2241
60.2241
60.2241
60.2241
60.2241
60.2241
60.2241
60.2241
60.2241
60.2241
60.2241
60.2241
60.2241
60.2241
60.2231
60.2198
60.2071
60.1769
60.0811
59.8567
59.7315
59.3533
59.1543
58.9917
58.9515
58.9417
58.9417
58.9417
58.9417
58.9417
58.9417
58.9417
58.9417
58.9417
58.9415
58.9404
58.9372
58.9215
58.8645
58.7947
58.753
58.753
58.753
58.753
58.753
58.753
58.753
58.753
58.753
58.753
58.753
58.753
58.753
58.753
58.753
58.753
58.753
58.753
58.753
58.753
58.753
58.753
58.753
58.753
58.753
58.753
58.753
58.7499
58.7446
58.7255
58.6831
58.5759
58.4723
58.4299
58.4051
58.4051
58.4051
58.4051
58.4051
58.4051
58.4051
58.4051
58.4051
58.4051
58.4051
58.4051
58.4051
58.4046
58.4009
58.3854
58.2965
58.0318
57.6577
57.3497
57.2138
57.1452
57.1452
57.1452
57.1452
57.1765
58.0835
62.63
69.3253
78.2852
82.7664
90.0028
97.0893
99.4068
87.2974
70.8189
63.8779
60.6992
57.1452
57.1452
57.1452
57.1452
57.1452
57.1452
57.1452
57.1452
57.1452
57.1452
57.1452
57.1452
57.1452
57.1452
57.1448
57.1445
57.1429
57.135
57.113
57.0434
56.9227
56.8498
56.8173
56.8173
56.8173
56.8173
56.8173
56.8173
56.8173
56.8173
56.8173
56.8169
56.8164
56.8143
56.8019
56.7618
56.6538
56.4742
56.3905
56.3905
56.3905
56.3905
56.3905
56.3905
56.3905
56.3905
56.3905
56.3905
56.3905
56.3905
56.3905
56.3905
56.3905
56.3905
56.3905
56.3905
56.3905
56.3905
56.3905
56.3905
56.3905
56.3905
56.3905
56.3905
56.3905
56.3905
56.3905
56.3905
56.3905
56.3905
56.3905
56.3905
56.3905
56.3905
56.3905
56.3905
56.3905
56.3905
56.3905
56.3905
56.3905
56.3905
56.3902
56.3902
56.3881
56.3788
56.3443
56.2418
56.1266
56.078
56.0567
56.0309
56.0178
56.0178
56.0178
56.0178
56.0178
56.0178
56.0178
56.0178
56.0178
56.0178
56.0178
56.0178
56.0178
56.0178
56.0178
56.0178
56.0178
56.0178
56.0178
56.0178
56.0178
56.0178
56.0178
56.0178
56.0178
56.0178
56.0178
56.0178
56.0178
56.0178
56.0178
56.0178
56.0178
56.0178
56.0178
56.0178
56.0178
56.0178
56.0178
56.0178
56.0178
56.0178
56.0178
56.0178
56.0178
56.0178
56.0178
56.0178
56.0178
56.0178
56.0178
56.0178
56.0178
56.0178
56.0178
56.0178
56.0178
56.0178
56.0178
56.0178
56.0178
56.0178
56.0178
56.0178
56.0178
56.0178
56.0178
56.0178
56.0178
56.0178
56.0178
56.0178
56.0178
56.0178
56.0178
56.0178
56.0178
56.0178
56.0178
56.0178
56.0176
56.0165
56.0141
56.0024
55.9684
55.8974
55.8437
55.8429
55.8429
55.8429
55.8429
55.8429
55.8429
55.8429
55.8429
55.8429
55.8429
55.8429
55.8429
55.8429
55.8429
55.8429
55.8429
55.8429
55.8429
55.8429
55.8429
55.8429
55.8429
55.8429
