2757.86
2594.34
2420.56
2283.32
2153.45
2057.39
1977.85
1905.7
1855.47
1807.81
1763.18
1731.16
1693.82
1669.99
1638.77
1618.8
1580.28
1537.89
1497.37
1451.3
1403.66
1346.41
1299.81
1258.79
1226.16
1200.71
1175.93
1154.18
1128.19
1097.27
1071.82
1048.84
1026.69
1005.51
984.511
964.139
946.103
923.705
900.908
874.585
848.45
831.279
812.996
793.78
777.493
765.718
752.246
742.2
729.669
721.839
714.016
707.372
695.876
683.428
672.98
663.179
644.676
630.627
619.22
610.485
601.982
599.115
593.64
587.421
582.954
575.756
570.061
565.155
556.768
547.835
540.385
532.9
524.358
516.732
508.337
501.412
498.325
494.101
486.451
478.941
472.098
468.661
458.817
453.514
438.635
425.576
417.052
411.779
404.4
400.058
395.09
391.661
386.458
381.639
376.442
372.932
370.416
368.915
366.444
362.98
360.189
356.287
352.715
347.833
344.492
339.222
333.33
328.083
323.383
319.365
316.18
313.448
311.524
308.987
306.319
303.494
301.146
299.43
298.735
296.727
295.616
292.727
291.405
286.635
281.802
277.844
274.621
272.553
270.609
268.678
266.875
265.499
265.566
266.132
266.344
268.138
267.919
267.599
267.841
269.876
271.603
271.814
271.853
265.835
259.808
252.853
248.136
246.346
244.13
243.112
242.321
241.613
240.423
238.128
236.301
235.276
234.635
233.796
232.769
231.54
230.977
228.76
226.085
224.267
222.533
220.348
218.742
217.117
215.46
213.3
210.942
208.012
205.043
203.487
203.097
202.978
202.551
201.584
200.709
199.893
199.365
198.707
197.807
196.727
195.424
194.447
193.391
192.745
192.183
191.623
190.866
190.131
189.472
188.969
188.721
188.217
187.941
187.801
187.513
186.68
186.144
185.873
185.582
185.229
184.988
184.461
184.341
183.849
182.671
181.49
179.39
177.624
175.452
173.721
172.82
171.913
170.514
166.973
161.286
156.818
153.619
151.892
151.779
151.522
150.935
150.078
149.128
148.411
148.123
147.688
147.142
146.649
146.465
146.068
145.564
145.151
145.059
144.663
143.136
142.26
140.878
140.111
139.29
138.319
137.405
136.475
135.352
134.376
133.359
132.681
132.246
131.552
130.072
129.063
128.149
127.618
127.583
127.543
127.425
127.14
126.893
126.591
126.268
125.886
125.582
125.599
127.135
123.981
122.514
121.795
121.338
120.964
120.359
119.728
119.142
118.863
118.842
118.461
118.493
118.286
119.072
118.511
118.215
117.663
116.795
116.039
115.367
114.738
114.243
113.598
112.579
112.165
111.528
111.378
111.272
111.019
110.653
110.202
109.638
108.885
108.33
107.676
107.218
106.758
106.407
106.153
105.988
105.901
105.901
105.901
105.9
105.897
105.89
105.867
105.815
106.292
106.428
105.756
105.772
105.826
105.618
105.691
105.789
105.226
104.263
103.688
103.554
103.541
103.505
103.438
103.414
103.407
103.392
103.307
103.129
102.599
101.852
101.358
101.001
100.135
99.9724
99.9286
99.7966
99.4687
98.9821
98.6519
98.5378
98.3368
98.3058
98.2812
98.2425
98.5753
98.2358
98.0613
98.0158
97.8379
97.7762
97.662
97.5103
97.2567
96.8582
96.7067
96.6291
100.168
110.132
118.129
128.574
129.692
123.763
116.614
113.071
101.645
99.558
94.8861
94.0529
93.8271
93.7945
93.771
93.7599
93.7767
93.6837
93.5133
93.3276
93.1007
92.9768
92.9683
92.9409
92.8893
92.8572
92.8129
92.7516
92.6608
92.8294
92.5666
92.1653
91.9628
91.6773
91.8157
91.4792
91.7442
91.041
90.663
90.9793
91.6102
94.4263
98.0635
99.3146
100.324
101.758
101.786
99.2081
100.066
96.6621
97.8847
99.1398
99.6699
100.207
98.5035
94.3399
88.7767
87.0001
87.6785
85.6402
85.2468
85.1895
85.1895
85.1895
85.1893
85.1886
85.1853
85.1726
85.1355
85.0439
84.9513
84.8569
84.7531
84.6865
84.6358
84.6166
85.0261
85.4208
85.5892
85.1148
85.2308
85.5365
84.7262
83.8325
83.5782
83.5714
83.5482
83.4885
83.4438
83.5663
83.46
83.337
83.7622
83.0198
82.9446
83.0005
82.9083
82.8854
82.8635
82.844
82.8356
82.8066
82.8987
82.9564
82.9909
84.4248
85.9974
87.6668
90.4564
99.7856
102.667
104.35
112.407
111.896
118.36
109.308
99.7161
85.5821
81.7333
81.5207
81.443
81.278
80.8914
80.3849
80.2695
80.2809
80.4613
81.1348
85.2392
85.5716
89.3895
94.7229
102.052
105.371
115.937
107.515
103.008
93.1122
87.763
87.8486
83.9604
80.1624
80.0681
80.0681
80.0681
80.0681
80.0681
80.0681
80.0681
80.0681
80.0681
80.0681
80.068
80.0676
80.0669
80.0659
80.0645
80.0562
80.0338
80.4071
79.9838
80.3248
80.5256
79.935
79.6662
79.8833
81.5753
81.7285
87.5865
93.0934
97.4979
111.928
102.311
92.5066
94.0921
81.2411
79.3691
79.0613
78.9525
78.7848
78.6463
78.6461
78.6461
78.6459
78.6455
78.6452
78.644
78.6424
78.7355
79.1503
80.8858
84.0539
87.3726
89.7155
95.1335
99.2291
102.819
105.374
115.522
110.777
104.077
103.634
86.4433
79.4205
78.5226
78.4742
78.4742
78.4739
78.4739
78.4737
78.4737
78.4725
78.4702
78.466
78.4531
78.9306
79.3061
79.0577
78.3852
78.2265
78.2265
78.2265
78.2265
78.2265
78.2265
78.2265
78.226
78.2232
78.2155
78.1946
78.1356
78.0059
77.8485
77.8141
78.0004
78.1457
78.9454
78.9806
80.0543
79.5113
79.3892
76.8798
75.9797
75.938
75.9342
75.9255
75.9015
75.8081
75.5548
75.2285
75.0573
74.9756
74.9756
74.975
74.9688
74.9143
74.6961
74.3205
73.7613
73.1447
72.9403
72.9403
72.9403
72.9403
72.9403
72.9403
72.9403
72.9403
72.9403
72.9403
72.9403
72.9403
72.9401
72.9358
72.9138
72.8377
72.765
72.744
72.744
72.744
72.7439
72.7435
72.7428
72.7404
72.7432
72.7279
72.6984
72.6157
72.449
72.2253
72.0866
72.0109
71.9863
71.9597
72.062
71.8287
71.8322
71.3252
71.16
71.1072
71.1072
71.1062
71.1029
71.0892
71.0479
70.9811
70.9261
70.9113
70.908
71.0018
70.986
72.3689
72.8237
73.0934
72.3829
70.5352
70.217
70.2148
70.2148
70.2148
70.2148
70.2148
70.2148
70.2148
70.2146
70.2146
70.214
70.2121
70.2037
70.168
70.0692
69.9101
69.6203
69.381
69.1829
69.0755
69.0428
69.0428
69.0428
69.0428
69.0427
69.0427
69.0438
70.9061
76.8398
84.0112
89.0541
95.2343
92.7905
81.4296
73.5034
69.9614
69.0225
69.0225
69.0225
69.0225
69.0225
69.0225
69.0225
69.0225
69.0225
69.0225
69.0225
69.0225
69.0225
69.0225
69.0225
69.0225
69.0225
69.0225
69.0225
69.0225
69.0225
69.0225
69.022
69.0166
68.9712
68.7905
68.4528
68.4322
68.4322
68.4322
68.4319
68.4315
68.4303
68.4213
68.3926
68.3243
68.2707
68.2088
68.2061
68.2061
68.2061
68.2061
68.2061
68.2061
68.2061
68.2061
68.2061
68.2061
68.2061
68.2061
68.2061
68.2046
68.2046
68.2018
68.1998
68.1916
68.8197
69.1421
72.9521
78.3513
80.0479
76.0038
72.1343
68.676
66.8339
66.7893
66.7832
66.7945
66.8793
66.747
66.7256
66.7162
67.5953
67.2841
67.1367
67.1133
66.5917
66.5546
66.5546
66.5546
66.5546
66.5546
66.5546
66.5546
66.5546
66.5546
66.5546
66.5546
66.5546
66.5546
66.5546
66.5546
66.5546
66.5546
66.5546
66.5546
66.5546
66.5546
66.5546
66.5546
66.5546
66.5546
66.5546
66.5546
66.5546
66.5546
66.5546
66.5546
66.5546
66.5546
66.5546
66.5546
66.5546
66.5546
66.5546
66.5546
66.5546
66.5546
66.5546
66.5546
66.5546
66.5546
66.5546
66.5546
66.5546
66.5546
66.5546
66.5546
66.5546
66.5546
66.5546
66.5546
66.5536
66.5502
66.5336
66.4799
66.3418
66.1876
66.0829
66.0666
66.0666
66.0666
66.0659
66.0644
66.0623
66.0566
66.0437
66.3855
68.3903
73.9587
78.1543
78.9588
83.7975
88.1979
88.0545
97.0086
91.3884
82.079
72.3865
67.8911
65.3952
65.3506
65.3506
65.3506
65.3506
65.3506
65.3506
65.3505
65.3502
65.3485
65.3421
65.3215
65.2802
65.2758
65.3128
66.6019
66.8273
69.279
70.0164
67.6472
65.5344
65.0443
65.035
65.035
65.035
65.035
65.035
65.035
65.035
65.035
65.0349
65.0345
65.0307
65.0141
64.9315
64.7572
64.6795
64.6578
64.6578
64.6578
64.6578
64.6578
64.6572
64.656
64.656
64.6586
65.5103
65.9838
67.4028
70.112
75.2031
76.5838
78.2345
75.3238
68.7638
70.3923
66.4235
64.6389
64.0863
64.0863
64.0863
64.0863
64.0863
64.0863
64.0863
64.0863
64.0863
64.0863
64.0863
64.0863
64.0863
64.0863
64.0863
64.0863
64.0863
64.0863
64.0863
64.0863
64.0863
64.0863
64.0863
64.0863
64.0863
64.0863
64.0863
64.0863
64.0863
64.0863
64.0863
64.0863
64.0863
64.0863
64.0863
64.0863
64.0863
64.0863
64.0863
64.0863
64.0863
64.0863
64.0863
64.0863
64.0863
64.0863
64.0863
64.0863
64.0863
64.0863
64.0863
64.0863
64.0863
64.0863
64.0863
64.0863
64.0863
64.0863
64.0863
64.0863
64.0863
64.0863
64.0862
64.0862
64.0857
64.0841
64.0807
