2729.49
2579.6
2451.22
2329.43
2226.69
2132.76
2054.95
1977.69
1913.18
1862
1805.47
1762.84
1714.2
1677.96
1628.51
1592.22
1555.45
1516.28
1475.44
1436.71
1392.86
1347.03
1286.75
1233.72
1199.8
1163.84
1139.74
1115.72
1086.93
1067.03
1040.54
1016.92
988.763
968.115
950.35
929.732
903.799
878.677
857.176
836.312
817.526
800.173
785.052
771.672
759.546
745.97
726.485
707.572
692.411
680.081
668.515
659.491
651.697
643.486
634.936
631.478
622.662
615.673
612.01
601.938
599.597
590.636
577.554
569.575
561.861
554.804
548.336
541.601
533.788
523.541
507.214
493.154
485.806
481.417
476.772
473.038
469.01
463.814
457.692
451.664
447.508
439.889
434.964
429.969
424.604
415.272
411.266
401.634
394.972
387.857
382.295
378.002
375.142
373.681
369.831
364.575
358.192
352.079
348.68
345.623
343.497
339.889
337.603
335.639
333.471
331.172
330.023
326.311
322.803
318.229
313.219
310.329
307.62
305.03
303.089
300.197
296.879
292.549
288.601
285.384
282.213
279.59
276.489
274.486
273.283
272.099
271.126
269.82
267.887
266.342
264.294
262.456
260.077
258.242
255.707
253.508
251.06
249.964
248.769
247.614
245.229
243.46
241.745
239.834
238.194
237.128
236.176
234.974
234.551
233.392
231.197
230.319
229.221
227.129
226.679
223.435
219.968
217.693
216.651
215.738
215.094
213.687
213.012
212.634
212.039
211.528
209.582
207.265
205.315
204.434
203.747
202.687
200.633
199.239
198.255
197.598
197.428
196.945
196.245
195.257
193.791
192.26
190.285
188.664
186.843
185.652
183.876
181.929
180.944
179.784
178.384
175.896
174.528
172.463
171.772
171.381
170.646
169.994
169.216
168.698
168.294
167.576
166.99
166.521
166.282
165.915
165.454
164.682
163.475
162.111
160.961
160.347
159.821
159.103
158.51
158.242
158.105
158.135
158.119
158.367
158.169
158.487
158.532
158.19
157.979
156.366
155.032
154.207
153.243
152.559
151.906
151.366
151.3
151.171
150.364
149.127
148.399
147.959
147.748
147.617
147.563
147.218
146.953
146.372
145.928
145.692
145.407
145.125
144.939
144.821
144.905
145.119
146.551
146.463
144.458
142.993
141.171
140.749
140.156
139.653
139.128
138.664
138.232
137.722
137.068
136.394
135.489
134.572
133.736
132.932
132.364
131.519
130.494
129.224
128.453
127.934
127.202
125.777
124.735
124.451
124.258
124.125
124.073
123.987
123.899
123.78
123.668
123.248
122.408
121.753
121.523
121.291
120.801
120.077
119.64
119.353
119.247
119.049
118.684
118.34
117.817
117.314
116.953
116.736
116.695
116.664
116.619
117.057
116.68
117.052
117.147
117.043
119.611
120.528
124.375
127.96
122.238
116.135
112.823
111.711
112.749
111.399
110.698
110.257
109.759
109.078
108.77
108.292
108.176
108.038
107.782
107.331
106.567
105.066
103.406
102.865
102.807
102.631
102.439
102.211
101.948
101.633
101.37
100.969
100.706
100.424
100.055
99.8434
99.7993
99.7395
99.6965
99.6834
99.6821
99.6738
99.642
99.5328
99.3593
99.1792
98.9332
98.6125
98.2667
98.0719
97.912
97.8243
97.7703
97.5104
97.0845
96.7803
96.7253
96.7074
96.6695
96.6498
96.6486
96.637
96.6088
96.5319
96.4331
96.344
96.2911
96.2525
96.2384
96.2237
96.1826
96.1081
95.9522
95.7791
95.5664
95.1817
94.6773
94.2239
93.7462
93.2042
92.8531
92.5504
92.3296
91.8632
91.038
90.4163
90.0928
89.9666
89.9143
89.9071
89.9071
89.9071
89.9071
89.9018
89.892
89.8673
89.8877
92.3491
95.3192
97.359
97.9994
99.0556
97.8096
96.9572
92.8585
89.0862
87.7528
87.7528
87.7528
87.7528
87.7528
87.7526
87.7525
87.7507
87.746
87.7292
87.6914
87.6616
87.8343
87.5689
87.5398
87.5336
87.5241
87.4941
87.5467
91.1532
92.4996
94.338
92.633
89.8209
87.3868
86.8509
86.8391
86.7888
86.6828
86.6011
86.5488
86.5053
86.4288
86.3643
86.3371
86.3114
86.2866
86.2802
86.2802
86.2802
86.2802
86.2802
86.2802
86.2802
86.2802
86.2802
86.2802
86.2802
86.2799
86.2799
86.2795
86.2792
86.4175
86.4897
88.5065
91.9802
95.0512
97.1647
102.707
99.3516
98.2273
93.0095
89.87
86.7814
86.0536
86.0354
86.0354
86.0354
86.0353
86.0351
86.0345
86.0321
86.0256
86.0651
86.0552
85.9667
85.9547
85.9524
85.9524
85.9524
85.9524
85.9524
85.9524
85.9524
85.9524
85.9524
85.9524
85.9524
85.9524
85.9524
85.9517
85.9517
85.9482
85.9302
85.8403
85.6178
85.398
85.2973
85.286
85.2848
85.2838
85.2798
85.2649
85.2118
85.1072
84.7689
84.3153
84.0352
83.9822
83.9767
83.9761
83.9734
83.9657
83.9421
83.9014
83.8716
83.8716
83.8716
83.8712
83.8712
83.8712
83.8694
83.8676
83.8644
83.8581
83.8414
83.8129
85.6782
88.7018
88.2319
90.0677
85.9895
84.5144
83.42
83.4954
83.42
83.42
83.42
83.4196
83.4172
83.6342
84.9787
89.1045
95.1359
101.492
102.217
99.5409
97.0219
89.6422
85.1139
83.3009
83.0615
83.0083
82.9723
83.0629
83.2092
83.6194
82.9278
82.297
81.4743
81.349
81.3474
81.3437
81.3318
81.3062
81.2815
81.2604
81.2499
81.2396
81.2102
80.9863
80.4056
80.0686
80.0686
80.0686
80.0686
80.0686
80.0686
80.0686
80.0686
80.0686
80.0686
80.0686
80.0686
80.0686
80.0686
80.0686
80.0686
80.0686
80.0686
80.0686
80.0684
80.0679
80.0656
80.0578
80.035
79.9632
79.8151
79.6381
79.5578
79.5401
79.5401
79.54
79.5398
79.5381
79.5325
79.509
79.4592
79.4095
79.2955
79.01
78.7609
78.6713
78.6648
78.6648
78.6648
78.6648
78.6648
78.6641
78.6591
78.631
78.5409
78.2866
78.0819
78.0607
78.0547
78.0523
78.0523
78.0502
78.047
78.0374
77.9575
77.6922
77.2497
76.9987
76.9874
76.9872
76.9857
76.9821
76.9771
76.9729
76.9729
76.9729
76.9729
76.9706
76.9682
76.9575
76.9415
77.3919
78.7233
78.8451
77.2702
77.6351
78.7009
77.9441
81.9261
86.5491
88.9569
88.7193
93.2076
103.827
109.55
109.804
100.538
86.6502
81.3321
78.0242
76.5809
76.4777
76.4777
76.4777
76.4777
76.4777
76.4777
76.4777
76.4777
76.4777
76.4777
76.4777
76.4774
76.4774
76.4729
76.4231
76.2002
75.857
75.4493
75.4493
75.4486
75.4459
75.4355
75.4078
75.381
75.3599
75.3148
75.2779
75.2678
75.2678
75.2678
75.2678
75.2678
75.2678
75.2678
75.2678
75.2678
75.2678
75.2678
75.2678
75.2678
75.2678
75.2678
75.2678
75.2669
75.2573
75.1905
74.9451
74.5456
74.3648
74.3647
74.3642
74.3624
74.3589
75.5192
76.8479
75.2627
74.6554
74.2865
74.2865
74.2865
74.2865
74.2865
74.2865
74.2865
74.2865
74.2865
74.2865
74.2865
74.2865
74.2865
74.2865
74.2861
74.2812
74.2705
74.2275
74.093
73.9255
73.8767
73.8767
73.8767
73.8767
73.8767
73.8767
73.8767
73.8767
73.8767
73.8756
73.8727
73.8683
73.854
73.8093
73.7166
73.4342
73.2948
73.0591
72.9437
72.9428
72.9386
72.9269
72.906
72.8955
72.8903
72.8903
72.8903
72.8903
72.8903
72.8903
72.8903
72.8903
72.8903
72.8903
72.8903
72.8903
72.8903
72.8903
72.8902
72.89
72.8891
72.8854
72.8747
72.8599
72.8491
72.8491
72.8491
72.8491
72.849
72.8487
72.848
72.8448
72.8326
72.7971
72.7444
72.659
72.4639
72.2937
72.1888
72.1888
72.1888
72.1888
72.1888
72.1888
72.1888
72.1888
72.1888
72.1888
72.1888
72.1888
72.1888
72.1888
72.1888
72.1888
72.1882
72.1859
72.167
72.0861
71.8629
71.6245
71.5985
71.5985
71.5985
71.5985
71.5985
71.5985
71.5985
71.5985
71.5985
71.5985
71.5985
71.5985
71.5985
71.5985
71.5985
71.5985
71.5985
71.5985
71.5985
71.5985
71.5985
71.5985
71.5985
71.5985
71.5985
71.5985
71.5985
71.5985
71.5985
71.5985
71.5985
71.5985
71.5985
71.5985
71.5978
71.5937
71.5767
71.5047
71.2826
71.0226
70.8802
70.6685
70.0019
69.4179
69.2384
69.2384
69.2384
69.2384
69.2384
69.2384
69.2384
69.2384
69.2384
69.2383
69.2375
69.2355
69.2299
69.2088
69.1391
69.0208
68.8434
68.7725
68.6007
68.5567
68.542
68.5292
68.5292
68.5292
68.5292
68.5292
68.5292
68.5292
68.5292
68.5292
68.5292
68.5292
68.5292
68.5292
68.5292
68.5292
68.5292
68.5292
68.5292
68.5292
68.5292
68.5292
68.5292
68.5292
68.5292
68.5292
68.5292
68.5292
68.5292
68.5292
68.5292
68.5292
68.5292
68.5292
68.5292
68.5292
68.5292
68.5292
68.5292
68.5292
68.5292
68.5292
68.5292
68.5292
68.5292
68.5292
68.5292
68.5292
68.5292
68.5292
68.5244
68.4985
68.3326
67.8793
66.8956
66.428
66.4612
68.6136
74.7182
84.0733
91.0104
95.9652
97.1562
93.037
82.085
74.3541
68.1449
65.8896
65.8279
65.8278
65.8264
65.8249
65.8191
65.7972
65.7451
65.6254
65.4405
65.2989
65.2153
65.207
65.207
65.207
65.2054
65.2011
65.1891
65.1461
65.005
64.831
64.7099
64.663
64.663
64.663
64.663
