2731.46
2551.12
2375.74
2225.72
2079.7
1989.05
1919.61
1875.06
1831.21
1787.7
1751.19
1719.79
1681.18
1627.79
1577.46
1545.35
1498.17
1459.19
1425.05
1393.86
1365.59
1331.58
1291.74
1257.2
1229.43
1210.14
1185.66
1163.71
1146.84
1123.85
1098.37
1072.98
1053.78
1030.3
1006.13
986.158
970.166
950.884
935.82
914.564
886.856
857.51
828.114
800.818
776.834
750.442
726.032
706.661
691.64
679.007
667.651
657.494
649.252
642.327
636.679
628.256
620.201
610.248
601.268
592.811
583.939
577.411
572.312
567.375
562.538
556.157
548.204
540.117
530.023
520.791
513.944
506.384
496.762
484.512
474.841
465.955
458.447
452.744
448.488
443.499
439.317
434.989
431.161
428.501
422.566
418.459
412.184
401.984
394.559
389.026
383.085
375.475
367.817
362.638
357.165
352.752
348.467
345.251
340.679
337.094
332.031
327.099
323.503
320.8
316.694
312.938
309.87
305.978
302.781
299.748
297.051
294.345
291.347
288.783
285.702
282.899
280.828
279.411
277.456
274.436
272.348
269.806
267.579
264.645
263.009
261.662
260.087
258.912
257.541
255.609
252.843
250.505
248.198
246.553
245.206
243.521
241.767
240.065
238.71
236.536
233.766
230.592
227.218
225.218
223.653
222.798
221.912
220.953
219.657
218.907
218.229
217.423
216.352
215.512
214.636
212.667
209.661
206.934
205.059
202.955
200.87
199.339
198.128
197.107
196.29
195.398
194.089
192.922
192.303
191.664
191.511
191.831
191.536
192.065
194.044
194.461
195.99
197.299
197.39
195.67
190.888
188.96
187.509
185.963
184.752
183.362
182.084
181.135
179.316
176.589
173.144
170.863
168.98
167.533
166.967
166.542
166.288
165.849
165.507
165.991
166.712
167.26
170.219
169.873
168.541
167.775
169.043
164.7
163.558
160.976
163.175
162.669
162.307
162.62
161.739
160.541
159.303
158.537
158.027
157.693
157.907
157.171
156.95
154.903
154.539
154.274
154.216
154.145
154.163
154.174
154.967
153.939
153.472
153.27
153.086
152.473
152.338
152.273
151.656
151.41
151.017
150.464
149.759
148.353
147.091
146.209
145.262
143.967
142.826
142.305
141.878
141.688
141.555
141.136
140.623
140.224
139.831
139.609
138.993
138.196
137.467
137.07
136.986
136.799
136.741
136.944
136.487
136.138
135.845
135.318
134.7
134.15
133.777
133.521
133.578
133.703
133.831
134.077
134.162
134.888
137.912
137.988
137.087
137.85
137.445
137.158
137.975
140.428
137.183
134.617
132.026
131.087
131.014
130.896
130.573
129.947
129.116
128.154
127.212
126.539
125.872
125.505
125.322
124.915
124.206
123.361
122.572
121.72
121.3
121.223
121.211
121.163
121.061
120.809
120.555
120.355
120.142
119.914
119.76
119.643
119.491
119.214
118.996
118.87
118.785
118.619
118.396
118.233
118.186
118.147
118.137
118.101
118.016
117.929
117.844
117.801
117.759
117.713
117.754
117.844
117.544
116.821
116.255
115.162
113.882
112.54
111.739
111.694
114.642
115.248
117.808
119.35
125.708
126.443
125.451
124.89
120.13
114.723
110.72
109.504
109.127
108.608
108.004
107.633
107.411
107.382
107.363
107.308
107.116
106.671
106.114
104.85
103.835
102.597
102.256
102.256
102.368
102.503
102.424
102.195
102.402
101.961
101.866
101.842
101.847
101.803
101.731
101.609
101.358
101.14
100.922
100.638
100.355
100.113
101.135
105.869
106.944
114.085
129.117
134.323
135.255
128.987
117.285
102.251
99.5215
99.4897
99.3838
99.0815
98.7992
98.6639
98.6345
98.5538
98.3663
98.1747
98.0594
97.9751
97.9165
97.744
97.5889
97.3972
97.183
97.0024
96.9171
96.8138
96.526
96.0162
95.7181
95.5136
95.4192
95.4192
95.4192
95.4192
95.4192
95.4192
95.4192
95.4192
95.4191
95.4186
95.4157
95.4074
95.3791
95.3261
95.286
95.2358
95.0699
94.7797
94.524
94.4933
94.4794
94.4389
94.3735
94.4743
95.4308
95.7536
94.9772
93.9641
93.2872
93.2872
93.2872
93.2872
93.2872
93.287
93.2832
93.2727
93.2105
92.9446
92.3794
91.8798
91.5302
91.3322
91.1815
90.9665
90.7918
90.6931
90.6352
90.5936
90.4503
90.1201
89.4927
88.7898
88.1921
87.657
87.0743
86.367
85.8837
85.6701
85.6556
85.6036
85.4114
85.1033
84.7401
84.4787
84.0675
83.687
83.4267
83.2331
83.1247
83.0038
82.6979
82.3475
82.1577
81.4542
81.144
81.1096
81.0688
80.9671
80.8824
80.8477
80.8477
80.8477
80.8477
80.8477
80.8477
80.8477
80.8477
80.8477
80.8477
80.8477
80.8475
80.8464
80.8392
80.8028
80.7132
80.6412
80.6313
80.6305
80.6278
80.6241
80.9007
82.6029
85.7135
85.9424
87.7842
82.6133
79.4295
79.3668
79.3668
79.3668
79.3668
79.3668
79.3666
80.0796
81.6828
84.0406
89.9111
88.2282
88.0726
86.5849
82.4313
79.9746
79.1337
79.0338
78.9082
78.764
78.764
78.764
78.764
79.5669
79.3498
80.2507
79.8064
81.9521
84.1602
84.2843
83.2664
78.7952
77.6665
77.5435
77.4959
77.2494
77.2164
77.2164
77.2151
77.1838
77.067
77.5547
78.7757
80.1651
81.5122
81.5415
81.0729
82.5308
81.8241
82.2578
81.6138
82.2379
82.4148
80.0387
76.9971
75.7213
75.38
75.3551
75.6214
75.6042
75.2351
75.0854
75.0528
75.0192
74.9511
74.8464
74.8944
74.6683
74.6098
74.5745
74.0911
73.273
72.6719
72.4908
72.4908
72.4908
72.4908
72.4906
72.4903
72.4893
72.4859
72.4678
72.4131
72.27
72.1237
71.9761
71.729
71.6024
71.5149
71.408
71.3654
71.3616
71.3202
71.1717
71.0405
71.0176
71.0176
71.0176
71.017
71.0162
71.0128
70.9981
70.9456
70.7882
70.5917
70.3808
70.2645
70.1867
70.1296
70.0498
69.8852
69.6459
69.5325
69.4914
69.4658
69.4636
69.4636
69.4636
69.4636
69.4636
69.4636
69.4636
69.4636
69.4636
69.4636
69.4636
69.4636
69.4636
69.4636
69.4636
69.4636
69.4636
69.4636
69.4636
69.4636
69.4636
69.4636
69.4636
69.4636
69.4636
69.4636
69.4636
69.4636
69.4636
69.4636
69.4636
69.4636
69.4636
69.4636
69.4636
69.4636
69.4636
69.4636
69.4636
69.4636
69.4636
69.4636
69.4636
69.4636
69.4636
69.4636
69.4636
69.4636
69.4636
69.4636
69.4636
69.4636
69.4636
69.4636
69.4636
69.4636
69.4636
69.4636
69.4636
69.4636
69.4636
69.4636
69.4636
69.4636
69.4636
69.4636
69.4636
69.4636
69.4636
69.4636
69.463
69.4618
69.452
69.4186
69.303
69.0669
68.8653
68.8515
68.8384
68.812
68.7876
68.7779
68.7775
68.7753
68.7652
68.7118
68.5711
68.3844
68.2694
68.262
68.2618
68.261
68.2582
68.2496
68.2366
68.2219
68.186
68.0948
67.8345
67.5104
67.3554
67.3553
67.3552
67.3541
67.3502
67.3351
67.2961
67.256
67.2313
67.206
67.1235
67.0028
66.9078
66.9055
66.9055
66.9055
66.9055
66.9055
66.9055
66.9055
66.9055
66.9055
66.9051
66.9028
66.8869
66.8479
66.7893
66.7801
66.7801
66.78
66.7797
66.7785
66.7741
66.7559
66.7173
66.6904
66.6808
66.6808
66.6808
66.6808
66.6808
66.6797
66.6753
66.6569
66.5738
66.311
66.1379
66.1379
66.1379
66.1379
66.1379
66.1379
66.1379
66.1379
66.1379
66.1379
66.1379
66.1379
66.1379
66.1379
66.1376
66.1366
66.1317
66.113
66.0807
66.065
66.0614
66.0614
66.0614
66.0614
66.0614
66.0614
66.0614
66.0614
66.0614
66.0614
66.0614
66.0614
66.0614
66.0614
66.0614
66.0614
66.0614
66.0614
66.0614
66.0608
66.0562
66.0184
65.8579
65.5764
65.4893
65.4893
65.4893
65.4893
65.4893
65.4893
65.4893
65.4893
65.4893
65.4893
65.4893
65.4893
65.4893
65.4893
65.4893
65.4893
65.4893
65.4893
65.4893
65.4893
65.4893
65.4893
65.4893
65.4893
65.4893
65.4893
65.4893
65.4893
65.4893
65.4893
65.4891
65.4891
65.4886
65.4882
65.4854
65.4844
66.3474
66.7227
67.9143
67.6161
66.0885
65.3131
65.3131
65.3131
65.3131
65.3131
65.3131
65.3131
65.3131
65.3131
65.3131
65.3131
65.3131
65.3131
65.3131
65.3131
65.3131
65.3131
65.3131
65.3131
65.3131
65.3131
65.3131
65.3131
65.3131
65.3131
65.3131
65.3131
65.3131
65.3131
65.3131
65.3131
65.3131
65.3131
65.3131
65.3131
65.3131
65.3131
65.3131
65.3131
65.3131
65.3131
65.3131
65.3131
65.3131
65.3131
65.3131
65.3131
65.3131
65.3131
65.3131
65.3131
65.3131
65.3131
65.3131
65.3131
65.3131
65.3131
65.3131
65.3131
65.3131
65.3131
65.3131
65.3131
65.3131
65.3131
65.3131
65.3131
65.3131
65.3131
65.3131
65.3131
65.3131
65.3131
65.3131
65.3131
65.3131
65.3131
65.3131
65.3131
65.3131
65.3131
65.3131
65.3131
65.3131
65.3131
65.3131
65.3131
65.3131
65.3131
65.3131
65.3131
65.3131
65.3131
65.3131
65.3131
65.3131
65.3131
65.3131
65.3131
65.3131
65.3131
65.3131
65.3131
65.3131
65.3131
65.3131
65.3131
65.3131
65.3131
65.3131
65.3131
65.3131
65.3131
65.3131
65.3131
65.3131
65.3131
65.3131
65.3131
65.3131
