0.999912
1.00024
0.999585
1.00101
1.00039
1.00037
0.999962
1.00073
1.00045
1.00094
1.00127
1.00108
1.00112
1.00115
1.00104
1.00054
1.00067
1.00077
1.00081
1.00083
1.00135
1.00152
1.0014
1.00123
1.00137
1.00125
1.00112
1.00099
1.00149
1.00162
1.00173
1.00166
1.0016
1.00146
1.00147
1.00118
1.00102
1.00095
1.00111
1.00121
1.00106
1.00094
1.00069
1.00077
1.00078
1.00073
1.0007
1.00064
1.0007
1.00077
1.00075
1.00075
1.00062
1.00057
1.00055
1.00056
1.00057
1.00037
1.00033
1.00042
1.00043
1.00039
1.00048
1.00057
1.00055
1.00061
1.00064
1.00052
1.00053
1.00046
1.00056
1.00049
1.0004
1.00036
1.00036
1.00032
1.00025
1.00022
1.00027
1.00024
1.00033
1.00025
1.0002
1.00011
1.00022
1.00019
1.00015
1.0002
1.00023
1.00024
1.00023
1.00018
1.0001
1.00017
1.00015
1.00019
1.00017
1.00017
1.0002
1.00016
