0.976496
0.985353
0.991653
0.987794
0.996706
0.99922
0.997614
0.994657
0.99364
0.994718
0.995691
0.998844
1.00155
1.00277
1.00261
1.00217
1.00241
1.00096
1.00041
1.00058
1.00059
1.00089
1.0008
0.999406
0.998987
0.998944
0.998575
0.998566
0.998236
0.998646
0.997746
0.997456
0.996778
0.996981
0.997477
0.997692
0.997311
0.997462
0.997433
0.997135
0.997819
0.998101
0.997823
0.997545
0.997576
0.9975
0.99728
0.997347
0.997601
0.997344
0.997738
0.9977
0.997721
0.998007
0.997586
0.997602
0.997255
0.997564
0.997573
0.997691
0.997456
0.997743
0.997754
0.997648
0.997494
0.997415
0.997145
0.997092
0.997441
0.997399
0.997297
0.997396
0.9972
0.997427
0.997524
0.997975
0.997883
0.998264
0.998397
0.998299
0.998132
0.99827
0.998372
0.998073
0.997885
0.998
0.998199
0.998475
0.998487
0.99837
0.998045
0.997863
0.997827
0.997659
0.997766
0.99777
0.997555
0.997531
0.997428
0.997298
