0
0.0572345
0.0704324
0.0527214
0.0509939
0.0416453
0.0545484
0.0484192
0.0434651
0.0399905
0.0361728
0.0358679
0.035057
0.0326835
0.0311966
0.0291916
0.0322586
0.0304399
0.0287952
0.0273674
0.0260351
0.0251054
0.0239906
0.0231583
0.0223904
0.021643
0.0208387
0.0200832
0.0193844
0.0192626
0.0186797
0.0181307
0.0175915
0.0171068
0.0166234
0.0161898
0.0159409
0.015671
0.0152657
0.0149488
0.0145831
0.0146387
0.0150302
0.0147211
0.0144031
0.0142076
0.0139686
0.0137906
0.0136464
0.0133847
0.0131382
0.0132274
0.0129951
0.0134357
0.0131951
0.0129671
0.0130165
0.0127902
0.0126034
0.0124921
0.0124209
0.0122191
0.0120582
0.0119043
0.0117199
0.011588
0.0114518
0.0112904
0.0111261
0.0109665
0.0108657
0.0107483
0.0106526
0.0105472
0.0104193
0.0104507
0.010461
0.0103765
0.0103338
0.0102397
0.0101276
0.0100088
0.00991924
0.00983924
0.00973644
0.00965859
0.00955204
0.00947742
0.00941234
0.00930784
0.00920849
0.00912067
0.0091428
0.00904514
0.00908089
0.00902617
0.00893392
0.00885528
0.00876543
0.00870373
