2.93638
2.99361
3.05581
3.07311
3.10365
3.10451
3.14618
3.13556
3.14367
3.15305
3.15298
3.16699
3.17884
3.17499
3.1681
3.16886
3.15187
3.15313
3.1528
3.15445
3.15488
3.15863
3.15836
3.15541
3.15822
3.1606
3.16133
3.16101
3.16052
3.15601
3.15466
3.15339
3.15421
3.15303
3.15238
3.15132
3.15381
3.15601
3.15577
3.15433
3.15402
3.15059
3.14594
3.14698
3.14637
3.14452
3.14588
3.14767
3.14962
3.15023
3.15093
3.14793
3.14864
3.15287
3.15327
3.15276
3.15008
3.15003
3.15092
3.14934
3.15117
3.1511
3.15201
3.15109
3.15102
3.14998
3.14905
3.14861
3.14851
3.14841
3.1495
3.14863
3.14969
3.14878
3.14825
3.15012
3.15187
3.15289
3.15153
3.15239
3.15294
3.15327
3.15248
3.15336
3.15387
3.15304
3.15335
3.15254
3.15343
3.15354
3.15329
3.1528
3.15132
3.15127
3.14973
3.15059
3.15044
3.14996
3.14993
3.14925
