#   N_BLOCK:  ACCEPTANCE:
           1    0.685185
           2    0.675926
           3    0.660494
           4    0.678241
           5    0.675926
           6    0.658951
           7    0.661376
           8    0.652778
           9    0.635802
          10    0.636111
          11    0.631313
          12    0.626543
          13    0.622507
          14    0.625661
          15     0.62037
          16    0.613426
          17    0.616558
          18    0.611626
          19    0.611598
          20    0.609722
          21    0.608025
          22    0.604377
          23    0.603462
          24    0.603009
          25         0.6
          26    0.600071
          27    0.596708
          28    0.596561
          29    0.594828
          30     0.59321
          31    0.590203
          32    0.589988
          33    0.588664
          34    0.586601
          35    0.586772
          36    0.585134
          37    0.584835
          38     0.58309
          39    0.583096
          40    0.583102
          41    0.581527
          42    0.580908
          43    0.579242
          44    0.577862
          45    0.575926
          46    0.575282
          47    0.575847
          48    0.574074
          49    0.574263
          50    0.573889
          51    0.572622
          52    0.572293
          53    0.573375
          54     0.57356
          55    0.572559
          56    0.572586
          57     0.57245
          58    0.572318
          59     0.57172
          60     0.57037
          61    0.571494
          62    0.570341
          63    0.569812
          64    0.569155
          65    0.569088
          66    0.568182
          67     0.56827
          68    0.568219
          69    0.567633
          70    0.567593
          71    0.567032
          72    0.567001
          73    0.566464
          74    0.566191
          75    0.564691
          76    0.564327
          77    0.563372
          78    0.562797
          79    0.562353
          80     0.56169
          81    0.561614
          82    0.561201
          83    0.561357
          84    0.561618
          85    0.561656
          86    0.561693
          87    0.561941
          88    0.561763
          89    0.561278
          90    0.561317
          91    0.560948
          92     0.56099
          93    0.561031
          94    0.560382
          95    0.560624
          96    0.559896
          97    0.559851
          98    0.558862
          99     0.55911
         100    0.558981
         101    0.558214
         102    0.558551
         103    0.559781
         104     0.55974
         105    0.558466
         106    0.557739
         107    0.557027
         108    0.555898
         109    0.555895
         110    0.555387
         111    0.554805
         112    0.554894
         113    0.555392
         114    0.555799
         115    0.555395
         116    0.555316
         117    0.554685
         118    0.555712
         119    0.555633
         120    0.555401
         121    0.554714
         122    0.554721
         123    0.554426
         124    0.554211
         125    0.554222
         126    0.554306
         127    0.553806
         128    0.553747
         129      0.5529
         130    0.552279
         131    0.551597
         132    0.551698
         133    0.552005
         134    0.551755
         135    0.551989
         136    0.551811
         137    0.551838
         138    0.551798
         139    0.551825
         140    0.551587
         141    0.551221
         142    0.551839
         143    0.552059
         144    0.551376
         145    0.551213
         146    0.550419
         147    0.550517
         148    0.550113
         149    0.550273
         150    0.550432
         151    0.551018
         152    0.551413
         153    0.550956
         154    0.551407
         155    0.551314
         156    0.551519
         157    0.551132
         158    0.551102
         159    0.550664
         160    0.550984
         161    0.551185
         162     0.55144
         163    0.551068
         164    0.551491
         165    0.551796
         166    0.552097
         167    0.551674
         168    0.551698
         169     0.55183
         170    0.552288
         171    0.551982
         172    0.551733
         173    0.551434
         174    0.551245
         175     0.55127
         176    0.551557
         177    0.551475
         178    0.551394
         179    0.551573
         180    0.551646
         181    0.552282
         182    0.552605
         183    0.552672
         184    0.552738
         185    0.553053
         186    0.553166
         187    0.552981
         188    0.553093
         189    0.553253
         190    0.553265
         191    0.552938
         192    0.552517
         193    0.552581
         194    0.552453
         195    0.551947
         196     0.55206
         197    0.551748
         198    0.551019
         199    0.550763
         200     0.55088
         201     0.55058
         202    0.550605
         203    0.549808
         204     0.54961
         205    0.549593
         206    0.549353
         207    0.549383
         208    0.549501
         209    0.549442
         210     0.54903
         211    0.549105
         212    0.549048
         213    0.548557
         214     0.54846
         215    0.548708
         216     0.54874
         217    0.548771
         218    0.548378
         219    0.548072
         220    0.547938
         221    0.548224
         222    0.547965
         223    0.547708
         224    0.547702
         225    0.547407
         226    0.547116
         227    0.546908
         228    0.546702
         229     0.54662
         230    0.546659
         231    0.547018
         232    0.546935
         233    0.546733
         234    0.546257
         235    0.546099
         236    0.546139
         237    0.545749
         238    0.545246
         239    0.545018
         240    0.545062
         241    0.544952
         242    0.544613
         243    0.544391
         244    0.544057
         245    0.543915
         246    0.544188
         247    0.543935
         248    0.543907
         249     0.54373
         250    0.543778
         251     0.54364
         252    0.543541
         253    0.543734
         254    0.543854
         255    0.544009
         256    0.543728
         257     0.54381
         258    0.543748
         259    0.543508
         260    0.543412
         261     0.54321
         262    0.543222
         263    0.543163
         264    0.542859
         265    0.542802
         266    0.542711
         267    0.542828
         268     0.54291
         269    0.542407
         270    0.542353
         271    0.542196
         272    0.542109
         273    0.542091
         274    0.541802
         275    0.541515
         276    0.541767
         277    0.541683
         278      0.5416
         279     0.54165
         280    0.541567
         281    0.541617
         282    0.541305
         283     0.54116
         284    0.541112
         285    0.541033
         286    0.540728
         287    0.540683
         288    0.540477
         289    0.540305
         290    0.540326
         291     0.54041
         292    0.540462
         293    0.540482
         294    0.540407
         295    0.540301
         296    0.540322
         297    0.540342
         298    0.540206
         299    0.540165
         300    0.539938
         301    0.539529
         302    0.539582
         303    0.539329
         304     0.53926
         305     0.53901
         306    0.538732
         307    0.538756
         308     0.53845
         309    0.538415
         310    0.538232
         311    0.538079
         312    0.537898
         313    0.537984
         314    0.537774
         315    0.537801
         316    0.538004
         317    0.537767
         318    0.537619
         319    0.537705
         320    0.537587
         321    0.537614
         322    0.537526
         323    0.537352
         324    0.537209
         325    0.537123
         326     0.53681
         327    0.536924
         328    0.536755
         329    0.536868
         330    0.536869
         331    0.536785
         332    0.536842
         333    0.536731
         334    0.536621
         335    0.536844
         336    0.536927
         337    0.537065
         338    0.536845
         339    0.536873
         340    0.536983
         341    0.536901
         342    0.536929
         343    0.536821
         344    0.536526
         345    0.536527
         346    0.536207
         347    0.536343
         348    0.536319
         349    0.536215
         350    0.536138
         351    0.536008
         352    0.536011
         353    0.535883
         354    0.535886
         355    0.535603
         356    0.535581
         357    0.535325
         358    0.535071
         359    0.534871
         360    0.535108
         361    0.534934
         362    0.534761
         363    0.534716
         364    0.534519
         365    0.534399
         366    0.534204
         367    0.533959
         368    0.533967
         369    0.533875
         370    0.534059
         371    0.533892
         372    0.533627
         373    0.533587
         374    0.533546
         375    0.533309
         376    0.533368
         377     0.53323
         378    0.533118
         379    0.533153
         380    0.533017
         381    0.532881
         382    0.532868
         383    0.532855
         384    0.532673
         385     0.53254
         386    0.532335
         387    0.532084
         388    0.532073
         389    0.532015
         390    0.531529
         391    0.531448
         392    0.531203
         393    0.531147
         394    0.531162
         395    0.531271
         396    0.531004
         397    0.531113
         398    0.531151
         399    0.531119
         400    0.531204
         401    0.531103
         402    0.531095
         403    0.531201
         404    0.531101
         405     0.53107
         406     0.53113
         407    0.531008
         408    0.530705
         409    0.530902
         410    0.530714
         411    0.530549
         412     0.53052
         413    0.530446
         414    0.530216
         415    0.530299
         416    0.530048
         417    0.530109
         418    0.530082
         419    0.530076
         420    0.530313
         421    0.530439
         422    0.530542
         423    0.530426
         424    0.530224
         425    0.530283
         426    0.530343
         427     0.53012
         428    0.530114
         429    0.529958
         430    0.529888
         431    0.529969
         432    0.530028
         433    0.530173
         434    0.530125
         435    0.529991
         436    0.529817
         437    0.529748
         438    0.529786
         439    0.529739
         440    0.529735
         441    0.529604
         442    0.529412
         443    0.529262
         444    0.529217
         445    0.529172
         446    0.529356
         447     0.52929
         448    0.529287
         449     0.52918
         450    0.529259
         451    0.529277
         452    0.529355
         453    0.529372
         454    0.529103
         455    0.528938
         456    0.528854
         457    0.528852
         458    0.528829
         459    0.528706
         460    0.528643
         461    0.528441
         462    0.528319
         463    0.528218
         464    0.528037
         465    0.528037
         466    0.527976
         467    0.528016
         468    0.527877
         469    0.527837
         470    0.527994
         471    0.527896
         472    0.527817
         473    0.527739
         474    0.527719
         475    0.527641
         476    0.527583
         477      0.5277
         478    0.527584
         479    0.527507
         480    0.527392
         481    0.527374
         482    0.527432
         483    0.527337
         484    0.527204
         485    0.527358
         486     0.52713
         487    0.527036
         488    0.527038
         489    0.526888
         490    0.526965
         491    0.526967
         492    0.526931
         493    0.527045
         494    0.527103
         495    0.527067
         496    0.527087
         497    0.527051
         498    0.526997
         499    0.527017
         500    0.527056
         501    0.527002
         502    0.526911
         503    0.526931
         504    0.527025
         505    0.526916
         506    0.527009
         507    0.526737
         508    0.526684
         509    0.526614
         510    0.526652
         511    0.526546
         512    0.526458
         513    0.526587
         514    0.526517
         515    0.526393
         516    0.526378
         517    0.526345
         518    0.526401
         519    0.526636
         520    0.526656
         521    0.526498
         522     0.52643
         523    0.526308
         524    0.526258
         525    0.526173
         526    0.526264
         527    0.526126
         528    0.526042
         529    0.525957
         530    0.525908
         531    0.525842
         532    0.525811
         533    0.525797
         534    0.525697
         535    0.525684
         536    0.525757
         537    0.525588
         538    0.525558
         539    0.525527
         540     0.52536
         541    0.525296
         542    0.525318
         543    0.525203
         544    0.525191
         545    0.525178
         546    0.525047
         547    0.524951
         548    0.524872
         549    0.524742
         550     0.52468
         551    0.524703
         552    0.524624
         553    0.524463
         554    0.524318
         555    0.524258
         556    0.524114
         557    0.524154
         558    0.524127
         559    0.524018
         560    0.523859
         561      0.5238
         562    0.523642
         563    0.523748
         564    0.523706
         565    0.523599
         566    0.523459
         567    0.523369
         568    0.523327
         569    0.523352
         570    0.523229
         571    0.523124
         572      0.5231
         573    0.522914
         574    0.523019
         575    0.522979
         576    0.523052
         577    0.523012
         578    0.522972
         579     0.52282
         580    0.522701
         581    0.522582
         582    0.522448
         583    0.522441
         584    0.522514
         585    0.522381
         586    0.522421
         587    0.522415
         588    0.522329
         589    0.522386
         590    0.522379
         591    0.522326
         592    0.522194
         593    0.522047
         594    0.522088
         595    0.521942
         596     0.52189
         597      0.5219
         598    0.521878
         599    0.521997
         600    0.521991
         601    0.522139
         602    0.522102
         603    0.522096
         604    0.522182
         605    0.522115
         606    0.522033
         607    0.522012
         608    0.521945
         609     0.52197
         610    0.521919
         611    0.521898
         612    0.521938
         613    0.521932
         614    0.521806
         615    0.521725
         616    0.521585
         617    0.521475
         618    0.521365
         619    0.521316
         620    0.521401
         621    0.521426
         622    0.521496
         623    0.521536
         624    0.521486
         625    0.521467
         626    0.521506
         627    0.521634
         628    0.521571
         629    0.521566
         630    0.521546
         631    0.521512
         632    0.521507
         633    0.521444
         634    0.521527
         635    0.521522
         636    0.521561
         637    0.521455
         638    0.521523
         639    0.521475
         640    0.521484
         641    0.521523
         642    0.521648
         643    0.521586
         644    0.521567
         645    0.521648
         646    0.521772
         647    0.521882
         648    0.521948
         649    0.521928
         650    0.521966
         651    0.521946
         652    0.521969
         653    0.521978
         654    0.521874
         655    0.521855
         656    0.522019
         657     0.52214
         658    0.522135
         659    0.522129
         660    0.522194
         661    0.522189
         662    0.522085
         663    0.522066
         664     0.52213
         665    0.522125
         666    0.522175
         667    0.522253
         668    0.522136
         669    0.522117
         670    0.522125
         671    0.522217
         672    0.522129
         673    0.522109
         674     0.52209
         675    0.522044
         676    0.521998
         677    0.521979
         678    0.521905
         679    0.521941
         680      0.5221
         681    0.522013
         682    0.522021
         683    0.522098
         684    0.522146
         685    0.522155
         686    0.522082
         687    0.522198
         688    0.522287
         689    0.522295
         690    0.522316
         691    0.522404
         692    0.522305
         693     0.52226
         694    0.522294
         695    0.522342
         696     0.52243
         697    0.522437
         698    0.522485
         699    0.522453
         700     0.52246
         701    0.522481
         702    0.522555
         703    0.522509
         704    0.522425
         705    0.522367
         706    0.522309
         707    0.522447
         708    0.522337
         709    0.522332
         710      0.5223
         711    0.522178
         712    0.522134
         713    0.522103
         714     0.52215
         715    0.522106
         716    0.522101
         717     0.52216
         718    0.522129
         719    0.522073
         720    0.522055
         721    0.522012
         722    0.522032
         723    0.522053
         724    0.521984
         725    0.521877
         726    0.521898
         727    0.521779
         728     0.52166
         729    0.521732
         730    0.521753
         731    0.521698
         732    0.521542
         733     0.52155
         734    0.521597
         735    0.521567
         736    0.521513
         737    0.521496
         738    0.521492
         739      0.5213
         740    0.521284
         741    0.521243
         742    0.521139
         743    0.521148
         744    0.521157
         745    0.521153
         746      0.5211
         747     0.52106
         748    0.521056
         749    0.521115
         750    0.521136
         751    0.521132
         752    0.521166
         753    0.521125
         754    0.521097
         755    0.520996
         756    0.521042
         757    0.520953
         758     0.52101
         759    0.521093
         760    0.520955
         761    0.520964
         762    0.520937
         763    0.520824
         764    0.520809
         765    0.520879
         766      0.5209
         767    0.520921
         768    0.520894
         769    0.520794
         770    0.520719
         771    0.520788
         772    0.520665
         773    0.520699
         774     0.52066
         775    0.520609
         776     0.52063
         777    0.520544
         778    0.520589
         779    0.520694
         780    0.520632
         781    0.520641
         782    0.520721
         783    0.520647
         784    0.520656
         785    0.520653
         786     0.52071
         787    0.520742
         788    0.520833
         789    0.520807
         790    0.520874
         791    0.520895
         792    0.520927
         793     0.52076
         794    0.520769
         795    0.520673
         796     0.52067
         797    0.520714
         798    0.520723
         799    0.520778
         800    0.520729
         801    0.520773
         802    0.520735
         803    0.520721
         804    0.520661
         805    0.520646
         806    0.520563
         807     0.52063
         808    0.520627
         809    0.520659
         810    0.520622
         811    0.520585
         812    0.520503
         813    0.520603
         814    0.520657
         815    0.520632
         816     0.52055
         817    0.520615
         818    0.520624
         819    0.520655
         820    0.520732
         821    0.520673
         822    0.520546
         823    0.520589
         824    0.520552
         825     0.52046
         826     0.52048
         827    0.520411
         828    0.520263
         829    0.520194
         830    0.520047
         831    0.519967
         832    0.519965
         833    0.519864
         834    0.519817
         835    0.519772
         836    0.519659
         837    0.519713
         838    0.519657
         839    0.519655
         840    0.519599
         841    0.519586
         842    0.519519
         843    0.519496
         844     0.51955
         845    0.519494
         846    0.519504
         847    0.519481
         848    0.519512
         849    0.519555
         850    0.519553
         851     0.51953
         852     0.51954
         853    0.519485
         854    0.519375
         855     0.51932
         856    0.519243
         857    0.519156
         858    0.519209
         859    0.519349
         860    0.519477
         861    0.519594
         862    0.519571
         863    0.519538
         864    0.519547
         865    0.519514
         866    0.519491
         867    0.519426
         868    0.519447
         869    0.519563
         870    0.519636
         871    0.519624
         872    0.519623
         873    0.519643
         874    0.519652
         875    0.519651
         876    0.519745
         877    0.519638
         878    0.519605
         879    0.519604
         880    0.519623
         881     0.51958
         882    0.519526
         883    0.519504
         884    0.519587
         885     0.51946
         886     0.51947
         887    0.519406
         888    0.519394
         889    0.519456
         890    0.519559
         891    0.519485
         892    0.519411
         893    0.519431
         894     0.51943
         895     0.51946
         896     0.51948
         897     0.51952
         898    0.519591
         899    0.519507
         900    0.519516
         901    0.519392
         902    0.519453
         903    0.519493
         904    0.519543
         905    0.519521
         906    0.519551
         907     0.51957
         908     0.51962
         909    0.519649
         910    0.519597
         911    0.519637
         912    0.519574
         913    0.519512
         914    0.519471
         915    0.519409
         916    0.519287
         917    0.519235
         918    0.519285
         919    0.519274
         920    0.519364
         921    0.519393
         922    0.519332
         923    0.519381
         924     0.51934
         925    0.519349
         926    0.519438
         927    0.519407
         928    0.519377
         929    0.519356
         930    0.519295
         931    0.519264
         932    0.519293
         933    0.519243
         934    0.519203
         935    0.519212
         936    0.519132
         937    0.519102
         938    0.519101
         939     0.51909
         940    0.519129
         941    0.519089
         942    0.519069
         943    0.519009
         944    0.519009
         945     0.51891
         946    0.518949
         947    0.519007
         948    0.518978
         949    0.518958
         950    0.518957
         951    0.518888
         952    0.518801
         953    0.518781
         954     0.51881
         955    0.518771
         956    0.518635
         957    0.518644
         958    0.518644
         959    0.518634
         960    0.518615
         961    0.518663
         962    0.518576
         963    0.518557
         964    0.518509
         965    0.518538
         966    0.518614
         967    0.518595
         968    0.518652
         969    0.518719
         970    0.518795
         971    0.518824
         972    0.518823
         973    0.518823
         974    0.518747
         975    0.518708
         976    0.518699
         977    0.518661
         978    0.518594
         979    0.518528
         980    0.518452
         981    0.518519
         982    0.518556
         983    0.518519
         984    0.518566
         985    0.518481
         986    0.518462
         987    0.518415
         988    0.518434
         989    0.518462
         990    0.518444
         991    0.518481
         992    0.518425
         993    0.518453
         994    0.518509
         995      0.5185
         996    0.518481
         997    0.518463
         998    0.518435
         999     0.51837
        1000    0.518333
        1001    0.518361
        1002    0.518361
        1003    0.518288
        1004    0.518214
        1005    0.518214
        1006    0.518068
        1007    0.518086
        1008    0.518041
        1009    0.517995
        1010    0.517877
        1011    0.517841
        1012     0.51786
        1013    0.517851
        1014    0.517898
        1015    0.517935
        1016    0.517944
        1017    0.517845
        1018    0.517836
        1019    0.517819
        1020    0.517865
        1021    0.517838
        1022    0.517785
        1023    0.517813
        1024    0.517813
        1025    0.517859
        1026    0.517769
        1027    0.517752
        1028    0.517708
        1029    0.517709
        1030    0.517754
        1031    0.517773
        1032    0.517801
        1033    0.517819
        1034    0.517766
        1035    0.517704
        1036    0.517714
        1037    0.517724
        1038    0.517626
        1039    0.517574
        1040    0.517619
        1041    0.517647
        1042    0.517683
        1043    0.517737
        1044    0.517827
        1045    0.517827
        1046    0.517828
        1047    0.517802
        1048    0.517776
        1049    0.517742
        1050    0.517734
        1051     0.51777
        1052    0.517832
        1053    0.517745
        1054    0.517763
        1055    0.517746
        1056    0.517677
        1057    0.517669
        1058    0.517687
        1059    0.517714
        1060    0.517811
        1061    0.517777
        1062    0.517821
        1063    0.517769
        1064    0.517718
        1065    0.517745
        1066    0.517728
        1067     0.51779
        1068    0.517799
        1069    0.517878
        1070    0.517939
        1071    0.517905
        1072     0.51781
        1073    0.517776
        1074    0.517708
        1075    0.517623
        1076    0.517641
        1077    0.517564
        1078    0.517574
        1079    0.517549
        1080    0.517593
        1081    0.517585
        1082    0.517569
        1083    0.517535
        1084    0.517519
        1085    0.517512
        1086    0.517478
        1087    0.517471
        1088    0.517472
        1089    0.517473
        1090    0.517482
        1091    0.517568
        1092    0.517493
        1093    0.517485
        1094    0.517486
        1095    0.517512
        1096    0.517488
        1097    0.517565
        1098    0.517599
        1099    0.517566
        1100    0.517609
        1101    0.517652
        1102    0.517603
        1103    0.517536
        1104    0.517554
        1105    0.517547
        1106    0.517447
        1107    0.517498
        1108    0.517441
        1109    0.517508
        1110    0.517584
        1111    0.517535
        1112    0.517544
        1113     0.51752
        1114    0.517496
        1115     0.51753
        1116    0.517539
        1117    0.517565
        1118    0.517583
        1119    0.517526
        1120    0.517493
        1121    0.517503
        1122     0.51747
        1123    0.517496
        1124     0.51753
        1125    0.517481
        1126    0.517565
        1127    0.517565
        1128    0.517607
        1129    0.517641
        1130    0.517625
        1131    0.517577
        1132    0.517594
        1133    0.517595
        1134    0.517596
        1135     0.51754
        1136     0.51754
        1137    0.517517
        1138     0.51755
        1139    0.517543
        1140    0.517601
        1141    0.517585
        1142    0.517529
        1143    0.517555
        1144    0.517572
        1145    0.517621
        1146    0.517767
        1147    0.517719
        1148    0.517712
        1149    0.517632
        1150    0.517641
        1151    0.517626
        1152    0.517586
        1153    0.517531
        1154    0.517516
        1155     0.51746
        1156    0.517405
        1157    0.517414
        1158    0.517423
        1159      0.5174
        1160    0.517369
        1161     0.51733
        1162    0.517307
        1163    0.517245
        1164     0.51719
        1165    0.517191
        1166    0.517256
        1167    0.517281
        1168    0.517282
        1169    0.517291
        1170    0.517244
        1171    0.517198
        1172    0.517231
        1173    0.517232
        1174    0.517264
        1175    0.517195
        1176    0.517141
        1177    0.517197
        1178    0.517143
        1179    0.517128
        1180    0.517169
        1181    0.517076
        1182    0.517069
        1183    0.517008
        1184    0.517056
        1185    0.517089
        1186     0.51709
        1187    0.516982
        1188    0.516936
        1189     0.51693
        1190    0.517017
        1191    0.517049
        1192    0.517012
        1193    0.517036
        1194     0.51703
        1195    0.516984
        1196    0.516978
        1197     0.51694
        1198    0.516919
        1199    0.516928
        1200    0.516906
        1201    0.516861
        1202    0.516847
        1203    0.516818
        1204    0.516834
        1205    0.516836
        1206     0.51686
        1207    0.516823
        1208    0.516802
        1209    0.516772
        1210    0.516774
        1211    0.516737
        1212    0.516693
        1213    0.516648
        1214    0.516711
        1215    0.516819
        1216    0.516767
        1217    0.516708
        1218    0.516724
        1219    0.516764
        1220     0.51672
        1221    0.516638
        1222    0.516609
        1223    0.516595
        1224    0.516567
        1225    0.516568
        1226    0.516638
        1227     0.51667
        1228    0.516656
        1229    0.516627
        1230    0.516591
        1231    0.516646
        1232     0.51661
        1233    0.516513
        1234     0.51647
        1235    0.516464
        1236    0.516488
        1237    0.516445
        1238    0.516409
        1239    0.516419
        1240    0.516361
        1241    0.516317
        1242    0.516222
        1243    0.516179
        1244    0.516174
        1245    0.516154
        1246    0.516141
        1247    0.516157
        1248    0.516189
        1249    0.516154
        1250    0.516052
        1251    0.516083
        1252    0.516122
        1253    0.516109
        1254    0.516119
        1255    0.516069
        1256    0.516049
        1257    0.516051
        1258    0.515994
        1259    0.516033
        1260    0.515961
        1261    0.515941
        1262    0.515907
        1263    0.515938
        1264    0.515918
        1265    0.515964
        1266    0.515959
        1267    0.515997
        1268    0.515985
        1269    0.515943
        1270    0.515989
        1271    0.515889
        1272    0.515854
        1273    0.515878
        1274    0.515844
        1275    0.515824
        1276    0.515855
        1277    0.515857
        1278     0.51586
        1279    0.515804
        1280    0.515791
        1281    0.515815
        1282    0.515839
        1283    0.515884
        1284    0.515886
        1285    0.515903
        1286    0.515847
        1287    0.515857
        1288    0.515895
        1289    0.515954
        1290     0.51592
        1291    0.515886
        1292    0.515888
        1293    0.515869
        1294      0.5159
        1295    0.515894
        1296    0.515939
        1297    0.515956
        1298    0.515936
        1299    0.516045
        1300    0.516075
        1301     0.51607
        1302    0.516065
        1303     0.51606
        1304     0.51604
        1305    0.516064
        1306    0.516037
        1307    0.516046
        1308    0.516062
        1309    0.516036
        1310    0.516031
        1311    0.515997
        1312    0.515957
        1313    0.516015
        1314    0.515975
        1315     0.51592
        1316     0.51595
        1317    0.515938
        1318     0.51587
        1319    0.515837
        1320    0.515769
        1321    0.515792
        1322    0.515822
        1323    0.515782
        1324    0.515812
        1325    0.515842
        1326    0.515872
        1327    0.515874
        1328    0.515897
        1329    0.515948
        1330    0.515915
        1331    0.515945
        1332    0.515912
        1333    0.515886
        1334    0.515867
        1335    0.515848
        1336    0.515926
        1337    0.515901
        1338    0.515937
        1339    0.515842
        1340     0.51581
        1341    0.515722
        1342    0.515724
        1343    0.515747
        1344    0.515728
        1345    0.515827
        1346    0.515849
        1347    0.515831
        1348     0.51573
        1349    0.515725
        1350    0.515713
        1351    0.515688
        1352    0.515656
        1353    0.515692
        1354     0.51566
        1355    0.515642
        1356    0.515616
        1357    0.515632
        1358     0.51558
        1359    0.515514
        1360    0.515482
        1361     0.51545
        1362    0.515439
        1363    0.515489
        1364    0.515477
        1365    0.515459
        1366    0.515475
        1367    0.515504
        1368    0.515527
        1369    0.515543
        1370    0.515606
        1371    0.515621
        1372    0.515603
        1373    0.515558
        1374    0.515634
        1375    0.515616
        1376    0.515618
        1377    0.515627
        1378    0.515683
        1379    0.515672
        1380    0.515694
        1381    0.515689
        1382    0.515718
        1383     0.51568
        1384    0.515662
        1385    0.515657
        1386    0.515646
        1387    0.515668
        1388     0.51563
        1389    0.515632
        1390    0.515608
        1391     0.51557
        1392    0.515578
        1393     0.51564
        1394    0.515656
        1395    0.515644
        1396    0.515574
        1397    0.515589
        1398    0.515518
        1399    0.515593
        1400    0.515536
        1401    0.515531
        1402     0.51552
        1403    0.515456
        1404    0.515393
        1405    0.515421
        1406    0.515397
        1407    0.515386
        1408    0.515355
        1409    0.515344
        1410    0.515307
        1411    0.515303
        1412    0.515299
        1413    0.515301
        1414    0.515323
        1415    0.515325
        1416    0.515367
        1417    0.515336
        1418    0.515306
        1419    0.515367
        1420    0.515363
        1421    0.515358
        1422    0.515347
        1423     0.51533
        1424    0.515274
        1425    0.515263
        1426    0.515252
        1427    0.515287
        1428     0.51527
        1429    0.515292
        1430    0.515326
        1431    0.515316
        1432    0.515331
        1433    0.515314
        1434    0.515309
        1435    0.515312
        1436    0.515346
        1437    0.515316
        1438    0.515293
        1439     0.51523
        1440    0.515239
        1441    0.515177
        1442    0.515186
        1443    0.515137
        1444    0.515146
        1445     0.51511
        1446    0.515118
        1447    0.515044
        1448    0.515002
        1449    0.514998
        1450    0.514968
        1451    0.514932
        1452    0.514973
        1453    0.514969
        1454    0.514946
        1455    0.514936
        1456     0.51497
        1457     0.51496
        1458    0.514956
        1459    0.514933
        1460    0.514942
        1461    0.514931
        1462    0.514921
        1463    0.514917
        1464    0.514932
        1465    0.514903
        1466    0.514824
        1467    0.514769
        1468    0.514721
        1469    0.514737
        1470    0.514746
        1471    0.514723
        1472    0.514707
        1473    0.514709
        1474    0.514718
        1475    0.514727
        1476    0.514673
        1477    0.514663
        1478    0.514653
        1479     0.51465
        1480    0.514615
        1481    0.514611
        1482    0.514582
        1483    0.514666
        1484    0.514656
        1485    0.514671
        1486    0.514637
        1487    0.514621
        1488    0.514629
        1489    0.514588
        1490    0.514591
        1491    0.514563
        1492    0.514497
        1493    0.514512
        1494    0.514515
        1495     0.51448
        1496    0.514415
        1497    0.514436
        1498    0.514451
        1499    0.514436
        1500    0.514358
        1501    0.514373
        1502    0.514419
        1503    0.514422
        1504    0.514437
        1505    0.514446
        1506    0.514455
        1507    0.514457
        1508    0.514441
        1509    0.514438
        1510     0.51449
        1511    0.514535
        1512    0.514563
        1513    0.514522
        1514    0.514507
        1515    0.514497
        1516    0.514463
        1517    0.514502
        1518    0.514462
        1519    0.514459
        1520    0.514431
        1521     0.51444
        1522    0.514467
        1523    0.514469
        1524     0.51446
        1525    0.514438
        1526    0.514477
        1527    0.514438
        1528     0.51441
        1529    0.514413
        1530    0.514409
        1531    0.514382
        1532    0.514433
        1533    0.514442
        1534    0.514456
        1535    0.514435
        1536    0.514401
        1537    0.514374
        1538    0.514286
        1539    0.514289
        1540    0.514286
        1541    0.514288
        1542    0.514267
        1543    0.514294
        1544    0.514297
        1545    0.514293
        1546    0.514314
        1547    0.514329
        1548    0.514272
        1549    0.514209
        1550    0.514217
        1551    0.514166
        1552    0.514211
        1553    0.514226
        1554    0.514187
        1555    0.514202
        1556    0.514163
        1557    0.514118
        1558    0.514127
        1559    0.514064
        1560    0.514055
        1561    0.514028
        1562    0.513984
        1563    0.513975
        1564    0.514001
        1565    0.513987
        1566    0.513995
        1567    0.514004
        1568    0.513995
        1569    0.513986
        1570    0.514054
        1571    0.514027
        1572    0.514001
        1573    0.514015
        1574    0.513954
        1575    0.513962
        1576     0.51393
        1577    0.513909
        1578    0.513906
        1579     0.51388
        1580    0.513848
        1581    0.513863
        1582    0.513854
        1583    0.513874
        1584     0.51386
        1585    0.513874
        1586    0.513895
        1587    0.513857
        1588     0.51386
        1589    0.513863
        1590    0.513883
        1591     0.51388
        1592    0.513895
        1593    0.513927
        1594    0.513924
        1595    0.513956
        1596     0.51397
        1597    0.513973
        1598    0.513947
        1599    0.513967
        1600    0.513929
        1601    0.513932
        1602    0.513941
        1603    0.513903
        1604    0.513918
        1605    0.513949
        1606    0.513906
        1607    0.513886
        1608    0.513872
        1609    0.513851
        1610     0.51386
        1611    0.513794
        1612    0.513728
        1613     0.51372
        1614     0.51374
        1615    0.513714
        1616    0.513751
        1617    0.513754
        1618    0.513734
        1619    0.513714
        1620    0.513729
        1621    0.513692
        1622    0.513672
        1623    0.513675
        1624    0.513735
        1625    0.513715
        1626    0.513712
        1627    0.513767
        1628    0.513724
        1629    0.513721
        1630     0.51373
        1631    0.513733
        1632    0.513719
        1633    0.513648
        1634    0.513645
        1635    0.513614
        1636    0.513612
        1637    0.513581
        1638    0.513584
        1639    0.513609
        1640    0.513573
        1641    0.513627
        1642    0.513675
        1643    0.513694
        1644    0.513731
        1645    0.513768
        1646    0.513765
        1647    0.513785
        1648    0.513782
        1649    0.513757
        1650    0.513788
        1651     0.51378
        1652     0.51376
        1653    0.513752
        1654    0.513743
        1655    0.513685
        1656     0.51371
        1657    0.513724
        1658    0.513699
        1659    0.513707
        1660     0.51371
        1661    0.513658
        1662    0.513694
        1663    0.513675
        1664     0.51365
        1665    0.513664
        1666    0.513728
        1667    0.513719
        1668    0.513733
        1669    0.513742
        1670    0.513745
        1671    0.513692
        1672    0.513717
        1673    0.513731
        1674    0.513723
        1675    0.513643
        1676    0.513602
        1677    0.513588
        1678    0.513552
        1679    0.513506
        1680    0.513498
        1681    0.513484
        1682    0.513476
        1683    0.513413
        1684    0.513372
        1685    0.513392
        1686    0.513395
        1687    0.513381
        1688    0.513357
        1689    0.513354
        1690    0.513346
        1691    0.513371
        1692    0.513358
        1693    0.513334
        1694    0.513364
        1695    0.513318
        1696    0.513283
        1697    0.513297
        1698    0.513262
        1699    0.513281
        1700    0.513268
        1701    0.513266
        1702    0.513263
        1703     0.51331
        1704    0.513297
        1705    0.513327
        1706    0.513335
        1707    0.513338
        1708    0.513358
        1709    0.513371
        1710     0.51332
        1711    0.513372
        1712     0.51338
        1713    0.513416
        1714    0.513424
        1715    0.513438
        1716    0.513425
        1717    0.513417
        1718    0.513512
        1719    0.513498
        1720    0.513442
        1721    0.513391
        1722    0.513405
        1723    0.513397
        1724    0.513422
        1725    0.513446
        1726    0.513433
        1727    0.513447
        1728    0.513471
        1729     0.51349
        1730    0.513504
        1731     0.51349
        1732     0.51352
        1733    0.513539
        1734    0.513547
        1735    0.513577
        1736    0.513574
        1737    0.513572
        1738    0.513548
        1739    0.513551
        1740     0.51358
        1741    0.513541
        1742    0.513512
        1743    0.513483
        1744    0.513448
        1745    0.513403
        1746     0.51338
        1747    0.513362
        1748    0.513285
        1749    0.513314
        1750    0.513307
        1751    0.513331
        1752     0.51336
        1753    0.513332
        1754    0.513329
        1755    0.513311
        1756    0.513319
        1757    0.513338
        1758    0.513325
        1759    0.513376
        1760    0.513384
        1761    0.513403
        1762      0.5134
        1763    0.513419
        1764    0.513422
        1765    0.513456
        1766    0.513417
        1767    0.513409
        1768    0.513423
        1769    0.513368
        1770    0.513444
        1771    0.513426
        1772    0.513471
        1773    0.513479
        1774    0.513534
        1775    0.513474
        1776    0.513493
        1777    0.513527
        1778    0.513519
        1779     0.51348
        1780    0.513478
        1781    0.513481
        1782    0.513406
        1783    0.513393
        1784    0.513391
        1785    0.513383
        1786    0.513386
        1787    0.513415
        1788    0.513397
        1789    0.513415
        1790    0.513392
        1791    0.513406
        1792    0.513424
        1793    0.513437
        1794    0.513445
        1795    0.513463
        1796    0.513487
        1797    0.513469
        1798    0.513498
        1799    0.513485
        1800    0.513488
        1801    0.513485
        1802    0.513457
        1803    0.513475
        1804    0.513478
        1805    0.513445
        1806    0.513412
        1807    0.513389
        1808    0.513341
        1809    0.513318
        1810    0.513347
        1811    0.513344
        1812    0.513327
        1813    0.513289
        1814    0.513236
        1815    0.513223
        1816    0.513165
        1817    0.513076
        1818    0.513064
        1819    0.513072
        1820    0.513085
        1821    0.513088
        1822    0.513122
        1823    0.513114
        1824    0.513122
        1825     0.51312
        1826    0.513138
        1827    0.513136
        1828    0.513104
        1829    0.513117
        1830    0.513115
        1831    0.513158
        1832    0.513166
        1833    0.513199
        1834    0.513167
        1835    0.513129
        1836    0.513097
        1837    0.513085
        1838    0.513043
        1839    0.513025
        1840    0.513003
        1841    0.513001
        1842    0.512969
        1843    0.512977
        1844    0.512995
        1845    0.512983
        1846    0.512956
        1847    0.512969
        1848    0.512917
        1849     0.51291
        1850    0.512883
        1851    0.512816
        1852    0.512819
        1853    0.512782
        1854     0.51282
        1855    0.512798
        1856    0.512816
        1857    0.512804
        1858    0.512778
        1859    0.512771
        1860    0.512749
        1861    0.512742
        1862    0.512745
        1863    0.512684
        1864    0.512652
        1865     0.51263
        1866    0.512648
        1867    0.512647
        1868     0.51267
        1869    0.512648
        1870    0.512656
        1871    0.512694
        1872    0.512682
        1873    0.512675
        1874    0.512654
        1875    0.512667
        1876     0.51265
        1877    0.512698
        1878    0.512666
        1879    0.512635
        1880    0.512603
        1881    0.512592
        1882     0.51259
        1883    0.512618
        1884    0.512591
        1885    0.512536
        1886    0.512558
        1887    0.512576
        1888    0.512584
        1889    0.512602
        1890    0.512576
        1891    0.512569
        1892    0.512572
        1893    0.512517
        1894      0.5125
        1895    0.512538
        1896    0.512521
        1897     0.51253
        1898    0.512513
        1899     0.51257
        1900    0.512568
        1901    0.512571
        1902    0.512555
        1903    0.512573
        1904    0.512547
        1905     0.51256
        1906    0.512568
        1907    0.512585
        1908    0.512569
        1909    0.512557
        1910    0.512556
        1911    0.512501
        1912    0.512533
        1913     0.51256
        1914    0.512578
        1915    0.512586
        1916    0.512536
        1917    0.512573
        1918    0.512585
        1919    0.512593
        1920    0.512611
        1921    0.512609
        1922    0.512607
        1923    0.512625
        1924    0.512551
        1925    0.512535
        1926    0.512495
        1927    0.512507
        1928    0.512477
        1929    0.512494
        1930    0.512512
        1931    0.512472
        1932    0.512451
        1933    0.512478
        1934    0.512438
        1935    0.512417
        1936    0.512468
        1937    0.512457
        1938    0.512484
        1939    0.512444
        1940    0.512428
        1941    0.512422
        1942    0.512401
        1943    0.512409
        1944    0.512446
        1945    0.512473
        1946    0.512471
        1947    0.512503
        1948    0.512501
        1949     0.51249
        1950    0.512474
        1951    0.512496
        1952    0.512523
        1953    0.512554
        1954    0.512557
        1955    0.512594
        1956    0.512568
        1957    0.512595
        1958    0.512612
        1959    0.512615
        1960    0.512623
        1961    0.512583
        1962    0.512572
        1963    0.512571
        1964    0.512564
        1965    0.512567
        1966    0.512589
        1967    0.512573
        1968    0.512524
        1969    0.512485
        1970    0.512441
        1971    0.512421
        1972    0.512429
        1973    0.512427
        1974    0.512454
        1975    0.512457
        1976    0.512432
        1977    0.512425
        1978    0.512419
        1979    0.512436
        1980    0.512458
        1981    0.512475
        1982    0.512478
        1983    0.512458
        1984    0.512484
        1985    0.512478
        1986    0.512486
        1987    0.512545
        1988    0.512575
        1989    0.512597
        1990    0.512591
        1991     0.51264
        1992    0.512601
        1993    0.512576
        1994    0.512565
        1995    0.512587
        1996    0.512613
        1997    0.512639
        1998    0.512633
        1999    0.512613
        2000    0.512556
