#     ISTANT_POTENTIAL:
-6.64969
-6.50311
-6.40251
-6.30482
-6.21855
-6.17873
-6.11211
-6.09509
-6.07123
-6.03537
-5.96314
-5.96527
-6.04158
-5.95235
-5.89178
-5.90625
-5.87518
-5.95398
-5.89442
-5.86828
-5.89163
-5.73885
-5.79796
-5.89144
-5.90232
-5.86422
-5.79988
-5.85554
-5.83719
-5.83696
-5.77606
-5.794
-5.68705
-5.82076
-5.79311
-5.78698
-5.79284
-5.69951
-5.75888
-5.7173
-5.58395
-5.52808
-5.56747
-5.6956
-5.66687
-5.65229
-5.69015
-5.77589
-5.78134
-5.73828
-5.83877
-5.75901
-5.72235
-5.82262
-5.86886
-5.85724
-5.78591
-5.80557
-5.83798
-5.79241
-5.74272
-5.79506
-5.81416
-5.80728
-5.79032
-5.87965
-5.86887
-5.78387
-5.80471
-5.73175
-5.77467
-5.74679
-5.74262
-5.85692
-5.77376
-5.66215
-5.7079
-5.71211
-5.71442
-5.73287
-5.67071
-5.78186
-5.72409
-5.67982
-5.77062
-5.74655
-5.768
-5.76826
-5.8415
-5.64135
-5.68704
-5.77228
-5.75119
-5.75327
-5.7496
-5.66571
-5.58614
-5.63021
-5.68953
-5.69408
-5.66062
-5.62708
-5.60107
-5.68632
-5.63754
-5.64201
-5.68042
-5.72615
-5.66438
-5.61324
-5.6467
-5.62442
-5.61158
-5.64549
-5.54271
-5.53636
-5.56281
-5.53205
-5.61238
-5.68344
-5.70808
-5.73076
-5.64158
-5.60466
-5.54375
-5.53195
-5.49278
-5.5876
-5.6057
-5.64058
-5.6434
-5.60054
-5.6129
-5.63498
-5.62095
-5.57713
-5.67331
-5.68937
-5.74415
-5.71905
-5.78421
-5.79282
-5.7392
-5.60114
-5.63593
-5.63929
-5.6418
-5.78936
-5.86186
-5.81593
-5.7524
-5.70053
-5.63659
-5.67509
-5.68694
-5.68616
-5.86316
-5.7175
-5.79137
-5.78557
-5.7601
-5.84891
-5.75751
-5.77245
-5.65383
-5.77134
-5.80739
-5.85142
-5.82383
-5.77597
-5.72771
-5.71266
-5.63485
-5.58457
-5.5167
-5.76048
-5.73035
-5.72309
-5.6375
-5.6701
-5.53895
-5.58027
-5.5698
-5.52802
-5.66094
-5.60693
-5.58208
-5.57131
-5.52222
-5.49666
-5.51626
-5.44583
-5.66036
-5.61235
-5.56706
-5.59678
-5.6558
-5.66797
-5.65644
-5.56237
-5.69452
-5.69196
-5.65915
-5.54827
-5.59353
-5.53908
-5.50962
-5.466
-5.27904
-5.39096
-5.34438
-5.41391
-5.44228
-5.48998
-5.48496
-5.65747
-5.69103
-5.67666
-5.81415
-5.84455
-5.7599
-5.6694
-5.59694
-5.5563
-5.5741
-5.55817
-5.61689
-5.55063
-5.42245
-5.36564
-5.41539
-5.4987
-5.50055
-5.48381
-5.46932
-5.39916
-5.43201
-5.51174
-5.48786
-5.34891
-5.39627
-5.38349
-5.45081
-5.47981
-5.62154
-5.6173
-5.53699
-5.59894
-5.57631
-5.52834
-5.52749
-5.44519
-5.37754
-5.43008
-5.46266
-5.40555
-5.47417
-5.50686
-5.42862
-5.50368
-5.56214
-5.61301
-5.64603
-5.555
-5.50382
-5.44147
-5.49435
-5.57008
-5.42973
-5.39478
-5.42831
-5.48583
-5.47873
-5.57291
-5.56015
-5.66358
-5.56679
-5.46495
-5.49053
-5.52589
-5.63294
-5.68027
-5.72598
-5.47131
-5.4593
-5.54722
-5.55886
-5.55144
-5.49844
-5.47202
-5.4617
-5.4159
-5.44265
-5.45636
-5.47134
-5.47784
-5.51489
-5.47984
-5.46001
-5.52626
-5.5324
-5.50592
-5.49258
-5.49269
-5.47907
-5.46558
-5.44838
-5.4665
-5.49393
-5.58775
-5.54698
-5.50511
-5.58195
-5.65028
-5.58996
-5.43724
-5.38773
-5.46164
-5.58652
-5.58578
-5.59017
-5.6142
-5.64702
-5.66529
-5.63856
-5.6527
-5.56847
-5.52923
-5.48454
-5.46476
-5.53402
-5.57152
-5.55296
-5.65981
-5.66651
-5.65794
-5.6754
-5.65506
-5.60177
-5.56677
-5.48865
-5.49349
-5.39276
-5.3336
-5.478
-5.40275
-5.5596
-5.60721
-5.49771
-5.49369
-5.43738
-5.29643
-5.30031
-5.30573
-5.38855
-5.46841
-5.44628
-5.43469
-5.35881
-5.31176
-5.33546
-5.38247
-5.43098
-5.3592
-5.36003
-5.27194
-5.33293
-5.25126
-5.31836
-5.34082
-5.41872
-5.42311
-5.43422
-5.51143
-5.44018
-5.43118
-5.44362
-5.50065
-5.51113
-5.53919
-5.46206
-5.44223
-5.44163
-5.47345
-5.401
-5.38571
-5.46571
-5.47438
-5.50798
-5.5132
-5.42485
-5.40625
-5.46184
-5.4679
-5.42255
-5.44433
-5.35525
-5.43829
-5.45481
-5.44215
-5.32122
-5.3862
-5.37286
-5.36966
-5.39151
-5.27833
-5.35739
-5.29873
-5.31252
-5.32132
-5.41291
-5.36915
-5.3364
-5.3034
-5.33483
-5.33306
-5.41537
-5.37733
-5.51105
-5.50038
-5.35977
-5.37561
-5.4064
-5.45709
-5.48331
-5.40062
-5.38449
-5.38457
-5.34583
-5.37283
-5.36559
-5.39136
-5.42185
-5.42549
-5.2875
-5.2901
-5.24007
-5.30388
-5.24121
-5.25387
-5.2833
-5.30875
-5.3659
-5.39934
-5.45738
-5.50423
-5.4645
-5.50677
-5.48686
-5.51993
-5.48782
-5.44007
-5.48319
-5.36532
-5.39242
-5.33998
-5.27354
-5.31801
-5.33982
-5.36288
-5.3948
-5.42975
-5.39838
-5.36741
-5.42744
-5.44956
-5.43373
-5.44963
-5.47036
-5.45528
-5.41636
-5.36567
-5.40505
-5.30896
-5.40871
-5.42815
-5.44078
-5.51172
-5.50708
-5.57218
-5.61494
-5.47891
-5.57234
-5.61891
-5.63038
-5.60209
-5.68299
-5.68793
-5.64428
-5.59789
-5.64126
-5.56512
-5.65066
-5.67173
-5.62207
-5.70728
-5.58119
-5.59565
-5.53894
-5.51784
-5.53489
-5.47891
-5.42332
-5.37506
-5.44801
-5.4437
-5.43671
-5.39699
-5.44397
-5.38069
-5.34162
-5.41405
-5.36812
-5.36629
-5.39746
-5.46303
-5.4443
-5.49867
-5.50544
-5.47116
-5.4104
-5.46891
-5.45829
-5.42688
-5.39651
-5.43914
-5.40888
-5.34063
-5.33872
-5.28812
-5.39216
-5.39318
-5.41861
-5.40336
-5.51904
-5.49998
-5.38377
-5.46765
-5.52123
-5.48237
-5.48956
-5.41471
-5.41829
-5.29346
-5.359
-5.47598
-5.42378
-5.50266
-5.54595
-5.50976
-5.51698
-5.44139
-5.45727
-5.46879
-5.48418
-5.4997
-5.41728
-5.43335
-5.45618
-5.4302
-5.43032
-5.42242
-5.39338
-5.40692
-5.38339
-5.42429
-5.41314
-5.47417
-5.46195
-5.52988
-5.40267
-5.51426
-5.59434
-5.47686
-5.39991
-5.35711
-5.39535
-5.42963
-5.38718
-5.42977
-5.42634
-5.49082
-5.42343
-5.50427
-5.5428
-5.45099
-5.43749
-5.47588
-5.55486
-5.58902
-5.57475
-5.49961
-5.52313
-5.52992
-5.52067
-5.51935
-5.52855
-5.51397
-5.4522
-5.48638
-5.51925
-5.57437
-5.51318
-5.52727
-5.54341
-5.50817
-5.5048
-5.4717
-5.48822
-5.55365
-5.52819
-5.62794
-5.65348
-5.51613
-5.40333
-5.53278
-5.56107
-5.62019
-5.69356
-5.66068
-5.70212
-5.63308
-5.70233
-5.72089
-5.70805
-5.73874
-5.60418
-5.4859
-5.51189
-5.54294
-5.55841
-5.50083
-5.46399
-5.45968
-5.48632
-5.55829
-5.55238
-5.44883
-5.45707
-5.51971
-5.52995
-5.58948
-5.62431
-5.64717
-5.5905
-5.60803
-5.65867
-5.67468
-5.7002
-5.67888
-5.64338
-5.59718
-5.46181
-5.50289
-5.43097
-5.61709
-5.55487
-5.56767
-5.56638
-5.56552
-5.51488
-5.382
-5.51293
-5.5801
-5.54622
-5.55174
-5.48184
-5.49282
-5.42856
-5.41493
-5.48523
-5.59217
-5.59682
-5.58217
-5.6164
-5.6199
-5.6227
-5.6289
-5.62403
-5.68747
-5.68072
-5.70683
-5.59486
-5.62387
-5.63793
-5.61699
-5.61831
-5.5003
-5.57363
-5.59586
-5.51362
-5.57809
-5.50684
-5.43273
-5.52453
-5.59371
-5.66083
-5.61975
-5.60466
-5.45776
-5.4368
-5.39972
-5.40275
-5.39909
-5.44717
-5.46385
-5.57098
-5.54434
-5.55182
-5.60421
-5.61271
-5.56337
-5.63004
-5.57044
-5.40165
-5.3858
-5.38766
-5.51649
-5.45344
-5.43995
-5.34155
-5.34174
-5.45174
-5.45393
-5.50194
-5.47463
-5.4526
-5.55342
-5.5387
-5.53006
-5.51677
-5.50733
-5.40349
-5.2786
-5.31845
-5.45346
-5.5195
-5.49442
-5.44743
-5.48248
-5.43585
-5.46848
-5.41588
-5.38263
-5.4568
-5.51179
-5.5701
-5.49382
-5.51212
-5.53914
-5.45084
-5.44499
-5.37792
-5.40864
-5.4058
-5.41616
-5.41058
-5.48261
-5.56952
-5.56298
-5.5365
-5.5542
-5.65812
-5.58848
-5.57561
-5.5916
-5.557
-5.5219
-5.54881
-5.53089
-5.43142
-5.42082
-5.48227
-5.55684
-5.59802
-5.53219
-5.60867
-5.60238
-5.61642
-5.62647
-5.61029
-5.6854
-5.66396
-5.58898
-5.62425
-5.56413
-5.56947
-5.52328
-5.47858
-5.46216
-5.39596
-5.36249
-5.36155
-5.44295
-5.49236
-5.51212
-5.40566
-5.38444
-5.53003
-5.48913
-5.53628
-5.46209
-5.49145
-5.50497
-5.42725
-5.45
-5.52215
-5.52255
-5.44398
-5.45981
-5.52337
-5.51426
-5.57186
-5.63562
-5.60786
-5.59405
-5.5454
-5.53175
-5.59882
-5.64763
-5.56914
-5.5486
-5.58243
-5.5951
-5.53511
-5.47934
-5.44882
-5.36351
-5.44165
-5.41557
-5.48592
-5.50901
-5.45591
-5.43706
-5.48049
-5.40106
-5.43576
-5.42006
-5.42509
-5.48295
-5.41249
-5.34078
-5.38984
-5.47162
-5.53845
-5.53261
-5.41104
-5.49179
-5.50183
-5.47494
-5.53544
-5.61252
-5.54264
-5.5332
-5.61458
-5.5435
-5.46816
-5.55633
-5.57964
-5.53662
-5.58997
-5.59862
-5.58248
-5.51322
-5.5275
-5.58517
-5.58299
-5.56213
-5.61643
-5.54927
-5.55957
-5.59751
-5.51927
-5.41426
-5.42171
-5.48382
-5.46659
-5.45824
-5.39885
-5.50249
-5.5103
-5.54163
-5.5211
-5.40031
-5.46557
-5.35166
-5.38115
-5.47966
-5.48398
-5.35417
-5.35908
-5.30599
-5.31733
-5.30219
-5.42944
-5.46841
-5.55896
-5.67692
-5.62679
-5.72442
-5.81741
-5.69294
-5.66594
-5.6952
-5.5624
-5.56621
-5.60686
-5.61627
-5.61941
-5.60997
-5.61699
-5.68724
-5.66947
-5.56623
-5.59733
-5.55633
-5.55568
-5.52973
-5.56501
-5.54046
-5.59997
-5.61316
-5.58789
-5.52192
-5.59272
-5.53901
-5.58847
-5.48155
-5.46841
-5.47683
-5.42042
-5.43622
-5.47059
-5.51943
-5.47645
-5.47532
-5.34581
-5.34753
-5.40664
-5.4406
-5.46391
-5.39808
-5.40361
-5.37082
-5.38519
-5.41736
-5.46625
-5.52621
-5.55235
-5.56335
-5.54697
-5.48973
-5.55546
-5.59315
-5.51086
-5.51366
-5.5467
-5.50891
-5.53362
-5.43971
-5.43048
-5.45927
-5.43847
-5.45473
-5.44836
-5.4795
-5.40704
-5.5426
-5.53043
-5.58544
-5.52706
-5.54332
-5.6162
-5.52813
-5.45197
-5.45933
-5.47099
-5.37644
-5.4211
-5.49911
-5.43323
-5.41604
-5.39228
-5.36153
-5.43263
-5.37957
-5.39822
-5.39724
-5.37666
-5.50878
-5.49768
-5.44683
-5.35557
-5.45512
-5.42534
-5.37849
-5.43445
-5.52768
-5.51315
-5.53936
-5.46988
-5.46339
-5.48355
-5.45786
-5.51905
-5.47241
-5.36205
-5.44108
-5.48442
-5.56831
-5.54028
-5.56274
-5.60976
-5.58127
-5.57767
-5.52655
-5.52231
-5.45346
-5.46401
-5.35972
-5.3781
-5.45027
-5.48491
-5.50493
-5.49225
-5.52358
-5.49882
-5.49813
-5.48983
-5.47635
-5.50952
-5.52454
-5.59344
-5.52387
-5.49742
-5.51052
-5.55632
-5.54464
-5.56445
-5.59688
-5.60394
-5.59529
-5.53945
-5.42278
-5.38345
-5.42148
-5.46234
-5.38541
-5.28537
-5.28429
-5.29281
-5.37023
-5.40123
-5.39153
-5.51671
-5.4389
-5.41922
-5.48669
-5.51204
-5.52271
-5.45881
-5.48084
-5.53979
-5.48549
-5.44592
-5.49704
-5.40185
-5.4421
-5.41657
-5.41747
-5.46679
-5.41797
-5.50618
-5.45569
-5.51101
-5.49984
-5.47314
-5.40387
-5.35579
-5.42975
-5.42131
-5.31853
-5.28429
-5.3629
-5.29762
-5.48547
-5.35262
-5.34471
-5.39094
-5.50449
-5.48757
-5.56577
-5.45407
-5.54368
-5.55493
-5.53465
-5.55347
-5.52452
-5.59892
-5.608
-5.57176
-5.64176
-5.68258
-5.57935
-5.57708
-5.57073
-5.58118
-5.60632
-5.62047
-5.4917
-5.48653
-5.50235
-5.47922
-5.45543
-5.44138
-5.39894
-5.45267
-5.52825
-5.51289
-5.45931
-5.43385
-5.42476
-5.36655
-5.43599
-5.53422
-5.51721
-5.56067
-5.54035
-5.61181
-5.5599
-5.55013
-5.60923
-5.62628
-5.65573
-5.59302
-5.60948
-5.59517
-5.64844
-5.64308
-5.56557
-5.48344
-5.39628
-5.41004
-5.3673
-5.352
-5.37179
-5.43672
-5.37374
-5.35567
-5.2705
-5.39721
-5.53098
-5.49872
-5.62444
-5.61624
-5.46083
-5.40777
-5.4617
-5.4996
-5.56056
-5.59751
-5.54195
-5.50663
-5.48848
-5.49655
-5.526
-5.5379
-5.45036
-5.40787
-5.40319
-5.38285
-5.43499
-5.50873
-5.50576
-5.48441
-5.39487
-5.35866
-5.41326
-5.50019
-5.44868
-5.53611
-5.50057
-5.56544
-5.48443
-5.52895
-5.46444
-5.51798
-5.38876
-5.427
-5.38147
-5.34486
-5.39537
-5.40143
-5.34912
-5.38311
-5.38172
-5.40782
-5.44675
-5.48227
-5.47295
-5.45223
-5.48306
-5.48703
-5.46729
-5.53463
-5.4375
-5.40801
-5.44711
-5.39276
-5.39832
-5.37638
-5.42068
-5.42005
-5.36431
-5.36838
-5.42172
-5.48389
-5.45733
-5.37143
-5.32933
-5.43604
-5.44617
-5.50782
-5.47675
-5.4662
-5.51719
-5.40142
-5.4103
-5.45718
-5.55748
-5.50409
-5.55778
-5.48208
-5.42253
-5.44921
-5.4043
-5.40539
-5.39028
-5.37807
-5.44276
-5.33531
-5.39423
-5.43088
-5.4565
-5.48032
-5.50918
-5.4022
-5.43669
-5.46678
-5.46867
-5.5047
-5.43019
-5.46234
-5.41698
-5.41532
-5.40891
-5.50616
-5.55662
-5.54436
-5.49851
-5.4808
-5.45548
-5.42106
-5.49372
-5.53376
-5.54701
-5.48916
-5.55987
-5.5354
-5.54947
-5.45622
-5.48561
-5.51381
-5.48709
-5.39734
-5.31244
-5.29881
-5.38682
-5.42458
-5.4324
-5.47459
-5.41103
-5.43549
-5.35377
-5.42384
-5.58506
-5.577
-5.55623
-5.63899
-5.63916
-5.59778
-5.60931
-5.62261
-5.64708
-5.59062
-5.52633
-5.54655
-5.51202
-5.47163
-5.4688
-5.51602
-5.52558
-5.53959
-5.52004
-5.43927
-5.50135
-5.54178
-5.53116
-5.50023
-5.44848
-5.45339
-5.4364
-5.46067
-5.45162
-5.39316
-5.45214
-5.57838
-5.55183
-5.44699
-5.44848
-5.45643
-5.52406
-5.61774
-5.5301
-5.51917
-5.44975
-5.44905
-5.43331
-5.54202
-5.54465
-5.49198
-5.41484
-5.34713
-5.32745
-5.37667
-5.43945
-5.35547
-5.33818
-5.36003
-5.32886
-5.38689
-5.35665
-5.4366
-5.55352
-5.47342
-5.42235
-5.38558
-5.42626
-5.42171
-5.39424
-5.43517
-5.4171
-5.34999
-5.39421
-5.41545
-5.50442
-5.50412
-5.53201
-5.52662
-5.57933
-5.61846
-5.55163
-5.61411
-5.52327
-5.50037
-5.47504
-5.53172
-5.59122
-5.56659
-5.58219
-5.53417
-5.5352
-5.48437
-5.45087
-5.4313
-5.29668
-5.3646
-5.26431
-5.33404
-5.41042
-5.45967
-5.52986
-5.53757
-5.53538
-5.61071
-5.54496
-5.5441
-5.53391
-5.48353
-5.49979
-5.39705
-5.46591
-5.60433
-5.53832
-5.45557
-5.54427
-5.53919
-5.46689
-5.48333
-5.59748
-5.47626
-5.54374
-5.51785
-5.45756
-5.35801
-5.33435
-5.34873
-5.35483
-5.27815
-5.30252
-5.3206
-5.36159
-5.32685
-5.24989
-5.21424
-5.25735
-5.33126
-5.34925
-5.44252
-5.43766
-5.43379
-5.47129
-5.37424
-5.35836
-5.43089
-5.49015
-5.38758
-5.44615
-5.38815
-5.47916
-5.45224
-5.51867
-5.51527
-5.46217
-5.54145
-5.48453
-5.47202
-5.38789
-5.45616
-5.51803
-5.50022
-5.39925
-5.52055
-5.5857
-5.56524
-5.39781
-5.42201
-5.39718
-5.41064
-5.45339
-5.44502
-5.45939
-5.48738
-5.54102
-5.47324
-5.46632
-5.4014
-5.38423
-5.46248
-5.52921
-5.57054
-5.56135
-5.5501
-5.48641
-5.44726
-5.48186
-5.43605
-5.52249
-5.39578
-5.43959
-5.41639
-5.3822
-5.34184
-5.46169
-5.34273
-5.3169
-5.4091
-5.35514
-5.32696
-5.23112
-5.21275
-5.28199
-5.39219
-5.48449
-5.42283
-5.49456
-5.46574
-5.47413
-5.45037
-5.39385
-5.51498
-5.5486
-5.55041
-5.47108
-5.46454
-5.52348
-5.55825
-5.59807
-5.62808
-5.69729
-5.64931
-5.60507
-5.58368
-5.45301
-5.29294
-5.28431
-5.36091
-5.50383
-5.50045
-5.5364
-5.53043
-5.4685
-5.51929
-5.54203
-5.49605
-5.45298
-5.50809
-5.62474
-5.57117
-5.57052
-5.54023
-5.49572
-5.42152
-5.40612
-5.41736
-5.54594
-5.58817
-5.6122
-5.61852
-5.63159
-5.6037
-5.59551
-5.57008
-5.49664
-5.48431
-5.47049
-5.55364
-5.45519
-5.52633
-5.44959
-5.46442
-5.47433
-5.41092
-5.33879
-5.37098
-5.46561
-5.51027
-5.45102
-5.40324
-5.40188
-5.46803
-5.45219
-5.43872
-5.48698
-5.44
-5.3662
-5.36019
-5.32383
-5.40719
-5.38302
-5.32775
-5.37864
-5.36959
-5.37417
-5.31082
-5.23927
-5.24663
-5.31285
-5.23647
-5.26139
-5.33052
-5.39966
-5.38513
-5.40115
-5.39992
-5.39503
-5.45422
-5.47575
-5.52661
-5.48819
-5.33995
-5.43989
-5.47639
-5.52877
-5.58565
-5.53527
-5.56533
-5.55601
-5.54442
-5.54475
-5.5157
-5.48537
-5.60952
-5.59698
-5.61029
-5.42522
-5.36589
-5.38653
-5.49949
-5.53057
-5.54183
-5.49654
-5.52279
-5.5458
-5.54375
-5.52594
-5.40743
-5.4395
-5.50652
-5.33208
-5.2935
-5.39054
-5.42819
-5.39536
-5.41451
-5.37771
-5.40152
-5.33296
-5.23052
-5.28071
-5.21561
-5.23448
-5.29589
-5.43428
-5.36037
-5.40629
-5.41554
-5.3235
-5.36976
-5.44959
-5.48018
-5.48509
-5.43646
-5.454
-5.40985
-5.34924
-5.41752
-5.36179
-5.32138
-5.2749
-5.22974
-5.22653
-5.18615
-5.31869
-5.27126
-5.29319
-5.39337
-5.34749
-5.37418
-5.29791
-5.33895
-5.39651
-5.35191
-5.32472
-5.18893
-5.31226
-5.40232
-5.33465
-5.25585
-5.20956
-5.24618
-5.24511
-5.28911
-5.32604
-5.3259
-5.37212
-5.41942
-5.49193
-5.49174
-5.468
-5.43391
-5.36958
-5.30508
-5.22569
-5.26474
-5.34757
-5.37123
-5.44101
-5.40755
-5.49938
-5.36438
-5.47243
-5.55019
-5.40456
-5.38365
-5.44956
-5.39471
-5.42597
-5.487
-5.45263
-5.49243
-5.44385
-5.53313
-5.4845
-5.49505
-5.38701
-5.44359
-5.53146
-5.54065
-5.50317
-5.53183
-5.60025
-5.57712
-5.60781
-5.6083
-5.54011
-5.54488
-5.55529
-5.60171
-5.60981
-5.55329
-5.50772
-5.56555
-5.53717
-5.49939
-5.38769
-5.35371
-5.3635
-5.39496
-5.458
-5.50172
-5.52765
-5.49013
-5.55873
-5.55779
-5.62061
-5.56403
-5.54351
-5.53213
-5.55442
-5.5634
-5.57368
-5.57305
-5.47308
-5.41418
-5.40605
-5.35544
-5.36355
-5.3065
-5.40401
-5.44157
-5.45701
-5.52661
-5.47741
-5.44002
-5.39434
-5.44962
-5.4637
-5.46378
-5.42308
-5.45684
-5.41732
-5.3953
-5.42564
-5.43259
-5.46808
-5.52269
-5.56249
-5.58244
-5.49888
-5.58573
-5.57506
-5.53558
-5.48619
-5.50152
-5.48592
-5.41756
-5.46581
-5.50513
-5.52186
-5.46446
-5.44597
-5.40661
-5.47171
-5.43707
-5.36924
-5.34896
-5.44918
-5.48357
-5.40052
-5.45883
-5.39778
-5.47015
-5.51688
-5.50067
-5.46886
-5.51638
-5.45613
-5.38482
-5.45089
-5.49999
-5.45776
-5.53155
-5.55796
-5.68111
-5.5539
-5.554
-5.57671
-5.48301
-5.40701
-5.46666
-5.39512
-5.43529
-5.37812
-5.26044
-5.22255
-5.35401
-5.34559
-5.49565
-5.49724
-5.52255
-5.53343
-5.46084
-5.43352
-5.36186
-5.3944
-5.40684
-5.47267
-5.4805
-5.45429
-5.47759
-5.52822
-5.44884
-5.41654
-5.25998
-5.27446
-5.3084
-5.39513
-5.27835
-5.27638
-5.27882
-5.21512
-5.21268
-5.28634
-5.32076
-5.33885
-5.33134
-5.37294
-5.3419
-5.2726
-5.20471
-5.25913
-5.30875
-5.33558
-5.32253
-5.32767
-5.26814
-5.20097
-5.30293
-5.34303
-5.35317
-5.35879
-5.46542
-5.48688
-5.49898
-5.49365
-5.39317
-5.39173
-5.42284
-5.43018
-5.46124
-5.51414
-5.47491
-5.38847
-5.39596
-5.47118
-5.3659
-5.42604
-5.43088
-5.51062
-5.43728
-5.47802
-5.44699
-5.38305
-5.33329
-5.30558
-5.23805
-5.45054
-5.51044
-5.45832
-5.46256
-5.56359
-5.47667
-5.42509
-5.40141
-5.38944
-5.43824
-5.58805
-5.60725
-5.55774
-5.43156
-5.45427
-5.54087
-5.45473
-5.48433
-5.43642
-5.49683
-5.55565
-5.51127
-5.52778
-5.53262
-5.52656
-5.58546
-5.55779
-5.52102
-5.50111
-5.58845
-5.54028
-5.63203
-5.54055
-5.56718
-5.54978
-5.54916
-5.48944
-5.44804
-5.55055
-5.64557
-5.69317
-5.72053
-5.67379
-5.61306
-5.57182
-5.70638
-5.61085
-5.44778
-5.48629
-5.38179
-5.41388
-5.48822
-5.51593
-5.51856
-5.54735
-5.51222
-5.49045
-5.58599
-5.52922
-5.5628
-5.52909
-5.42275
-5.38393
-5.46231
-5.57272
-5.59696
-5.57183
-5.55681
-5.52014
-5.48669
-5.38715
-5.48317
-5.4919
-5.45535
-5.50678
-5.5178
-5.52808
-5.68548
-5.61451
-5.6261
-5.66023
-5.51725
-5.56235
-5.58617
-5.53555
-5.49367
-5.4894
-5.52519
-5.44158
-5.48898
-5.44597
-5.52559
-5.57179
-5.49026
-5.45996
-5.50837
-5.50995
-5.58734
-5.58308
-5.52641
-5.49141
-5.42339
-5.50164
-5.47911
-5.57431
-5.54132
-5.45363
-5.41485
-5.39954
-5.48306
-5.52606
-5.56386
-5.56907
-5.49374
-5.45264
-5.41543
-5.46536
-5.40617
-5.47192
-5.49087
-5.43956
-5.4109
-5.43031
