#     BLOCK:  ACTUAL_PE:     PE_AVE:      ERROR:      V_TAIL=-0.428346
           1    -6.64969    -6.64969           0
           2    -6.50311     -6.5764    0.051822
           3    -6.40251    -6.51844   0.0585958
           4    -6.30482    -6.46503   0.0637985
           5    -6.21855    -6.41574    0.067447
           6    -6.17873    -6.37623   0.0667784
           7    -6.11211     -6.3385   0.0670568
           8    -6.09509    -6.30808   0.0652134
           9    -6.07123    -6.28176   0.0630539
          10    -6.03537    -6.25712   0.0613741
          11    -5.96314    -6.23039   0.0613381
          12    -5.96527     -6.2083    0.060074
          13    -6.04158    -6.19548   0.0568054
          14    -5.95235    -6.17811   0.0553387
          15    -5.89178    -6.15902   0.0548431
          16    -5.90625    -6.14322   0.0536426
          17    -5.87518    -6.12746   0.0527535
          18    -5.95398    -6.11782   0.0506954
          19    -5.89442    -6.10606    0.049372
          20    -5.86828    -6.09417   0.0483136
          21    -5.89163    -6.08453   0.0469658
          22    -5.73885    -6.06881   0.0473865
          23    -5.79796    -6.05704   0.0467667
          24    -5.89144    -6.05014   0.0453242
          25    -5.90232    -6.04422   0.0438952
          26    -5.86422     -6.0373   0.0427494
          27    -5.79988    -6.02851   0.0420608
          28    -5.85554    -6.02233   0.0410098
          29    -5.83719    -6.01595   0.0400895
          30    -5.83696    -6.00998   0.0391946
          31    -5.77606    -6.00243   0.0386498
          32      -5.794    -5.99592   0.0379869
          33    -5.68705    -5.98656   0.0379713
          34    -5.82076    -5.98168   0.0371663
          35    -5.79311     -5.9763   0.0364928
          36    -5.78698    -5.97104   0.0358561
          37    -5.79284    -5.96622   0.0352089
          38    -5.69951     -5.9592    0.034975
          39    -5.75888    -5.95407   0.0344533
          40     -5.7173    -5.94815   0.0340966
          41    -5.58395    -5.93926   0.0344027
          42    -5.52808    -5.92947   0.0349488
          43    -5.56747    -5.92106   0.0351354
          44     -5.6956    -5.91593   0.0347085
          45    -5.66687     -5.9104   0.0343756
          46    -5.65229    -5.90479   0.0340832
          47    -5.69015    -5.90022   0.0336626
          48    -5.77589    -5.89763   0.0330608
          49    -5.78134    -5.89526   0.0324711
          50    -5.73828    -5.89212   0.0319731
          51    -5.83877    -5.89107   0.0313633
          52    -5.75901    -5.88853   0.0308628
          53    -5.72235     -5.8854   0.0304393
          54    -5.82262    -5.88423   0.0298978
          55    -5.86886    -5.88395   0.0293555
          56    -5.85724    -5.88348   0.0288352
          57    -5.78591    -5.88176   0.0283801
          58    -5.80557    -5.88045   0.0279212
          59    -5.83798    -5.87973   0.0274572
          60    -5.79241    -5.87828   0.0270381
          61    -5.74272    -5.87605   0.0266861
          62    -5.79506    -5.87475   0.0262876
          63    -5.81416    -5.87379   0.0258879
          64    -5.80728    -5.87275   0.0255043
          65    -5.79032    -5.87148   0.0251434
          66    -5.87965     -5.8716   0.0247627
          67    -5.86887    -5.87156   0.0243932
          68    -5.78387    -5.87027   0.0240685
          69    -5.80471    -5.86932   0.0237384
          70    -5.73175    -5.86736   0.0234805
          71    -5.77467    -5.86605   0.0231861
          72    -5.74679    -5.86439   0.0229231
          73    -5.74262    -5.86273   0.0226697
          74    -5.85692    -5.86265   0.0223635
          75    -5.77376    -5.86146   0.0220967
          76    -5.66215    -5.85884   0.0219611
          77     -5.7079    -5.85688   0.0217632
          78    -5.71211    -5.85502   0.0215631
          79    -5.71442    -5.85324   0.0213635
          80    -5.73287    -5.85174   0.0211494
          81    -5.67071     -5.8495    0.021006
          82    -5.78186    -5.84868   0.0207661
          83    -5.72409    -5.84718   0.0205701
          84    -5.67982    -5.84519   0.0204214
          85    -5.77062    -5.84431      0.0202
          86    -5.74655    -5.84317   0.0199971
          87      -5.768    -5.84231   0.0197859
          88    -5.76826    -5.84147   0.0195789
          89     -5.8415    -5.84147   0.0193589
          90    -5.64135    -5.83924   0.0192711
          91    -5.68704    -5.83757   0.0191318
          92    -5.77228    -5.83686    0.018937
          93    -5.75119    -5.83594   0.0187558
          94    -5.75327    -5.83506   0.0185768
          95     -5.7496    -5.83416   0.0184031
          96    -5.66571    -5.83241   0.0182948
          97    -5.58614    -5.82987   0.0182815
          98    -5.63021    -5.82783   0.0182081
          99    -5.68953    -5.82643   0.0180777
         100    -5.69408    -5.82511   0.0179453
         101    -5.66062    -5.82348   0.0178414
         102    -5.62708    -5.82156   0.0177701
         103    -5.60107    -5.81942    0.017726
         104    -5.68632    -5.81814   0.0176017
         105    -5.63754    -5.81642   0.0175179
         106    -5.64201    -5.81477   0.0174298
         107    -5.68042    -5.81351    0.017312
         108    -5.72615    -5.81271   0.0171706
         109    -5.66438    -5.81134   0.0170669
         110    -5.61324    -5.80954   0.0170065
         111     -5.6467    -5.80808   0.0169165
         112    -5.62442    -5.80644   0.0168447
         113    -5.61158    -5.80471   0.0167837
         114    -5.64549    -5.80332   0.0166945
         115    -5.54271    -5.80105   0.0167024
         116    -5.53636    -5.79877   0.0167136
         117    -5.56281    -5.79675   0.0166919
         118    -5.53205    -5.79451   0.0167005
         119    -5.61238    -5.79298   0.0166302
         120    -5.68344    -5.79206   0.0165166
         121    -5.70808    -5.79137   0.0163947
         122    -5.73076    -5.79087   0.0162679
         123    -5.64158    -5.78966   0.0161808
         124    -5.60466    -5.78817    0.016119
         125    -5.54375    -5.78621   0.0161082
         126    -5.53195    -5.78419   0.0161062
         127    -5.49278     -5.7819    0.016142
         128     -5.5876    -5.78038   0.0160871
         129     -5.6057    -5.77903   0.0160193
         130    -5.64058    -5.77796   0.0159315
         131     -5.6434    -5.77694   0.0158429
         132    -5.60054     -5.7756   0.0157792
         133     -5.6129    -5.77438   0.0157079
         134    -5.63498    -5.77334    0.015625
         135    -5.62095    -5.77221     0.01555
         136    -5.57713    -5.77077   0.0155017
         137    -5.67331    -5.77006   0.0154049
         138    -5.68937    -5.76948   0.0153043
         139    -5.74415    -5.76929   0.0151953
         140    -5.71905    -5.76894    0.015091
         141    -5.78421    -5.76904   0.0149844
         142    -5.79282    -5.76921   0.0148798
         143     -5.7392      -5.769   0.0147772
         144    -5.60114    -5.76784   0.0147205
         145    -5.63593    -5.76693   0.0146471
         146    -5.63929    -5.76605   0.0145728
         147     -5.6418    -5.76521   0.0144982
         148    -5.78936    -5.76537   0.0144011
         149    -5.86186    -5.76602    0.014319
         150    -5.81593    -5.76635   0.0142274
         151     -5.7524    -5.76626   0.0141335
         152    -5.70053    -5.76583   0.0140471
         153    -5.63659    -5.76498   0.0139807
         154    -5.67509     -5.7644   0.0139021
         155    -5.68694     -5.7639   0.0138214
         156    -5.68616     -5.7634   0.0137418
         157    -5.86316    -5.76403   0.0136689
         158     -5.7175    -5.76374   0.0135856
         159    -5.79137    -5.76391   0.0135012
         160    -5.78557    -5.76405   0.0134175
         161     -5.7601    -5.76402   0.0133342
         162    -5.84891    -5.76455   0.0132622
         163    -5.75751    -5.76451   0.0131809
         164    -5.77245    -5.76455   0.0131006
         165    -5.65383    -5.76388   0.0130384
         166    -5.77134    -5.76393   0.0129599
         167    -5.80739    -5.76419   0.0128849
         168    -5.85142    -5.76471   0.0128187
         169    -5.82383    -5.76506   0.0127476
         170    -5.77597    -5.76512   0.0126728
         171    -5.72771     -5.7649   0.0126006
         172    -5.71266     -5.7646    0.012531
         173    -5.63485    -5.76385    0.012481
         174    -5.58457    -5.76282   0.0124517
         175     -5.5167    -5.76141   0.0124597
         176    -5.76048    -5.76141   0.0123889
         177    -5.73035    -5.76123   0.0123202
         178    -5.72309    -5.76102   0.0122528
         179     -5.6375    -5.76033   0.0122038
         180     -5.6701    -5.75983   0.0121463
         181    -5.53895    -5.75861   0.0121403
         182    -5.58027    -5.75763   0.0121131
         183     -5.5698     -5.7566   0.0120903
         184    -5.52802    -5.75536   0.0120882
         185    -5.66094    -5.75485   0.0120337
         186    -5.60693    -5.75405   0.0119952
         187    -5.58208    -5.75313   0.0119663
         188    -5.57131    -5.75216   0.0119417
         189    -5.52222    -5.75095   0.0119403
         190    -5.49666    -5.74961   0.0119522
         191    -5.51626    -5.74839   0.0119519
         192    -5.44583    -5.74681   0.0119931
         193    -5.66036    -5.74636   0.0119393
         194    -5.61235    -5.74567   0.0118977
         195    -5.56706    -5.74476   0.0118719
         196    -5.59678      -5.744   0.0118354
         197     -5.6558    -5.74355   0.0117837
         198    -5.66797    -5.74317   0.0117304
         199    -5.65644    -5.74274   0.0116796
         200    -5.56237    -5.74183   0.0116559
         201    -5.69452     -5.7416   0.0116003
         202    -5.69196    -5.74135   0.0115455
         203    -5.65915    -5.74095   0.0114957
         204    -5.54827       -5.74   0.0114781
         205    -5.59353    -5.73929   0.0114443
         206    -5.53908    -5.73832     0.01143
         207    -5.50962    -5.73721    0.011428
         208      -5.466    -5.73591   0.0114472
         209    -5.27904    -5.73372   0.0115993
         210    -5.39096    -5.73209   0.0116583
         211    -5.34438    -5.73025    0.011747
         212    -5.41391    -5.72876    0.011786
         213    -5.44228    -5.72742   0.0118071
         214    -5.48998    -5.72631    0.011804
         215    -5.48496    -5.72518   0.0118023
         216    -5.65747    -5.72487   0.0117518
         217    -5.69103    -5.72471   0.0116987
         218    -5.67666    -5.72449   0.0116471
         219    -5.81415     -5.7249   0.0116011
         220    -5.84455    -5.72545   0.0115612
         221     -5.7599     -5.7256   0.0115099
         222     -5.6694    -5.72535   0.0114608
         223    -5.59694    -5.72477   0.0114239
         224     -5.5563    -5.72402   0.0113976
         225     -5.5741    -5.72336   0.0113664
         226    -5.55817    -5.72263   0.0113396
         227    -5.61689    -5.72216   0.0112992
         228    -5.55063    -5.72141   0.0112747
         229    -5.42245     -5.7201   0.0113008
         230    -5.36564    -5.71856   0.0113562
         231    -5.41539    -5.71725   0.0113827
         232     -5.4987    -5.71631   0.0113725
         233    -5.50055    -5.71538   0.0113613
         234    -5.48381    -5.71439   0.0113558
         235    -5.46932    -5.71335   0.0113553
         236    -5.39916    -5.71202   0.0113849
         237    -5.43201    -5.71083    0.011398
         238    -5.51174       -5.71   0.0113808
         239    -5.48786    -5.70907   0.0113711
         240    -5.34891    -5.70757   0.0114223
         241    -5.39627    -5.70628   0.0114477
         242    -5.38349    -5.70494   0.0114778
         243    -5.45081     -5.7039   0.0114781
         244    -5.47981    -5.70298   0.0114678
         245    -5.62154    -5.70265   0.0114258
         246     -5.6173     -5.7023   0.0113846
         247    -5.53699    -5.70163   0.0113582
         248    -5.59894    -5.70122   0.0113199
         249    -5.57631    -5.70071   0.0112856
         250    -5.52834    -5.70002   0.0112615
         251    -5.52749    -5.69934   0.0112375
         252    -5.44519    -5.69833   0.0112381
         253    -5.37754    -5.69706    0.011265
         254    -5.43008    -5.69601   0.0112696
         255    -5.46266    -5.69509   0.0112625
         256    -5.40555    -5.69396   0.0112751
         257    -5.47417    -5.69311   0.0112636
         258    -5.50686    -5.69239   0.0112431
         259    -5.42862    -5.69137   0.0112457
         260    -5.50368    -5.69065   0.0112256
         261    -5.56214    -5.69015   0.0111934
         262    -5.61301    -5.68986   0.0111545
         263    -5.64603    -5.68969   0.0111134
         264      -5.555    -5.68918    0.011083
         265    -5.50382    -5.68848   0.0110632
         266    -5.44147    -5.68755   0.0110605
         267    -5.49435    -5.68683   0.0110427
         268    -5.57008     -5.6864   0.0110101
         269    -5.42973    -5.68544   0.0110105
         270    -5.39478    -5.68436   0.0110222
         271    -5.42831    -5.68342   0.0110219
         272    -5.48583    -5.68269   0.0110053
         273    -5.47873    -5.68195   0.0109903
         274    -5.57291    -5.68155   0.0109574
         275    -5.56015    -5.68111   0.0109265
         276    -5.66358    -5.68104   0.0108871
         277    -5.56679    -5.68063   0.0108556
         278    -5.46495    -5.67985   0.0108442
         279    -5.49053    -5.67918   0.0108266
         280    -5.52589    -5.67863   0.0108017
         281    -5.63294    -5.67847   0.0107645
         282    -5.68027    -5.67847   0.0107263
         283    -5.72598    -5.67864   0.0106898
         284    -5.47131    -5.67791    0.010677
         285     -5.4593    -5.67714   0.0106671
         286    -5.54722    -5.67669   0.0106394
         287    -5.55886    -5.67628   0.0106103
         288    -5.55144    -5.67585   0.0105823
         289    -5.49844    -5.67523   0.0105635
         290    -5.47202    -5.67453   0.0105503
         291     -5.4617     -5.6738   0.0105393
         292     -5.4159    -5.67292   0.0105402
         293    -5.44265    -5.67213   0.0105335
         294    -5.45636     -5.6714   0.0105232
         295    -5.47134    -5.67072   0.0105093
         296    -5.47784    -5.67007    0.010494
         297    -5.51489    -5.66954   0.0104717
         298    -5.47984    -5.66891   0.0104559
         299    -5.46001    -5.66821   0.0104442
         300    -5.52626    -5.66774   0.0104201
         301     -5.5324    -5.66729   0.0103952
         302    -5.50592    -5.66675   0.0103745
         303    -5.49258    -5.66618   0.0103562
         304    -5.49269    -5.66561   0.0103378
         305    -5.47907    -5.66499    0.010322
         306    -5.46558    -5.66434   0.0103088
         307    -5.44838    -5.66364   0.0102992
         308     -5.4665      -5.663   0.0102856
         309    -5.49393    -5.66245   0.0102669
         310    -5.58775    -5.66221   0.0102366
         311    -5.54698    -5.66184   0.0102104
         312    -5.50511    -5.66134     0.01019
         313    -5.58195    -5.66108   0.0101606
         314    -5.65028    -5.66105   0.0101283
         315    -5.58996    -5.66082   0.0100987
         316    -5.43724    -5.66012   0.0100915
         317    -5.38773    -5.65926   0.0100961
         318    -5.46164    -5.65864   0.0100835
         319    -5.58652    -5.65841   0.0100544
         320    -5.58578    -5.65818   0.0100256
         321    -5.59017    -5.65797  0.00999658
         322     -5.6142    -5.65784  0.00996646
         323    -5.64702     -5.6578  0.00993566
         324    -5.66529    -5.65783  0.00990502
         325    -5.63856    -5.65777  0.00987472
         326     -5.6527    -5.65775  0.00984444
         327    -5.56847    -5.65748  0.00981812
         328    -5.52923    -5.65709  0.00979597
         329    -5.48454    -5.65656  0.00978022
         330    -5.46476    -5.65598  0.00976784
         331    -5.53402    -5.65561  0.00974528
         332    -5.57152    -5.65536  0.00971921
         333    -5.55296    -5.65505  0.00969489
         334    -5.65981    -5.65507  0.00966587
         335    -5.66651     -5.6551  0.00963708
         336    -5.65794    -5.65511   0.0096084
         337     -5.6754    -5.65517  0.00958008
         338    -5.65506    -5.65517  0.00955174
         339    -5.60177    -5.65501  0.00952486
         340    -5.56677    -5.65475  0.00950038
         341    -5.48865    -5.65426    0.009485
         342    -5.49349    -5.65379  0.00946891
         343    -5.39276    -5.65303  0.00947183
         344     -5.3336     -5.6521  0.00948971
         345      -5.478     -5.6516  0.00947561
         346    -5.40275    -5.65088  0.00947548
         347     -5.5596    -5.65062  0.00945182
         348    -5.60721    -5.65049  0.00942549
         349    -5.49771    -5.65005  0.00940864
         350    -5.49369    -5.64961  0.00939236
         351    -5.43738      -5.649  0.00938504
         352    -5.29643      -5.648  0.00941168
         353    -5.30031    -5.64702  0.00943642
         354    -5.30573    -5.64605  0.00945888
         355    -5.38855    -5.64533  0.00946001
         356    -5.46841    -5.64483  0.00944648
         357    -5.44628    -5.64427  0.00943638
         358    -5.43469    -5.64369  0.00942816
         359    -5.35881     -5.6429  0.00943524
         360    -5.31176    -5.64198  0.00945376
         361    -5.33546    -5.64113  0.00946562
         362    -5.38247    -5.64041   0.0094664
         363    -5.43098    -5.63983  0.00945789
         364     -5.3592    -5.63906  0.00946328
         365    -5.36003     -5.6383  0.00946818
         366    -5.27194     -5.6373  0.00949508
         367    -5.33293    -5.63647  0.00950535
         368    -5.25126    -5.63542  0.00953699
         369    -5.31836    -5.63456  0.00954977
         370    -5.34082    -5.63377  0.00955691
         371    -5.41872    -5.63319  0.00954871
         372    -5.42311    -5.63262  0.00953972
         373    -5.43422    -5.63209  0.00952897
         374    -5.51143    -5.63177  0.00950895
         375    -5.44018    -5.63126  0.00949731
         376    -5.43118    -5.63073  0.00948694
         377    -5.44362    -5.63023  0.00947475
         378    -5.50065    -5.62989  0.00945589
         379    -5.51113    -5.62957  0.00943613
         380    -5.53919    -5.62934  0.00941429
         381    -5.46206     -5.6289  0.00939981
         382    -5.44223    -5.62841   0.0093879
         383    -5.44163    -5.62792  0.00937605
         384    -5.47345    -5.62752  0.00936026
         385      -5.401    -5.62693  0.00935442
         386    -5.38571    -5.62631  0.00935103
         387    -5.46571    -5.62589  0.00933607
         388    -5.47438     -5.6255  0.00932018
         389    -5.50798     -5.6252  0.00930111
         390     -5.5132    -5.62491  0.00928169
         391    -5.42485     -5.6244  0.00927205
         392    -5.40625    -5.62384  0.00926508
         393    -5.46184    -5.62343  0.00925067
         394     -5.4679    -5.62304  0.00923561
         395    -5.42255    -5.62253  0.00922617
         396    -5.44433    -5.62208  0.00921383
         397    -5.35525    -5.62141  0.00921511
         398    -5.43829    -5.62095  0.00920343
         399    -5.45481    -5.62053  0.00918978
         400    -5.44215    -5.62008  0.00917762
         401    -5.32122    -5.61934  0.00918494
         402     -5.3862    -5.61876  0.00918039
         403    -5.37286    -5.61815  0.00917786
         404    -5.36966    -5.61753  0.00917573
         405    -5.39151    -5.61698  0.00917003
         406    -5.27833    -5.61614   0.0091853
         407    -5.35739    -5.61551  0.00918471
         408    -5.29873    -5.61473  0.00919495
         409    -5.31252    -5.61399  0.00920211
         410    -5.32132    -5.61328  0.00920732
         411    -5.41291    -5.61279  0.00919781
         412    -5.36915     -5.6122  0.00919448
         413     -5.3364    -5.61153  0.00919643
         414     -5.3034    -5.61079  0.00920429
         415    -5.33483    -5.61012   0.0092061
         416    -5.33306    -5.60945  0.00920803
         417    -5.41537    -5.60899   0.0091977
         418    -5.37733    -5.60843  0.00919238
         419    -5.51105     -5.6082  0.00917338
         420    -5.50038    -5.60795  0.00915513
         421    -5.35977    -5.60736  0.00915234
         422    -5.37561    -5.60681  0.00914711
         423     -5.4064    -5.60633  0.00913775
         424    -5.45709    -5.60598  0.00912298
         425    -5.48331    -5.60569  0.00910607
         426    -5.40062    -5.60521  0.00909741
         427    -5.38449    -5.60469  0.00909078
         428    -5.38457    -5.60418  0.00908408
         429    -5.34583    -5.60358  0.00908284
         430    -5.37283    -5.60304  0.00907756
         431    -5.36559    -5.60249   0.0090732
         432    -5.39136      -5.602  0.00906535
         433    -5.42185    -5.60159  0.00905396
         434    -5.42549    -5.60118  0.00904218
         435     -5.2875    -5.60046   0.0090501
         436     -5.2901    -5.59975   0.0090573
         437    -5.24007    -5.59892  0.00907389
         438    -5.30388    -5.59825  0.00907814
         439    -5.24121    -5.59744  0.00909382
         440    -5.25387    -5.59666  0.00910662
         441     -5.2833    -5.59595  0.00911364
         442    -5.30875     -5.5953  0.00911616
         443     -5.3659    -5.59478  0.00911028
         444    -5.39934    -5.59434  0.00910038
         445    -5.45738    -5.59403  0.00908514
         446    -5.50423    -5.59383    0.009067
         447     -5.4645    -5.59354  0.00905133
         448    -5.50677    -5.59335   0.0090332
         449    -5.48686    -5.59311  0.00901619
         450    -5.51993    -5.59295  0.00899762
         451    -5.48782    -5.59271  0.00898069
         452    -5.44007    -5.59238  0.00896717
         453    -5.48319    -5.59213  0.00895061
         454    -5.36532    -5.59163  0.00894483
         455    -5.39242     -5.5912  0.00893588
         456    -5.33998    -5.59065  0.00893325
         457    -5.27354    -5.58995  0.00894061
         458    -5.31801    -5.58936  0.00894078
         459    -5.33982    -5.58881  0.00893782
         460    -5.36288    -5.58832  0.00893187
         461     -5.3948     -5.5879  0.00892236
         462    -5.42975    -5.58756  0.00890961
         463    -5.39838    -5.58715  0.00889973
         464    -5.36741    -5.58668  0.00889314
         465    -5.42744    -5.58634   0.0088806
         466    -5.44956    -5.58604   0.0088664
         467    -5.43373    -5.58572  0.00885341
         468    -5.44963    -5.58543  0.00883926
         469    -5.47036    -5.58518  0.00882382
         470    -5.45528     -5.5849  0.00880937
         471    -5.41636    -5.58455  0.00879794
         472    -5.36567    -5.58408  0.00879151
         473    -5.40505     -5.5837  0.00878107
         474    -5.30896    -5.58312  0.00878165
         475    -5.40871    -5.58276  0.00877084
         476    -5.42815    -5.58243  0.00875842
         477    -5.44078    -5.58214  0.00874509
         478    -5.51172    -5.58199  0.00872804
         479    -5.50708    -5.58183  0.00871122
         480    -5.57218    -5.58181  0.00869309
         481    -5.61494    -5.58188  0.00867529
         482    -5.47891    -5.58167  0.00865992
         483    -5.57234    -5.58165  0.00864202
         484    -5.61891    -5.58172   0.0086245
         485    -5.63038    -5.58183   0.0086073
         486    -5.60209    -5.58187   0.0085897
         487    -5.68299    -5.58207  0.00857457
         488    -5.68793    -5.58229  0.00855974
         489    -5.64428    -5.58242  0.00854317
         490    -5.59789    -5.58245   0.0085258
         491    -5.64126    -5.58257  0.00850927
         492    -5.56512    -5.58253  0.00849205
         493    -5.65066    -5.58267  0.00847595
         494    -5.67173    -5.58285  0.00846071
         495    -5.62207    -5.58293  0.00844399
         496    -5.70728    -5.58318  0.00843069
         497    -5.58119    -5.58318  0.00841372
         498    -5.59565     -5.5832  0.00839687
         499    -5.53894    -5.58311  0.00838051
         500    -5.51784    -5.58298  0.00836476
         501    -5.53489    -5.58289  0.00834862
         502    -5.47891    -5.58268  0.00833456
         503    -5.42332    -5.58236  0.00832401
         504    -5.37506    -5.58195  0.00831765
         505    -5.44801    -5.58169   0.0083054
         506     -5.4437    -5.58141  0.00829346
         507    -5.43671    -5.58113  0.00828202
         508    -5.39699    -5.58077  0.00827364
         509    -5.44397     -5.5805  0.00826175
         510    -5.38069    -5.58011  0.00825484
         511    -5.34162    -5.57964  0.00825186
         512    -5.41405    -5.57932  0.00824208
         513    -5.36812     -5.5789  0.00823629
         514    -5.36629    -5.57849  0.00823065
         515    -5.39746    -5.57814  0.00822217
         516    -5.46303    -5.57792  0.00820926
         517     -5.4443    -5.57766  0.00819745
         518    -5.49867    -5.57751  0.00818304
         519    -5.50544    -5.57737  0.00816845
         520    -5.47116    -5.57716   0.0081553
         521     -5.4104    -5.57684  0.00814592
         522    -5.46891    -5.57664  0.00813294
         523    -5.45829    -5.57641  0.00812054
         524    -5.42688    -5.57612  0.00811005
         525    -5.39651    -5.57578  0.00810182
         526    -5.43914    -5.57552  0.00809058
         527    -5.40888    -5.57521   0.0080814
         528    -5.34063    -5.57476   0.0080783
         529    -5.33872    -5.57432  0.00807534
         530    -5.28812    -5.57378  0.00807814
         531    -5.39216    -5.57343  0.00807016
         532    -5.39318    -5.57309  0.00806211
         533    -5.41861     -5.5728  0.00805219
         534    -5.40336    -5.57249  0.00804336
         535    -5.51904    -5.57239  0.00802894
         536    -5.49998    -5.57225   0.0080151
         537    -5.38377     -5.5719  0.00800786
         538    -5.46765    -5.57171  0.00799532
         539    -5.52123    -5.57161  0.00798103
         540    -5.48237    -5.57145  0.00796796
         541    -5.48956     -5.5713  0.00795467
         542    -5.41471    -5.57101  0.00794524
         543    -5.41829    -5.57073  0.00793559
         544    -5.29346    -5.57022  0.00793735
         545      -5.359    -5.56983  0.00793224
         546    -5.47598    -5.56966  0.00791957
         547    -5.42378    -5.56939  0.00790959
         548    -5.50266    -5.56927  0.00789609
         549    -5.54595    -5.56923  0.00788182
         550    -5.50976    -5.56912  0.00786823
         551    -5.51698    -5.56902  0.00785452
         552    -5.44139    -5.56879  0.00784369
         553    -5.45727    -5.56859   0.0078321
         554    -5.46879    -5.56841  0.00782004
         555    -5.48418    -5.56826  0.00780742
         556     -5.4997    -5.56814  0.00779435
         557    -5.41728    -5.56787  0.00778506
         558    -5.43335    -5.56762  0.00777484
         559    -5.45618    -5.56743  0.00776349
         560     -5.4302    -5.56718  0.00775349
         561    -5.43032    -5.56694  0.00774351
         562    -5.42242    -5.56668    0.007734
         563    -5.39338    -5.56637  0.00772638
         564    -5.40692    -5.56609  0.00771785
         565    -5.38339    -5.56576  0.00771097
         566    -5.42429    -5.56552  0.00770139
         567    -5.41314    -5.56525   0.0076925
         568    -5.47417    -5.56509  0.00768062
         569    -5.46195     -5.5649  0.00766926
         570    -5.52988    -5.56484  0.00765606
         571    -5.40267    -5.56456  0.00764791
         572    -5.51426    -5.56447  0.00763505
         573    -5.59434    -5.56452   0.0076219
         574    -5.47686    -5.56437  0.00761015
         575    -5.39991    -5.56408  0.00760229
         576    -5.35711    -5.56373  0.00759758
         577    -5.39535    -5.56343  0.00759002
         578    -5.42963     -5.5632  0.00758041
         579    -5.38718     -5.5629  0.00757342
         580    -5.42977    -5.56267  0.00756383
         581    -5.42634    -5.56243  0.00755445
         582    -5.49082    -5.56231  0.00754248
         583    -5.42343    -5.56207   0.0075333
         584    -5.50427    -5.56197  0.00752105
         585     -5.5428    -5.56194  0.00750827
         586    -5.45099    -5.56175  0.00749784
         587    -5.43749    -5.56154  0.00748805
         588    -5.47588    -5.56139  0.00747674
         589    -5.55486    -5.56138  0.00746405
         590    -5.58902    -5.56143  0.00745155
         591    -5.57475    -5.56145  0.00743897
         592    -5.49961    -5.56135  0.00742714
         593    -5.52313    -5.56128   0.0074149
         594    -5.52992    -5.56123   0.0074026
         595    -5.52067    -5.56116  0.00739047
         596    -5.51935    -5.56109  0.00737841
         597    -5.52855    -5.56104  0.00736625
         598    -5.51397    -5.56096  0.00735435
         599     -5.4522    -5.56078  0.00734431
         600    -5.48638    -5.56065  0.00733312
         601    -5.51925    -5.56058  0.00732124
         602    -5.57437    -5.56061  0.00730912
         603    -5.51318    -5.56053  0.00729742
         604    -5.52727    -5.56047  0.00728554
         605    -5.54341    -5.56045  0.00727356
         606    -5.50817    -5.56036  0.00726206
         607     -5.5048    -5.56027  0.00725068
         608     -5.4717    -5.56012  0.00724022
         609    -5.48822       -5.56  0.00722929
         610    -5.55365    -5.55999  0.00721745
         611    -5.52819    -5.55994  0.00720582
         612    -5.62794    -5.56005   0.0071949
         613    -5.65348    -5.56021  0.00718478
         614    -5.51613    -5.56013  0.00717344
         615    -5.40333    -5.55988   0.0071663
         616    -5.53278    -5.55983   0.0071548
         617    -5.56107    -5.55984  0.00714321
         618    -5.62019    -5.55993  0.00713232
         619    -5.69356    -5.56015  0.00712406
         620    -5.66068    -5.56031  0.00711442
         621    -5.70212    -5.56054  0.00710662
         622    -5.63308    -5.56066  0.00709615
         623    -5.70233    -5.56088  0.00708841
         624    -5.72089    -5.56114  0.00708168
         625    -5.70805    -5.56138  0.00707425
         626    -5.73874    -5.56166  0.00706862
         627    -5.60418    -5.56173  0.00705767
         628     -5.4859    -5.56161  0.00704747
         629    -5.51189    -5.56153  0.00703671
         630    -5.54294     -5.5615   0.0070256
         631    -5.55841    -5.56149  0.00701447
         632    -5.50083     -5.5614  0.00700403
         633    -5.46399    -5.56124  0.00699465
         634    -5.45968    -5.56108  0.00698545
         635    -5.48632    -5.56097  0.00697544
         636    -5.55829    -5.56096  0.00696448
         637    -5.55238    -5.56095  0.00695356
         638    -5.44883    -5.56077  0.00694488
         639    -5.45707    -5.56061  0.00693591
         640    -5.51971    -5.56055  0.00692536
         641    -5.52995     -5.5605  0.00691472
         642    -5.58948    -5.56054   0.0069041
         643    -5.62431    -5.56064  0.00689408
         644    -5.64717    -5.56078  0.00688468
         645     -5.5905    -5.56082  0.00687416
         646    -5.60803     -5.5609  0.00686391
         647    -5.65867    -5.56105  0.00685496
         648    -5.67468    -5.56122  0.00684663
         649     -5.7002    -5.56144  0.00683942
         650    -5.67888    -5.56162  0.00683129
         651    -5.64338    -5.56174  0.00682195
         652    -5.59718     -5.5618   0.0068117
         653    -5.46181    -5.56164  0.00680299
         654    -5.50289    -5.56155  0.00679318
         655    -5.43097    -5.56135  0.00678574
         656    -5.61709    -5.56144  0.00677593
         657    -5.55487    -5.56143  0.00676562
         658    -5.56767    -5.56144  0.00675534
         659    -5.56638    -5.56145   0.0067451
         660    -5.56552    -5.56145  0.00673488
         661    -5.51488    -5.56138  0.00672506
         662      -5.382    -5.56111  0.00672036
         663    -5.51293    -5.56104  0.00671061
         664     -5.5801    -5.56107  0.00670057
         665    -5.54622    -5.56104  0.00669053
         666    -5.55174    -5.56103   0.0066805
         667    -5.48184    -5.56091  0.00667154
         668    -5.49282    -5.56081  0.00666233
         669    -5.42856    -5.56061   0.0066553
         670    -5.41493     -5.5604  0.00664892
         671    -5.48523    -5.56028  0.00663996
         672    -5.59217    -5.56033  0.00663024
         673    -5.59682    -5.56038  0.00662061
         674    -5.58217    -5.56042  0.00661087
         675     -5.6164     -5.5605   0.0066016
         676     -5.6199    -5.56059  0.00659242
         677     -5.6227    -5.56068  0.00658332
         678     -5.6289    -5.56078  0.00657438
         679    -5.62403    -5.56087  0.00656535
         680    -5.68747    -5.56106  0.00655834
         681    -5.68072    -5.56124  0.00655106
         682    -5.70683    -5.56145  0.00654493
         683    -5.59486     -5.5615  0.00653553
         684    -5.62387    -5.56159  0.00652661
         685    -5.63793     -5.5617  0.00651804
         686    -5.61699    -5.56178  0.00650903
         687    -5.61831    -5.56186  0.00650008
         688     -5.5003    -5.56177  0.00649125
         689    -5.57363    -5.56179  0.00648185
         690    -5.59586    -5.56184  0.00647264
         691    -5.51362    -5.56177  0.00646365
         692    -5.57809    -5.56179  0.00645436
         693    -5.50684    -5.56171  0.00644553
         694    -5.43273    -5.56153  0.00643892
         695    -5.52453    -5.56148  0.00642988
         696    -5.59371    -5.56152   0.0064208
         697    -5.66083    -5.56166  0.00641317
         698    -5.61975    -5.56175  0.00640452
         699    -5.60466    -5.56181  0.00639566
         700    -5.45776    -5.56166  0.00638825
         701     -5.4368    -5.56148  0.00638162
         702    -5.39972    -5.56125  0.00637669
         703    -5.40275    -5.56103   0.0063716
         704    -5.39909     -5.5608   0.0063667
         705    -5.44717    -5.56064  0.00635971
         706    -5.46385     -5.5605  0.00635218
         707    -5.57098    -5.56051  0.00634321
         708    -5.54434    -5.56049  0.00633429
         709    -5.55182    -5.56048  0.00632537
         710    -5.60421    -5.56054  0.00631676
         711    -5.61271    -5.56061   0.0063083
         712    -5.56337    -5.56062  0.00629944
         713    -5.63004    -5.56071  0.00629136
         714    -5.57044    -5.56073  0.00628256
         715    -5.40165    -5.56051  0.00627772
         716     -5.3858    -5.56026  0.00627369
         717    -5.38766    -5.56002  0.00626956
         718    -5.51649    -5.55996  0.00626112
         719    -5.45344    -5.55981  0.00625416
         720    -5.43995    -5.55965  0.00624769
         721    -5.34155    -5.55934  0.00624634
         722    -5.34174    -5.55904  0.00624496
         723    -5.45174    -5.55889  0.00623808
         724    -5.45393    -5.55875  0.00623115
         725    -5.50194    -5.55867  0.00622305
         726    -5.47463    -5.55855  0.00621556
         727     -5.4526    -5.55841  0.00620871
         728    -5.55342     -5.5584  0.00620019
         729     -5.5387    -5.55837  0.00619174
         730    -5.53006    -5.55834  0.00618338
         731    -5.51677    -5.55828  0.00617519
         732    -5.50733    -5.55821  0.00616714
         733    -5.40349      -5.558  0.00616234
         734     -5.2786    -5.55762  0.00616569
         735    -5.31845    -5.55729  0.00616588
         736    -5.45346    -5.55715  0.00615912
         737     -5.5195     -5.5571  0.00615097
         738    -5.49442    -5.55701  0.00614322
         739    -5.44743    -5.55687   0.0061367
         740    -5.48248    -5.55677  0.00612923
         741    -5.43585     -5.5566  0.00612313
         742    -5.46848    -5.55648  0.00611603
         743    -5.41588    -5.55629  0.00611073
         744    -5.38263    -5.55606  0.00610697
         745     -5.4568    -5.55593  0.00610022
         746    -5.51179    -5.55587  0.00609233
         747     -5.5701    -5.55589  0.00608421
         748    -5.49382    -5.55581  0.00607664
         749    -5.51212    -5.55575  0.00606881
         750    -5.53914    -5.55572  0.00606076
         751    -5.45084    -5.55558  0.00605429
         752    -5.44499    -5.55544  0.00604803
         753    -5.37792     -5.5552  0.00604459
         754    -5.40864    -5.55501   0.0060397
         755     -5.4058    -5.55481  0.00603493
         756    -5.41616    -5.55463  0.00602973
         757    -5.41058    -5.55444  0.00602477
         758    -5.48261    -5.55434  0.00601757
         759    -5.56952    -5.55436  0.00600967
         760    -5.56298    -5.55437  0.00600178
         761     -5.5365    -5.55435  0.00599394
         762     -5.5542    -5.55435  0.00598607
         763    -5.65812    -5.55449  0.00597977
         764    -5.58848    -5.55453  0.00597211
         765    -5.57561    -5.55456  0.00596436
         766     -5.5916    -5.55461  0.00595677
         767      -5.557    -5.55461  0.00594901
         768     -5.5219    -5.55457  0.00594141
         769    -5.54881    -5.55456  0.00593369
         770    -5.53089    -5.55453  0.00592607
         771    -5.43142    -5.55437  0.00592053
         772    -5.42082     -5.5542  0.00591539
         773    -5.48227     -5.5541  0.00590847
         774    -5.55684    -5.55411  0.00590084
         775    -5.59802    -5.55416  0.00589349
         776    -5.53219    -5.55413  0.00588597
         777    -5.60867     -5.5542  0.00587881
         778    -5.60238    -5.55427  0.00587158
         779    -5.61642    -5.55435  0.00586458
         780    -5.62647    -5.55444   0.0058578
         781    -5.61029    -5.55451  0.00585073
         782     -5.6854    -5.55468  0.00584564
         783    -5.66396    -5.55482  0.00583984
         784    -5.58898    -5.55486  0.00583256
         785    -5.62425    -5.55495   0.0058258
         786    -5.56413    -5.55496   0.0058184
         787    -5.56947    -5.55498  0.00581103
         788    -5.52328    -5.55494   0.0058038
         789    -5.47858    -5.55484  0.00579725
         790    -5.46216    -5.55472   0.0057911
         791    -5.39596    -5.55452  0.00578725
         792    -5.36249    -5.55428  0.00578502
         793    -5.36155    -5.55404  0.00578283
         794    -5.44295     -5.5539  0.00577724
         795    -5.49236    -5.55382  0.00577049
         796    -5.51212    -5.55377  0.00576348
         797    -5.40566    -5.55358  0.00575924
         798    -5.38444    -5.55337  0.00575593
         799    -5.53003    -5.55334   0.0057488
         800    -5.48913    -5.55326  0.00574217
         801    -5.53628    -5.55324  0.00573504
         802    -5.46209    -5.55313  0.00572902
         803    -5.49145    -5.55305   0.0057224
         804    -5.50497    -5.55299  0.00571559
         805    -5.42725    -5.55283  0.00571063
         806       -5.45    -5.55271  0.00570497
         807    -5.52215    -5.55267  0.00569802
         808    -5.52255    -5.55263  0.00569109
         809    -5.44398     -5.5525  0.00568564
         810    -5.45981    -5.55238  0.00567977
         811    -5.52337    -5.55235  0.00567288
         812    -5.51426     -5.5523  0.00566609
         813    -5.57186    -5.55232  0.00565917
         814    -5.63562    -5.55243  0.00565315
         815    -5.60786    -5.55249  0.00564662
         816    -5.59405    -5.55255  0.00563993
         817     -5.5454    -5.55254  0.00563303
         818    -5.53175    -5.55251   0.0056262
         819    -5.59882    -5.55257  0.00561962
         820    -5.64763    -5.55268  0.00561396
         821    -5.56914     -5.5527  0.00560716
         822     -5.5486     -5.5527  0.00560034
         823    -5.58243    -5.55273  0.00559365
         824     -5.5951    -5.55279   0.0055871
         825    -5.53511    -5.55276  0.00558037
         826    -5.47934    -5.55268  0.00557432
         827    -5.44882    -5.55255  0.00556899
         828    -5.36351    -5.55232  0.00556694
         829    -5.44165    -5.55219  0.00556183
         830    -5.41557    -5.55202  0.00555756
         831    -5.48592    -5.55194  0.00555145
         832    -5.50901    -5.55189  0.00554501
         833    -5.45591    -5.55178  0.00553955
         834    -5.43706    -5.55164  0.00553462
         835    -5.48049    -5.55155  0.00552865
         836    -5.40106    -5.55137  0.00552496
         837    -5.43576    -5.55124  0.00552009
         838    -5.42006    -5.55108  0.00551572
         839    -5.42509    -5.55093  0.00551119
         840    -5.48295    -5.55085  0.00550522
         841    -5.41249    -5.55068  0.00550113
         842    -5.34078    -5.55044  0.00550025
         843    -5.38984    -5.55024  0.00549702
         844    -5.47162    -5.55015   0.0054913
         845    -5.53845    -5.55014  0.00548482
         846    -5.53261    -5.55012  0.00547837
         847    -5.41104    -5.54995  0.00547436
         848    -5.49179    -5.54988  0.00546834
         849    -5.50183    -5.54983  0.00546219
         850    -5.47494    -5.54974  0.00545647
         851    -5.53544    -5.54972  0.00545009
         852    -5.61252     -5.5498  0.00544419
         853    -5.54264    -5.54979  0.00543781
         854     -5.5332    -5.54977  0.00543148
         855    -5.61458    -5.54984  0.00542566
         856     -5.5435    -5.54984  0.00541932
         857    -5.46816    -5.54974  0.00541384
         858    -5.55633    -5.54975  0.00540753
         859    -5.57964    -5.54978  0.00540135
         860    -5.53662    -5.54977  0.00539509
         861    -5.58997    -5.54982  0.00538903
         862    -5.59862    -5.54987  0.00538307
         863    -5.58248    -5.54991  0.00537697
         864    -5.51322    -5.54987  0.00537091
         865     -5.5275    -5.54984  0.00536477
         866    -5.58517    -5.54988  0.00535873
         867    -5.58299    -5.54992  0.00535268
         868    -5.56213    -5.54993  0.00534653
         869    -5.61643    -5.55001  0.00534093
         870    -5.54927    -5.55001  0.00533479
         871    -5.55957    -5.55002  0.00532868
         872    -5.59751    -5.55008  0.00532284
         873    -5.51927    -5.55004  0.00531686
         874    -5.41426    -5.54988  0.00531305
         875    -5.42171    -5.54974    0.005309
         876    -5.48382    -5.54966  0.00530347
         877    -5.46659    -5.54957  0.00529827
         878    -5.45824    -5.54946  0.00529325
         879    -5.39885    -5.54929     0.00529
         880    -5.50249    -5.54924  0.00528426
         881     -5.5103     -5.5492  0.00527845
         882    -5.54163    -5.54919  0.00527247
         883     -5.5211    -5.54916  0.00526659
         884    -5.40031    -5.54899  0.00526333
         885    -5.46557    -5.54889  0.00525822
         886    -5.35166    -5.54867    0.005257
         887    -5.38115    -5.54848  0.00525446
         888    -5.47966     -5.5484  0.00524912
         889    -5.48398    -5.54833  0.00524371
         890    -5.35417    -5.54811  0.00524236
         891    -5.35908     -5.5479  0.00524077
         892    -5.30599    -5.54763   0.0052419
         893    -5.31733    -5.54737  0.00524237
         894    -5.30219     -5.5471  0.00524368
         895    -5.42944    -5.54697  0.00523947
         896    -5.46841    -5.54688  0.00523435
         897    -5.55896    -5.54689  0.00522853
         898    -5.67692    -5.54704  0.00522472
         899    -5.62679    -5.54713  0.00521966
         900    -5.72442    -5.54732  0.00521757
         901    -5.81741    -5.54762  0.00522039
         902    -5.69294    -5.54778  0.00521709
         903    -5.66594    -5.54791  0.00521295
         904     -5.6952    -5.54808  0.00520973
         905     -5.5624    -5.54809  0.00520399
         906    -5.56621    -5.54811  0.00519829
         907    -5.60686    -5.54818  0.00519296
         908    -5.61627    -5.54825  0.00518778
         909    -5.61941    -5.54833  0.00518267
         910    -5.60997     -5.5484  0.00517741
         911    -5.61699    -5.54847  0.00517228
         912    -5.68724    -5.54863  0.00516885
         913    -5.66947    -5.54876  0.00516488
         914    -5.56623    -5.54878  0.00515926
         915    -5.59733    -5.54883   0.0051539
         916    -5.55633    -5.54884  0.00514828
         917    -5.55568    -5.54885  0.00514267
         918    -5.52973    -5.54883  0.00513711
         919    -5.56501    -5.54884  0.00513155
         920    -5.54046    -5.54883  0.00512598
         921    -5.59997    -5.54889  0.00512071
         922    -5.61316    -5.54896  0.00511563
         923    -5.58789      -5.549  0.00511027
         924    -5.52192    -5.54897  0.00510482
         925    -5.59272    -5.54902  0.00509952
         926    -5.53901    -5.54901  0.00509402
         927    -5.58847    -5.54905  0.00508871
         928    -5.48155    -5.54898  0.00508374
         929    -5.46841    -5.54889  0.00507901
         930    -5.47683    -5.54881  0.00507414
         931    -5.42042    -5.54868  0.00507056
         932    -5.43622    -5.54856  0.00506656
         933    -5.47059    -5.54847  0.00506182
         934    -5.51943    -5.54844  0.00505649
         935    -5.47645    -5.54836  0.00505167
         936    -5.47532    -5.54829  0.00504688
         937    -5.34581    -5.54807  0.00504611
         938    -5.34753    -5.54786  0.00504526
         939    -5.40664    -5.54771  0.00504213
         940     -5.4406    -5.54759  0.00503805
         941    -5.46391     -5.5475  0.00503348
         942    -5.39808    -5.54734  0.00503064
         943    -5.40361    -5.54719  0.00502761
         944    -5.37082      -5.547  0.00502576
         945    -5.38519    -5.54683  0.00502336
         946    -5.41736     -5.5467  0.00501991
         947    -5.46625    -5.54661  0.00501533
         948    -5.52621    -5.54659  0.00501008
         949    -5.55235     -5.5466  0.00500481
         950    -5.56335    -5.54661  0.00499957
         951    -5.54697    -5.54661  0.00499431
         952    -5.48973    -5.54655  0.00498942
         953    -5.55546    -5.54656   0.0049842
         954    -5.59315    -5.54661  0.00497921
         955    -5.51086    -5.54658  0.00497414
         956    -5.51366    -5.54654  0.00496906
         957     -5.5467    -5.54654  0.00496386
         958    -5.50891     -5.5465  0.00495884
         959    -5.53362    -5.54649  0.00495368
         960    -5.43971    -5.54638  0.00494977
         961    -5.43048    -5.54626  0.00494609
         962    -5.45927    -5.54617  0.00494178
         963    -5.43847    -5.54605  0.00493791
         964    -5.45473    -5.54596   0.0049337
         965    -5.44836    -5.54586  0.00492962
         966     -5.4795    -5.54579    0.004925
         967    -5.40704    -5.54565  0.00492199
         968     -5.5426    -5.54564  0.00491691
         969    -5.53043    -5.54563  0.00491186
         970    -5.58544    -5.54567  0.00490697
         971    -5.52706    -5.54565  0.00490195
         972    -5.54332    -5.54565  0.00489691
         973     -5.6162    -5.54572  0.00489241
         974    -5.52813     -5.5457  0.00488742
         975    -5.45197    -5.54561  0.00488336
         976    -5.45933    -5.54552  0.00487915
         977    -5.47099    -5.54544  0.00487475
         978    -5.37644    -5.54527  0.00487283
         979     -5.4211    -5.54514   0.0048695
         980    -5.49911    -5.54509  0.00486476
         981    -5.43323    -5.54498  0.00486114
         982    -5.41604    -5.54485  0.00485796
         983    -5.39228    -5.54469   0.0048555
         984    -5.36153    -5.54451  0.00485413
         985    -5.43263    -5.54439  0.00485053
         986    -5.37957    -5.54423  0.00484849
         987    -5.39822    -5.54408  0.00484584
         988    -5.39724    -5.54393  0.00484321
         989    -5.37666    -5.54376  0.00484127
         990    -5.50878    -5.54373   0.0048365
         991    -5.49768    -5.54368  0.00483185
         992    -5.44683    -5.54358  0.00482796
         993    -5.35557    -5.54339  0.00482681
         994    -5.45512     -5.5433  0.00482277
         995    -5.42534    -5.54318  0.00481938
         996    -5.37849    -5.54302  0.00481738
         997    -5.43445    -5.54291  0.00481378
         998    -5.52768     -5.5429  0.00480898
         999    -5.51315    -5.54287  0.00480426
        1000    -5.53936    -5.54286  0.00479945
        1001    -5.46988    -5.54279  0.00479521
        1002    -5.46339    -5.54271  0.00479108
        1003    -5.48355    -5.54265  0.00478667
        1004    -5.45786    -5.54257  0.00478265
        1005    -5.51905    -5.54254  0.00477794
        1006    -5.47241    -5.54247   0.0047737
        1007    -5.36205    -5.54229  0.00477232
        1008    -5.44108    -5.54219  0.00476865
        1009    -5.48442    -5.54214  0.00476426
        1010    -5.56831    -5.54216  0.00475962
        1011    -5.54028    -5.54216  0.00475491
        1012    -5.56274    -5.54218  0.00475025
        1013    -5.60976    -5.54225  0.00474603
        1014    -5.58127    -5.54229  0.00474151
        1015    -5.57767    -5.54232  0.00473697
        1016    -5.52655    -5.54231  0.00473233
        1017    -5.52231    -5.54229  0.00472772
        1018    -5.45346     -5.5422  0.00472388
        1019    -5.46401    -5.54212  0.00471986
        1020    -5.35972    -5.54194  0.00471862
        1021     -5.3781    -5.54178  0.00471673
        1022    -5.45027    -5.54169  0.00471296
        1023    -5.48491    -5.54164  0.00470868
        1024    -5.50493     -5.5416  0.00470422
        1025    -5.49225    -5.54155  0.00469988
        1026    -5.52358    -5.54154  0.00469533
        1027    -5.49882    -5.54149  0.00469094
        1028    -5.49813    -5.54145  0.00468657
        1029    -5.48983     -5.5414  0.00468228
        1030    -5.47635    -5.54134  0.00467816
        1031    -5.50952    -5.54131  0.00467373
        1032    -5.52454    -5.54129  0.00466923
        1033    -5.59344    -5.54134  0.00466498
        1034    -5.52387    -5.54133   0.0046605
        1035    -5.49742    -5.54128  0.00465619
        1036    -5.51052    -5.54125  0.00465179
        1037    -5.55632    -5.54127  0.00464733
        1038    -5.54464    -5.54127  0.00464285
        1039    -5.56445    -5.54129  0.00463844
        1040    -5.59688    -5.54135  0.00463428
        1041    -5.60394    -5.54141  0.00463022
        1042    -5.59529    -5.54146  0.00462607
        1043    -5.53945    -5.54146  0.00462163
        1044    -5.42278    -5.54134   0.0046186
        1045    -5.38345    -5.54119  0.00461665
        1046    -5.42148    -5.54108  0.00461366
        1047    -5.46234      -5.541  0.00460986
        1048    -5.38541    -5.54085  0.00460786
        1049    -5.28537    -5.54061   0.0046099
        1050    -5.28429    -5.54037  0.00461196
        1051    -5.29281    -5.54013  0.00461359
        1052    -5.37023    -5.53997  0.00461203
        1053    -5.40123    -5.53984  0.00460953
        1054    -5.39153     -5.5397   0.0046073
        1055    -5.51671    -5.53967  0.00460299
        1056     -5.4389    -5.53958  0.00459962
        1057    -5.41922    -5.53947  0.00459667
        1058    -5.48669    -5.53942   0.0045926
        1059    -5.51204    -5.53939  0.00458834
        1060    -5.52271    -5.53937  0.00458404
        1061    -5.45881     -5.5393  0.00458034
        1062    -5.48084    -5.53924  0.00457636
        1063    -5.53979    -5.53924  0.00457206
        1064    -5.48549    -5.53919  0.00456804
        1065    -5.44592    -5.53911  0.00456459
        1066    -5.49704    -5.53907  0.00456048
        1067    -5.40185    -5.53894  0.00455802
        1068     -5.4421    -5.53885  0.00455465
        1069    -5.41657    -5.53873  0.00455183
        1070    -5.41747    -5.53862  0.00454898
        1071    -5.46679    -5.53855  0.00454523
        1072    -5.41797    -5.53844  0.00454238
        1073    -5.50618    -5.53841  0.00453825
        1074    -5.45569    -5.53833  0.00453467
        1075    -5.51101    -5.53831  0.00453053
        1076    -5.49984    -5.53827  0.00452646
        1077    -5.47314    -5.53821  0.00452266
        1078    -5.40387    -5.53809  0.00452018
        1079    -5.35579    -5.53792  0.00451915
        1080    -5.42975    -5.53782  0.00451607
        1081    -5.42131    -5.53771  0.00451318
        1082    -5.31853    -5.53751  0.00451355
        1083    -5.28429    -5.53727  0.00451544
        1084     -5.3629    -5.53711  0.00451414
        1085    -5.29762    -5.53689  0.00451537
        1086    -5.48547    -5.53684  0.00451146
        1087    -5.35262    -5.53667  0.00451049
        1088    -5.34471     -5.5365   0.0045098
        1089    -5.39094    -5.53636  0.00450763
        1090    -5.50449    -5.53634  0.00450359
        1091    -5.48757    -5.53629  0.00449969
        1092    -5.56577    -5.53632  0.00449565
        1093    -5.45407    -5.53624  0.00449216
        1094    -5.54368    -5.53625  0.00448806
        1095    -5.55493    -5.53627    0.004484
        1096    -5.53465    -5.53626  0.00447991
        1097    -5.55347    -5.53628  0.00447585
        1098    -5.52452    -5.53627  0.00447179
        1099    -5.59892    -5.53633  0.00446808
        1100      -5.608    -5.53639  0.00446449
        1101    -5.57176    -5.53642  0.00446055
        1102    -5.64176    -5.53652  0.00445753
        1103    -5.68258    -5.53665  0.00445546
        1104    -5.57935    -5.53669  0.00445159
        1105    -5.57708    -5.53673  0.00444771
        1106    -5.57073    -5.53676  0.00444379
        1107    -5.58118     -5.5368  0.00443996
        1108    -5.60632    -5.53686   0.0044364
        1109    -5.62047    -5.53694  0.00443304
        1110     -5.4917     -5.5369  0.00442923
        1111    -5.48653    -5.53685  0.00442548
        1112    -5.50235    -5.53682  0.00442161
        1113    -5.47922    -5.53677  0.00441794
        1114    -5.45543    -5.53669  0.00441457
        1115    -5.44138    -5.53661  0.00441144
        1116    -5.39894    -5.53649  0.00440921
        1117    -5.45267    -5.53641   0.0044059
        1118    -5.52825     -5.5364  0.00440197
        1119    -5.51289    -5.53638  0.00439809
        1120    -5.45931    -5.53631   0.0043947
        1121    -5.43385    -5.53622  0.00439173
        1122    -5.42476    -5.53612  0.00438894
        1123    -5.36655    -5.53597  0.00438763
        1124    -5.43599    -5.53588  0.00438462
        1125    -5.53422    -5.53588  0.00438073
        1126    -5.51721    -5.53586  0.00437687
        1127    -5.56067    -5.53589  0.00437304
        1128    -5.54035    -5.53589  0.00436916
        1129    -5.61181    -5.53596  0.00436581
        1130     -5.5599    -5.53598    0.004362
        1131    -5.55013    -5.53599  0.00435816
        1132    -5.60923    -5.53606  0.00435479
        1133    -5.62628    -5.53614  0.00435167
        1134    -5.65573    -5.53624  0.00434911
        1135    -5.59302    -5.53629  0.00434557
        1136    -5.60948    -5.53636  0.00434222
        1137    -5.59517    -5.53641  0.00433871
        1138    -5.64844    -5.53651  0.00433602
        1139    -5.64308     -5.5366  0.00433322
        1140    -5.56557    -5.53662  0.00432949
        1141    -5.48344    -5.53658  0.00432595
        1142    -5.39628    -5.53646   0.0043239
        1143    -5.41004    -5.53634  0.00432154
        1144     -5.3673     -5.5362  0.00432028
        1145      -5.352    -5.53604  0.00431951
        1146    -5.37179    -5.53589  0.00431811
        1147    -5.43672    -5.53581  0.00431521
        1148    -5.37374    -5.53567  0.00431376
        1149    -5.35567    -5.53551  0.00431285
        1150     -5.2705    -5.53528  0.00431525
        1151    -5.39721    -5.53516  0.00431317
        1152    -5.53098    -5.53515  0.00430943
        1153    -5.49872    -5.53512  0.00430581
        1154    -5.62444     -5.5352  0.00430277
        1155    -5.61624    -5.53527  0.00429962
        1156    -5.46083    -5.53521  0.00429638
        1157    -5.40777     -5.5351  0.00429408
        1158     -5.4617    -5.53503  0.00429084
        1159     -5.4996      -5.535  0.00428725
        1160    -5.56056    -5.53502  0.00428361
        1161    -5.59751    -5.53508  0.00428025
        1162    -5.54195    -5.53508  0.00427658
        1163    -5.50663    -5.53506  0.00427297
        1164    -5.48848    -5.53502  0.00426948
        1165    -5.49655    -5.53499  0.00426595
        1166      -5.526    -5.53498   0.0042623
        1167     -5.5379    -5.53498  0.00425864
        1168    -5.45036    -5.53491  0.00425561
        1169    -5.40787     -5.5348  0.00425336
        1170    -5.40319    -5.53469  0.00425121
        1171    -5.38285    -5.53456  0.00424956
        1172    -5.43499    -5.53447  0.00424678
        1173    -5.50873    -5.53445  0.00424322
        1174    -5.50576    -5.53443  0.00423968
        1175    -5.48441    -5.53438  0.00423628
        1176    -5.39487    -5.53427  0.00423434
        1177    -5.35866    -5.53412  0.00423337
        1178    -5.41326    -5.53401  0.00423102
        1179    -5.50019    -5.53398  0.00422753
        1180    -5.44868    -5.53391  0.00422456
        1181    -5.53611    -5.53391  0.00422099
        1182    -5.50057    -5.53389  0.00421751
        1183    -5.56544    -5.53391  0.00421403
        1184    -5.48443    -5.53387  0.00421068
        1185    -5.52895    -5.53387  0.00420713
        1186    -5.46444    -5.53381  0.00420399
        1187    -5.51798    -5.53379  0.00420046
        1188    -5.38876    -5.53367   0.0041987
        1189      -5.427    -5.53358  0.00419613
        1190    -5.38147    -5.53346  0.00419455
        1191    -5.34486     -5.5333  0.00419402
        1192    -5.39537    -5.53318  0.00419209
        1193    -5.40143    -5.53307  0.00419003
        1194    -5.34912    -5.53292  0.00418936
        1195    -5.38311    -5.53279  0.00418773
        1196    -5.38172    -5.53267  0.00418613
        1197    -5.40782    -5.53256  0.00418393
        1198    -5.44675    -5.53249  0.00418105
        1199    -5.48227    -5.53245  0.00417777
        1200    -5.47295     -5.5324  0.00417459
        1201    -5.45223    -5.53233  0.00417164
        1202    -5.48306    -5.53229  0.00416838
        1203    -5.48703    -5.53225  0.00416508
        1204    -5.46729     -5.5322  0.00416197
        1205    -5.53463     -5.5322  0.00415852
        1206     -5.4375    -5.53212  0.00415581
        1207    -5.40801    -5.53202  0.00415364
        1208    -5.44711    -5.53195  0.00415079
        1209    -5.39276    -5.53183  0.00414896
        1210    -5.39832    -5.53172    0.004147
        1211    -5.37638    -5.53159  0.00414555
        1212    -5.42068     -5.5315  0.00414314
        1213    -5.42005    -5.53141  0.00414075
        1214    -5.36431    -5.53127  0.00413962
        1215    -5.36838    -5.53114  0.00413839
        1216    -5.42172    -5.53105  0.00413596
        1217    -5.48389    -5.53101  0.00413274
        1218    -5.45733    -5.53095  0.00412979
        1219    -5.37143    -5.53082  0.00412848
        1220    -5.32933    -5.53065   0.0041284
        1221    -5.43604    -5.53058  0.00412574
        1222    -5.44617    -5.53051  0.00412295
        1223    -5.50782    -5.53049  0.00411962
        1224    -5.47675    -5.53045  0.00411648
        1225     -5.4662    -5.53039  0.00411346
        1226    -5.51719    -5.53038  0.00411012
        1227    -5.40142    -5.53028  0.00410811
        1228     -5.4103    -5.53018  0.00410593
        1229    -5.45718    -5.53012  0.00410302
        1230    -5.55748    -5.53014  0.00409974
        1231    -5.50409    -5.53012  0.00409646
        1232    -5.55778    -5.53014   0.0040932
        1233    -5.48208     -5.5301  0.00409007
        1234    -5.42253    -5.53002  0.00408768
        1235    -5.44921    -5.52995   0.0040849
        1236     -5.4043    -5.52985  0.00408286
        1237    -5.40539    -5.52975  0.00408079
        1238    -5.39028    -5.52964  0.00407905
        1239    -5.37807    -5.52951  0.00407759
        1240    -5.44276    -5.52944  0.00407491
        1241    -5.33531    -5.52929  0.00407462
        1242    -5.39423    -5.52918  0.00407279
        1243    -5.43088     -5.5291  0.00407029
        1244     -5.4565    -5.52904  0.00406743
        1245    -5.48032      -5.529  0.00406435
        1246    -5.50918    -5.52899  0.00406112
        1247     -5.4022    -5.52889  0.00405914
        1248    -5.43669    -5.52881  0.00405656
        1249    -5.46678    -5.52876  0.00405361
        1250    -5.46867    -5.52871  0.00405066
        1251     -5.5047    -5.52869  0.00404746
        1252    -5.43019    -5.52862    0.004045
        1253    -5.46234    -5.52856  0.00404211
        1254    -5.41698    -5.52847  0.00403987
        1255    -5.41532    -5.52838  0.00403766
        1256    -5.40891    -5.52829  0.00403556
        1257    -5.50616    -5.52827  0.00403239
        1258    -5.55662    -5.52829  0.00402925
        1259    -5.54436    -5.52831  0.00402607
        1260    -5.49851    -5.52828  0.00402294
        1261     -5.4808    -5.52825  0.00401993
        1262    -5.45548    -5.52819  0.00401716
        1263    -5.42106     -5.5281  0.00401487
        1264    -5.49372    -5.52808  0.00401179
        1265    -5.53376    -5.52808  0.00400862
        1266    -5.54701     -5.5281  0.00400548
        1267    -5.48916    -5.52806  0.00400243
        1268    -5.55987    -5.52809  0.00399936
        1269     -5.5354     -5.5281  0.00399621
        1270    -5.54947    -5.52811   0.0039931
        1271    -5.45622    -5.52806  0.00399036
        1272    -5.48561    -5.52802  0.00398736
        1273    -5.51381    -5.52801  0.00398424
        1274    -5.48709    -5.52798  0.00398125
        1275    -5.39734    -5.52788  0.00397944
        1276    -5.31244    -5.52771   0.0039799
        1277    -5.29881    -5.52753  0.00398082
        1278    -5.38682    -5.52742  0.00397923
        1279    -5.42458    -5.52734  0.00397693
        1280     -5.4324    -5.52726  0.00397451
        1281    -5.47459    -5.52722  0.00397162
        1282    -5.41103    -5.52713  0.00396956
        1283    -5.43549    -5.52706  0.00396711
        1284    -5.35377    -5.52693  0.00396631
        1285    -5.42384    -5.52685  0.00396404
        1286    -5.58506    -5.52689  0.00396121
        1287      -5.577    -5.52693  0.00395833
        1288    -5.55623    -5.52695  0.00395532
        1289    -5.63899    -5.52704  0.00395321
        1290    -5.63916    -5.52713   0.0039511
        1291    -5.59778    -5.52718  0.00394842
        1292    -5.60931    -5.52724  0.00394587
        1293    -5.62261    -5.52732  0.00394351
        1294    -5.64708    -5.52741  0.00394155
        1295    -5.59062    -5.52746  0.00393881
        1296    -5.52633    -5.52746  0.00393577
        1297    -5.54655    -5.52747  0.00393276
        1298    -5.51202    -5.52746  0.00392975
        1299    -5.47163    -5.52742  0.00392696
        1300     -5.4688    -5.52737   0.0039242
        1301    -5.51602    -5.52736  0.00392119
        1302    -5.52558    -5.52736  0.00391818
        1303    -5.53959    -5.52737  0.00391518
        1304    -5.52004    -5.52737  0.00391218
        1305    -5.43927     -5.5273  0.00390977
        1306    -5.50135    -5.52728  0.00390682
        1307    -5.54178    -5.52729  0.00390385
        1308    -5.53116    -5.52729  0.00390087
        1309    -5.50023    -5.52727  0.00389794
        1310    -5.44848    -5.52721  0.00389543
        1311    -5.45339    -5.52716  0.00389287
        1312     -5.4364    -5.52709  0.00389051
        1313    -5.46067    -5.52704  0.00388788
        1314    -5.45162    -5.52698  0.00388534
        1315    -5.39316    -5.52688  0.00388372
        1316    -5.45214    -5.52682  0.00388119
        1317    -5.57838    -5.52686  0.00387844
        1318    -5.55183    -5.52688  0.00387554
        1319    -5.44699    -5.52682  0.00387308
        1320    -5.44848    -5.52676   0.0038706
        1321    -5.45643    -5.52671  0.00386803
        1322    -5.52406     -5.5267  0.00386511
        1323    -5.61774    -5.52677   0.0038628
        1324     -5.5301    -5.52678  0.00385988
        1325    -5.51917    -5.52677  0.00385697
        1326    -5.44975    -5.52671   0.0038545
        1327    -5.44905    -5.52665  0.00385204
        1328    -5.43331    -5.52658  0.00384978
        1329    -5.54202    -5.52659   0.0038469
        1330    -5.54465    -5.52661  0.00384403
        1331    -5.49198    -5.52658  0.00384123
        1332    -5.41484     -5.5265  0.00383927
        1333    -5.34713    -5.52636  0.00383874
        1334    -5.32745    -5.52621  0.00383876
        1335    -5.37667     -5.5261  0.00383752
        1336    -5.43945    -5.52604  0.00383519
        1337    -5.35547    -5.52591  0.00383445
        1338    -5.33818    -5.52577  0.00383415
        1339    -5.36003    -5.52565  0.00383328
        1340    -5.32886     -5.5255  0.00383323
        1341    -5.38689     -5.5254  0.00383177
        1342    -5.35665    -5.52527  0.00383097
        1343     -5.4366     -5.5252  0.00382869
        1344    -5.55352    -5.52522   0.0038259
        1345    -5.47342    -5.52519  0.00382325
        1346    -5.42235    -5.52511  0.00382117
        1347    -5.38558    -5.52501  0.00381974
        1348    -5.42626    -5.52493  0.00381761
        1349    -5.42171    -5.52486  0.00381554
        1350    -5.39424    -5.52476  0.00381394
        1351    -5.43517    -5.52469   0.0038117
        1352     -5.4171    -5.52461  0.00380971
        1353    -5.34999    -5.52448  0.00380908
        1354    -5.39421    -5.52439  0.00380748
        1355    -5.41545    -5.52431  0.00380552
        1356    -5.50442    -5.52429  0.00380274
        1357    -5.50412    -5.52428  0.00379997
        1358    -5.53201    -5.52428  0.00379717
        1359    -5.52662    -5.52429  0.00379438
        1360    -5.57933    -5.52433  0.00379181
        1361    -5.61846     -5.5244  0.00378965
        1362    -5.55163    -5.52442  0.00378692
        1363    -5.61411    -5.52448  0.00378472
        1364    -5.52327    -5.52448  0.00378194
        1365    -5.50037    -5.52446  0.00377921
        1366    -5.47504    -5.52443  0.00377662
        1367    -5.53172    -5.52443  0.00377386
        1368    -5.59122    -5.52448  0.00377142
        1369    -5.56659    -5.52451  0.00376879
        1370    -5.58219    -5.52455  0.00376627
        1371    -5.53417    -5.52456  0.00376353
        1372     -5.5352    -5.52457   0.0037608
        1373    -5.48437    -5.52454  0.00375817
        1374    -5.45087    -5.52449  0.00375582
        1375     -5.4313    -5.52442   0.0037537
        1376    -5.29668    -5.52425  0.00375462
        1377     -5.3646    -5.52414  0.00375368
        1378    -5.26431    -5.52395  0.00375569
        1379    -5.33404    -5.52381  0.00375549
        1380    -5.41042    -5.52373  0.00375367
        1381    -5.45967    -5.52368  0.00375123
        1382    -5.52986    -5.52369  0.00374852
        1383    -5.53757     -5.5237  0.00374583
        1384    -5.53538     -5.5237  0.00374313
        1385    -5.61071    -5.52377  0.00374095
        1386    -5.54496    -5.52378  0.00373829
        1387     -5.5441     -5.5238  0.00373562
        1388    -5.53391     -5.5238  0.00373293
        1389    -5.48353    -5.52378  0.00373036
        1390    -5.49979    -5.52376  0.00372772
        1391    -5.39705    -5.52367  0.00372615
        1392    -5.46591    -5.52363   0.0037237
        1393    -5.60433    -5.52368  0.00372148
        1394    -5.53832    -5.52369  0.00371883
        1395    -5.45557    -5.52365  0.00371648
        1396    -5.54427    -5.52366  0.00371385
        1397    -5.53919    -5.52367  0.00371121
        1398    -5.46689    -5.52363  0.00370877
        1399    -5.48333     -5.5236  0.00370623
        1400    -5.59748    -5.52365  0.00370396
        1401    -5.47626    -5.52362  0.00370147
        1402    -5.54374    -5.52363  0.00369886
        1403    -5.51785    -5.52363  0.00369623
        1404    -5.45756    -5.52358  0.00369389
        1405    -5.35801    -5.52347  0.00369314
        1406    -5.33435    -5.52333  0.00369297
        1407    -5.34873    -5.52321  0.00369243
        1408    -5.35483    -5.52309  0.00369174
        1409    -5.27815    -5.52291  0.00369321
        1410    -5.30252    -5.52276   0.0036939
        1411     -5.3206    -5.52261  0.00369406
        1412    -5.36159     -5.5225   0.0036932
        1413    -5.32685    -5.52236  0.00369318
        1414    -5.24989    -5.52217  0.00369559
        1415    -5.21424    -5.52195  0.00369938
        1416    -5.25735    -5.52176  0.00370149
        1417    -5.33126    -5.52163  0.00370132
        1418    -5.34925    -5.52151   0.0037007
        1419    -5.44252    -5.52145  0.00369851
        1420    -5.43766    -5.52139  0.00369638
        1421    -5.43379    -5.52133  0.00369429
        1422    -5.47129     -5.5213  0.00369186
        1423    -5.37424    -5.52119  0.00369071
        1424    -5.35836    -5.52108  0.00368989
        1425    -5.43089    -5.52102  0.00368784
        1426    -5.49015    -5.52099  0.00368532
        1427    -5.38758     -5.5209  0.00368392
        1428    -5.44615    -5.52085  0.00368172
        1429    -5.38815    -5.52076  0.00368031
        1430    -5.47916    -5.52073  0.00367785
        1431    -5.45224    -5.52068  0.00367559
        1432    -5.51867    -5.52068  0.00367303
        1433    -5.51527    -5.52067  0.00367047
        1434    -5.46217    -5.52063  0.00366813
        1435    -5.54145    -5.52065  0.00366561
        1436    -5.48453    -5.52062  0.00366314
        1437    -5.47202    -5.52059  0.00366075
        1438    -5.38789     -5.5205  0.00365936
        1439    -5.45616    -5.52045  0.00365709
        1440    -5.51803    -5.52045  0.00365455
        1441    -5.50022    -5.52044  0.00365205
        1442    -5.39925    -5.52035  0.00365048
        1443    -5.52055    -5.52035  0.00364795
        1444     -5.5857     -5.5204   0.0036457
        1445    -5.56524    -5.52043  0.00364331
        1446    -5.39781    -5.52034  0.00364178
        1447    -5.42201    -5.52028   0.0036399
        1448    -5.39718    -5.52019  0.00363838
        1449    -5.41064    -5.52011  0.00363665
        1450    -5.45339    -5.52007  0.00363443
        1451    -5.44502    -5.52002   0.0036323
        1452    -5.45939    -5.51998  0.00363004
        1453    -5.48738    -5.51995  0.00362761
        1454    -5.54102    -5.51997  0.00362514
        1455    -5.47324    -5.51994  0.00362279
        1456    -5.46632     -5.5199  0.00362049
        1457     -5.4014    -5.51982  0.00361892
        1458    -5.38423    -5.51972  0.00361763
        1459    -5.46248    -5.51968  0.00361536
        1460    -5.52921    -5.51969  0.00361289
        1461    -5.57054    -5.51973  0.00361059
        1462    -5.56135    -5.51975  0.00360823
        1463     -5.5501    -5.51978  0.00360582
        1464    -5.48641    -5.51975  0.00360343
        1465    -5.44726     -5.5197  0.00360131
        1466    -5.48186    -5.51968  0.00359895
        1467    -5.43605    -5.51962  0.00359695
        1468    -5.52249    -5.51962   0.0035945
        1469    -5.39578    -5.51954  0.00359304
        1470    -5.43959    -5.51948  0.00359101
        1471    -5.41639    -5.51941  0.00358925
        1472     -5.3822    -5.51932  0.00358802
        1473    -5.34184     -5.5192  0.00358761
        1474    -5.46169    -5.51916  0.00358539
        1475    -5.34273    -5.51904  0.00358495
        1476     -5.3169     -5.5189  0.00358514
        1477     -5.4091    -5.51883  0.00358348
        1478    -5.35514    -5.51872  0.00358277
        1479    -5.32696    -5.51859  0.00358269
        1480    -5.23112     -5.5184  0.00358553
        1481    -5.21275    -5.51819  0.00358904
        1482    -5.28199    -5.51803  0.00359016
        1483    -5.39219    -5.51794  0.00358874
        1484    -5.48449    -5.51792  0.00358639
        1485    -5.42283    -5.51786  0.00358455
        1486    -5.49456    -5.51784  0.00358217
        1487    -5.46574    -5.51781  0.00357993
        1488    -5.47413    -5.51778  0.00357765
        1489    -5.45037    -5.51773  0.00357553
        1490    -5.39385    -5.51765   0.0035741
        1491    -5.51498    -5.51765   0.0035717
        1492     -5.5486    -5.51767  0.00356937
        1493    -5.55041    -5.51769  0.00356705
        1494    -5.47108    -5.51766  0.00356479
        1495    -5.46454    -5.51762  0.00356259
        1496    -5.52348    -5.51763  0.00356021
        1497    -5.55825    -5.51765  0.00355793
        1498    -5.59807    -5.51771  0.00355596
        1499    -5.62808    -5.51778  0.00355435
        1500    -5.69729     -5.5179    0.003554
        1501    -5.64931    -5.51799  0.00355271
        1502    -5.60507    -5.51805  0.00355082
        1503    -5.58368    -5.51809  0.00354872
        1504    -5.45301    -5.51805  0.00354663
        1505    -5.29294     -5.5179  0.00354742
        1506    -5.28431    -5.51774  0.00354846
        1507    -5.36091    -5.51764  0.00354763
        1508    -5.50383    -5.51763  0.00354529
        1509    -5.50045    -5.51762  0.00354295
        1510     -5.5364    -5.51763  0.00354063
        1511    -5.53043    -5.51764   0.0035383
        1512     -5.4685    -5.51761  0.00353611
        1513    -5.51929    -5.51761  0.00353377
        1514    -5.54203    -5.51762  0.00353147
        1515    -5.49605    -5.51761  0.00352917
        1516    -5.45298    -5.51757   0.0035271
        1517    -5.50809    -5.51756  0.00352478
        1518    -5.62474    -5.51763  0.00352316
        1519    -5.57117    -5.51767  0.00352102
        1520    -5.57052     -5.5177  0.00351888
        1521    -5.54023    -5.51772  0.00351659
        1522    -5.49572     -5.5177  0.00351431
        1523    -5.42152    -5.51764  0.00351257
        1524    -5.40612    -5.51757  0.00351103
        1525    -5.41736     -5.5175  0.00350934
        1526    -5.54594    -5.51752  0.00350709
        1527    -5.58817    -5.51756   0.0035051
        1528     -5.6122    -5.51763  0.00350335
        1529    -5.61852    -5.51769  0.00350168
        1530    -5.63159    -5.51777  0.00350019
        1531     -5.6037    -5.51782  0.00349835
        1532    -5.59551    -5.51787  0.00349644
        1533    -5.57008    -5.51791  0.00349432
        1534    -5.49664    -5.51789  0.00349207
        1535    -5.48431    -5.51787  0.00348986
        1536    -5.47049    -5.51784  0.00348773
        1537    -5.55364    -5.51786  0.00348554
        1538    -5.45519    -5.51782  0.00348351
        1539    -5.52633    -5.51783  0.00348125
        1540    -5.44959    -5.51779  0.00347927
        1541    -5.46442    -5.51775  0.00347719
        1542    -5.47433    -5.51772  0.00347504
        1543    -5.41092    -5.51765  0.00347348
        1544    -5.33879    -5.51754  0.00347316
        1545    -5.37098    -5.51744  0.00347221
        1546    -5.46561    -5.51741  0.00347013
        1547    -5.51027     -5.5174  0.00346789
        1548    -5.45102    -5.51736  0.00346591
        1549    -5.40324    -5.51729  0.00346446
        1550    -5.40188    -5.51721  0.00346302
        1551    -5.46803    -5.51718  0.00346093
        1552    -5.45219    -5.51714  0.00345896
        1553    -5.43872    -5.51709   0.0034571
        1554    -5.48698    -5.51707  0.00345493
        1555       -5.44    -5.51702  0.00345306
        1556     -5.3662    -5.51692   0.0034522
        1557    -5.36019    -5.51682  0.00345145
        1558    -5.32383     -5.5167  0.00345146
        1559    -5.40719    -5.51663  0.00344996
        1560    -5.38302    -5.51654  0.00344881
        1561    -5.32775    -5.51642  0.00344872
        1562    -5.37864    -5.51633  0.00344764
        1563    -5.36959    -5.51624  0.00344671
        1564    -5.37417    -5.51615  0.00344571
        1565    -5.31082    -5.51602    0.003446
        1566    -5.23927    -5.51584  0.00344833
        1567    -5.24663    -5.51567  0.00345041
        1568    -5.31285    -5.51554  0.00345063
        1569    -5.23647    -5.51536  0.00345301
        1570    -5.26139     -5.5152   0.0034546
        1571    -5.33052    -5.51508   0.0034544
        1572    -5.39966    -5.51501  0.00345298
        1573    -5.38513    -5.51493  0.00345178
        1574    -5.40115    -5.51485  0.00345034
        1575    -5.39992    -5.51478  0.00344892
        1576    -5.39503    -5.51471  0.00344757
        1577    -5.45422    -5.51467   0.0034456
        1578    -5.47575    -5.51464   0.0034435
        1579    -5.52661    -5.51465  0.00344133
        1580    -5.48819    -5.51463  0.00343919
        1581    -5.33995    -5.51452  0.00343879
        1582    -5.43989    -5.51448  0.00343694
        1583    -5.47639    -5.51445  0.00343485
        1584    -5.52877    -5.51446   0.0034327
        1585    -5.58565    -5.51451  0.00343082
        1586    -5.53527    -5.51452  0.00342869
        1587    -5.56533    -5.51455  0.00342667
        1588    -5.55601    -5.51458  0.00342462
        1589    -5.54442     -5.5146  0.00342251
        1590    -5.54475    -5.51461  0.00342041
        1591     -5.5157    -5.51462  0.00341826
        1592    -5.48537     -5.5146  0.00341617
        1593    -5.60952    -5.51466  0.00341454
        1594    -5.59698    -5.51471  0.00341279
        1595    -5.61029    -5.51477  0.00341118
        1596    -5.42522    -5.51471   0.0034095
        1597    -5.36589    -5.51462  0.00340864
        1598    -5.38653    -5.51454  0.00340745
        1599    -5.49949    -5.51453  0.00340533
        1600    -5.53057    -5.51454  0.00340322
        1601    -5.54183    -5.51456  0.00340113
        1602    -5.49654    -5.51454  0.00339903
        1603    -5.52279    -5.51455  0.00339691
        1604     -5.5458    -5.51457  0.00339485
        1605    -5.54375    -5.51459  0.00339278
        1606    -5.52594    -5.51459  0.00339068
        1607    -5.40743    -5.51453  0.00338922
        1608     -5.4395    -5.51448  0.00338744
        1609    -5.50652    -5.51448  0.00338534
        1610    -5.33208    -5.51436  0.00338513
        1611     -5.2935    -5.51423   0.0033858
        1612    -5.39054    -5.51415  0.00338457
        1613    -5.42819     -5.5141  0.00338289
        1614    -5.39536    -5.51402   0.0033816
        1615    -5.41451    -5.51396  0.00338006
        1616    -5.37771    -5.51388  0.00337902
        1617    -5.40152    -5.51381  0.00337765
        1618    -5.33296     -5.5137  0.00337741
        1619    -5.23052    -5.51352  0.00337985
        1620    -5.28071    -5.51338  0.00338082
        1621    -5.21561    -5.51319  0.00338372
        1622    -5.23448    -5.51302  0.00338599
        1623    -5.29589    -5.51289  0.00338655
        1624    -5.43428    -5.51284  0.00338481
        1625    -5.36037    -5.51275  0.00338402
        1626    -5.40629    -5.51268  0.00338258
        1627    -5.41554    -5.51262  0.00338102
        1628     -5.3235     -5.5125  0.00338094
        1629    -5.36976    -5.51242     0.00338
        1630    -5.44959    -5.51238  0.00337815
        1631    -5.48018    -5.51236  0.00337614
        1632    -5.48509    -5.51234  0.00337411
        1633    -5.43646    -5.51229  0.00337236
        1634      -5.454    -5.51226  0.00337049
        1635    -5.40985     -5.5122  0.00336901
        1636    -5.34924     -5.5121  0.00336842
        1637    -5.41752    -5.51204  0.00336686
        1638    -5.36179    -5.51195  0.00336605
        1639    -5.32138    -5.51183  0.00336601
        1640     -5.2749    -5.51169  0.00336705
        1641    -5.22974    -5.51151  0.00336938
        1642    -5.22653    -5.51134   0.0033718
        1643    -5.18615    -5.51114  0.00337555
        1644    -5.31869    -5.51103  0.00337552
        1645    -5.27126    -5.51088  0.00337662
        1646    -5.29319    -5.51075  0.00337716
        1647    -5.39337    -5.51068  0.00337586
        1648    -5.34749    -5.51058  0.00337526
        1649    -5.37418     -5.5105  0.00337423
        1650    -5.29791    -5.51037  0.00337464
        1651    -5.33895    -5.51026  0.00337419
        1652    -5.39651    -5.51019  0.00337285
        1653    -5.35191     -5.5101  0.00337217
        1654    -5.32472    -5.50999    0.003372
        1655    -5.18893    -5.50979  0.00337553
        1656    -5.31226    -5.50967   0.0033756
        1657    -5.40232    -5.50961  0.00337419
        1658    -5.33465     -5.5095   0.0033738
        1659    -5.25585    -5.50935  0.00337523
        1660    -5.20956    -5.50917  0.00337802
        1661    -5.24618    -5.50901   0.0033797
        1662    -5.24511    -5.50885  0.00338139
        1663    -5.28911    -5.50872  0.00338194
        1664    -5.32604    -5.50861  0.00338169
        1665     -5.3259     -5.5085  0.00338144
        1666    -5.37212    -5.50842   0.0033804
        1667    -5.41942    -5.50836  0.00337879
        1668    -5.49193    -5.50835  0.00337678
        1669    -5.49174    -5.50834  0.00337477
        1670      -5.468    -5.50832  0.00337284
        1671    -5.43391    -5.50828  0.00337112
        1672    -5.36958    -5.50819  0.00337012
        1673    -5.30508    -5.50807  0.00337029
        1674    -5.22569     -5.5079   0.0033725
        1675    -5.26474    -5.50776  0.00337361
        1676    -5.34757    -5.50766  0.00337295
        1677    -5.37123    -5.50758  0.00337192
        1678    -5.44101    -5.50754  0.00337014
        1679    -5.40755    -5.50748  0.00336866
        1680    -5.49938    -5.50748  0.00336666
        1681    -5.36438    -5.50739  0.00336573
        1682    -5.47243    -5.50737  0.00336379
        1683    -5.55019     -5.5074  0.00336189
        1684    -5.40456    -5.50734  0.00336045
        1685    -5.38365    -5.50726  0.00335926
        1686    -5.44956    -5.50723  0.00335744
        1687    -5.39471    -5.50716  0.00335611
        1688    -5.42597    -5.50711  0.00335447
        1689      -5.487     -5.5071   0.0033525
        1690    -5.45263    -5.50707  0.00335067
        1691    -5.49243    -5.50706   0.0033487
        1692    -5.44385    -5.50702  0.00334693
        1693    -5.53313    -5.50704  0.00334499
        1694     -5.4845    -5.50702  0.00334304
        1695    -5.49505    -5.50702  0.00334108
        1696    -5.38701    -5.50695  0.00333986
        1697    -5.44359    -5.50691   0.0033381
        1698    -5.53146    -5.50692  0.00333616
        1699    -5.54065    -5.50694  0.00333426
        1700    -5.50317    -5.50694   0.0033323
        1701    -5.53183    -5.50696  0.00333037
        1702    -5.60025    -5.50701  0.00332887
        1703    -5.57712    -5.50705  0.00332717
        1704    -5.60781    -5.50711  0.00332574
        1705     -5.6083    -5.50717  0.00332432
        1706    -5.54011    -5.50719  0.00332242
        1707    -5.54488    -5.50721  0.00332055
        1708    -5.55529    -5.50724  0.00331873
        1709    -5.60171     -5.5073  0.00331725
        1710    -5.60981    -5.50736  0.00331585
        1711    -5.55329    -5.50738  0.00331402
        1712    -5.50772    -5.50738  0.00331208
        1713    -5.56555    -5.50742  0.00331032
        1714    -5.53717    -5.50743  0.00330844
        1715    -5.49939    -5.50743  0.00330651
        1716    -5.38769    -5.50736  0.00330532
        1717    -5.35371    -5.50727  0.00330461
        1718     -5.3635    -5.50719  0.00330374
        1719    -5.39496    -5.50712  0.00330247
        1720      -5.458    -5.50709  0.00330067
        1721    -5.50172    -5.50709  0.00329875
        1722    -5.52765     -5.5071  0.00329686
        1723    -5.49013    -5.50709  0.00329496
        1724    -5.55873    -5.50712  0.00329318
        1725    -5.55779    -5.50715  0.00329141
        1726    -5.62061    -5.50722  0.00329016
        1727    -5.56403    -5.50725  0.00328842
        1728    -5.54351    -5.50727  0.00328658
        1729    -5.53213    -5.50728  0.00328471
        1730    -5.55442    -5.50731  0.00328292
        1731     -5.5634    -5.50734  0.00328119
        1732    -5.57368    -5.50738  0.00327952
        1733    -5.57305    -5.50742  0.00327784
        1734    -5.47308     -5.5074  0.00327601
        1735    -5.41418    -5.50735  0.00327456
        1736    -5.40605    -5.50729   0.0032732
        1737    -5.35544     -5.5072  0.00327248
        1738    -5.36355    -5.50712  0.00327164
        1739     -5.3065      -5.507  0.00327179
        1740    -5.40401    -5.50694  0.00327045
        1741    -5.44157    -5.50691  0.00326879
        1742    -5.45701    -5.50688  0.00326704
        1743    -5.52661    -5.50689  0.00326518
        1744    -5.47741    -5.50687  0.00326335
        1745    -5.44002    -5.50683  0.00326171
        1746    -5.39434    -5.50677  0.00326048
        1747    -5.44962    -5.50674  0.00325877
        1748     -5.4637    -5.50671    0.003257
        1749    -5.46378    -5.50669  0.00325523
        1750    -5.42308    -5.50664  0.00325372
        1751    -5.45684    -5.50661  0.00325199
        1752    -5.41732    -5.50656  0.00325053
        1753     -5.3953     -5.5065   0.0032493
        1754    -5.42564    -5.50645  0.00324777
        1755    -5.43259    -5.50641  0.00324619
        1756    -5.46808    -5.50639  0.00324442
        1757    -5.52269     -5.5064  0.00324258
        1758    -5.56249    -5.50643   0.0032409
        1759    -5.58244    -5.50647  0.00323934
        1760    -5.49888    -5.50647  0.00323751
        1761    -5.58573    -5.50651  0.00323598
        1762    -5.57506    -5.50655  0.00323438
        1763    -5.53558    -5.50657  0.00323258
        1764    -5.48619    -5.50656  0.00323077
        1765    -5.50152    -5.50655  0.00322894
        1766    -5.48592    -5.50654  0.00322714
        1767    -5.41756    -5.50649   0.0032257
        1768    -5.46581    -5.50647  0.00322396
        1769    -5.50513    -5.50647  0.00322214
        1770    -5.52186    -5.50648  0.00322033
        1771    -5.46446    -5.50645   0.0032186
        1772    -5.44597    -5.50642  0.00321696
        1773    -5.40661    -5.50636  0.00321564
        1774    -5.47171    -5.50634  0.00321389
        1775    -5.43707     -5.5063  0.00321231
        1776    -5.36924    -5.50623  0.00321143
        1777    -5.34896    -5.50614  0.00321084
        1778    -5.44918    -5.50611   0.0032092
        1779    -5.48357    -5.50609  0.00320742
        1780    -5.40052    -5.50603  0.00320617
        1781    -5.45883    -5.50601  0.00320447
        1782    -5.39778    -5.50595  0.00320325
        1783    -5.47015    -5.50593  0.00320152
        1784    -5.51688    -5.50593  0.00319973
        1785    -5.50067    -5.50593  0.00319794
        1786    -5.46886    -5.50591  0.00319622
        1787    -5.51638    -5.50591  0.00319443
        1788    -5.45613    -5.50589  0.00319277
        1789    -5.38482    -5.50582   0.0031917
        1790    -5.45089    -5.50579  0.00319006
        1791    -5.49999    -5.50579  0.00318828
        1792    -5.45776    -5.50576  0.00318662
        1793    -5.53155    -5.50577  0.00318487
        1794    -5.55796     -5.5058  0.00318323
        1795    -5.68111     -5.5059  0.00318295
        1796     -5.5539    -5.50593  0.00318129
        1797      -5.554    -5.50595  0.00317964
        1798    -5.57671    -5.50599  0.00317811
        1799    -5.48301    -5.50598  0.00317637
        1800    -5.40701    -5.50592  0.00317508
        1801    -5.46666     -5.5059  0.00317339
        1802    -5.39512    -5.50584  0.00317223
        1803    -5.43529     -5.5058  0.00317071
        1804    -5.37812    -5.50573  0.00316974
        1805    -5.26044     -5.5056   0.0031709
        1806    -5.22255    -5.50544  0.00317301
        1807    -5.35401    -5.50536  0.00317236
        1808    -5.34559    -5.50527  0.00317184
        1809    -5.49565    -5.50526  0.00317009
        1810    -5.49724    -5.50526  0.00316834
        1811    -5.52255    -5.50527  0.00316661
        1812    -5.53343    -5.50528   0.0031649
        1813    -5.46084    -5.50526  0.00316325
        1814    -5.43352    -5.50522  0.00316175
        1815    -5.36186    -5.50514  0.00316099
        1816     -5.3944    -5.50508  0.00315984
        1817    -5.40684    -5.50502  0.00315857
        1818    -5.47267    -5.50501  0.00315688
        1819     -5.4805    -5.50499  0.00315517
        1820    -5.45429    -5.50496  0.00315356
        1821    -5.47759    -5.50495  0.00315187
        1822    -5.52822    -5.50496  0.00315016
        1823    -5.44884    -5.50493  0.00314858
        1824    -5.41654    -5.50488  0.00314723
        1825    -5.25998    -5.50475  0.00314837
        1826    -5.27446    -5.50462  0.00314917
        1827     -5.3084    -5.50452  0.00314927
        1828    -5.39513    -5.50446  0.00314812
        1829    -5.27835    -5.50433  0.00314882
        1830    -5.27638    -5.50421  0.00314957
        1831    -5.27882    -5.50408  0.00315025
        1832    -5.21512    -5.50393  0.00315248
        1833    -5.21268    -5.50377  0.00315476
        1834    -5.28634    -5.50365  0.00315527
        1835    -5.32076    -5.50355  0.00315512
        1836    -5.33885    -5.50346  0.00315468
        1837    -5.33134    -5.50337  0.00315435
        1838    -5.37294     -5.5033  0.00315343
        1839     -5.3419    -5.50321  0.00315294
        1840     -5.2726    -5.50308  0.00315371
        1841    -5.20471    -5.50292  0.00315616
        1842    -5.25913    -5.50279  0.00315722
        1843    -5.30875    -5.50268  0.00315727
        1844    -5.33558    -5.50259  0.00315685
        1845    -5.32253    -5.50249  0.00315665
        1846    -5.32767     -5.5024  0.00315636
        1847    -5.26814    -5.50227   0.0031572
        1848    -5.20097    -5.50211   0.0031597
        1849    -5.30293      -5.502  0.00315982
        1850    -5.34303    -5.50192  0.00315929
        1851    -5.35317    -5.50184   0.0031586
        1852    -5.35879    -5.50176  0.00315784
        1853    -5.46542    -5.50174   0.0031562
        1854    -5.48688    -5.50173   0.0031545
        1855    -5.49898    -5.50173   0.0031528
        1856    -5.49365    -5.50172  0.00315111
        1857    -5.39317    -5.50167  0.00314995
        1858    -5.39173    -5.50161  0.00314881
        1859    -5.42284    -5.50157   0.0031474
        1860    -5.43018    -5.50153  0.00314595
        1861    -5.46124     -5.5015  0.00314433
        1862    -5.51414    -5.50151  0.00314265
        1863    -5.47491     -5.5015  0.00314099
        1864    -5.38847    -5.50144  0.00313989
        1865    -5.39596    -5.50138  0.00313872
        1866    -5.47118    -5.50136  0.00313708
        1867     -5.3659    -5.50129  0.00313624
        1868    -5.42604    -5.50125  0.00313482
        1869    -5.43088    -5.50121  0.00313337
        1870    -5.51062    -5.50122   0.0031317
        1871    -5.43728    -5.50118  0.00313021
        1872    -5.47802    -5.50117  0.00312856
        1873    -5.44699    -5.50114  0.00312702
        1874    -5.38305    -5.50108  0.00312599
        1875    -5.33329    -5.50099   0.0031256
        1876    -5.30558    -5.50089  0.00312567
        1877    -5.23805    -5.50075  0.00312714
        1878    -5.45054    -5.50072  0.00312559
        1879    -5.51044    -5.50072  0.00312393
        1880    -5.45832     -5.5007  0.00312235
        1881    -5.46256    -5.50068  0.00312076
        1882    -5.56359    -5.50072  0.00311928
        1883    -5.47667     -5.5007  0.00311765
        1884    -5.42509    -5.50066  0.00311625
        1885    -5.40141    -5.50061  0.00311504
        1886    -5.38944    -5.50055  0.00311395
        1887    -5.43824    -5.50052  0.00311247
        1888    -5.58805    -5.50056  0.00311117
        1889    -5.60725    -5.50062  0.00311004
        1890    -5.55774    -5.50065  0.00310854
        1891    -5.43156    -5.50061  0.00310711
        1892    -5.45427    -5.50059  0.00310556
        1893    -5.54087    -5.50061    0.003104
        1894    -5.45473    -5.50059  0.00310245
        1895    -5.48433    -5.50058  0.00310083
        1896    -5.43642    -5.50054  0.00309938
        1897    -5.49683    -5.50054  0.00309774
        1898    -5.55565    -5.50057  0.00309625
        1899    -5.51127    -5.50058  0.00309462
        1900    -5.52778    -5.50059  0.00309302
        1901    -5.53262    -5.50061  0.00309144
        1902    -5.52656    -5.50062  0.00308985
        1903    -5.58546    -5.50067  0.00308855
        1904    -5.55779     -5.5007  0.00308707
        1905    -5.52102    -5.50071  0.00308547
        1906    -5.50111    -5.50071  0.00308385
        1907    -5.58845    -5.50075  0.00308258
        1908    -5.54028    -5.50077  0.00308103
        1909    -5.63203    -5.50084  0.00308018
        1910    -5.54055    -5.50086  0.00307864
        1911    -5.56718     -5.5009  0.00307722
        1912    -5.54978    -5.50092  0.00307572
        1913    -5.54916    -5.50095  0.00307422
        1914    -5.48944    -5.50094  0.00307262
        1915    -5.44804    -5.50092  0.00307114
        1916    -5.55055    -5.50094  0.00306964
        1917    -5.64557    -5.50102  0.00306897
        1918    -5.69317    -5.50112    0.003069
        1919    -5.72053    -5.50123  0.00306953
        1920    -5.67379    -5.50132  0.00306925
        1921    -5.61306    -5.50138   0.0030682
        1922    -5.57182    -5.50142  0.00306683
        1923    -5.70638    -5.50152  0.00306708
        1924    -5.61085    -5.50158  0.00306601
        1925    -5.44778    -5.50155  0.00306455
        1926    -5.48629    -5.50154  0.00306297
        1927    -5.38179    -5.50148  0.00306201
        1928    -5.41388    -5.50144  0.00306076
        1929    -5.48822    -5.50143  0.00305918
        1930    -5.51593    -5.50144   0.0030576
        1931    -5.51856    -5.50145  0.00305603
        1932    -5.54735    -5.50147  0.00305454
        1933    -5.51222    -5.50148  0.00305297
        1934    -5.49045    -5.50147  0.00305139
        1935    -5.58599    -5.50151  0.00305013
        1936    -5.52922    -5.50153  0.00304859
        1937     -5.5628    -5.50156  0.00304718
        1938    -5.52909    -5.50157  0.00304564
        1939    -5.42275    -5.50153  0.00304434
        1940    -5.38393    -5.50147  0.00304337
        1941    -5.46231    -5.50145  0.00304187
        1942    -5.57272    -5.50149  0.00304053
        1943    -5.59696    -5.50154  0.00303936
        1944    -5.57183    -5.50157  0.00303801
        1945    -5.55681     -5.5016  0.00303658
        1946    -5.52014    -5.50161  0.00303504
        1947    -5.48669     -5.5016  0.00303349
        1948    -5.38715    -5.50155   0.0030325
        1949    -5.48317    -5.50154  0.00303096
        1950     -5.4919    -5.50153  0.00302941
        1951    -5.45535    -5.50151  0.00302795
        1952    -5.50678    -5.50151   0.0030264
        1953     -5.5178    -5.50152  0.00302486
        1954    -5.52808    -5.50153  0.00302334
        1955    -5.68548    -5.50163  0.00302326
        1956    -5.61451    -5.50168  0.00302226
        1957     -5.6261    -5.50175  0.00302139
        1958    -5.66023    -5.50183  0.00302093
        1959    -5.51725    -5.50184   0.0030194
        1960    -5.56235    -5.50187  0.00301802
        1961    -5.58617    -5.50191  0.00301678
        1962    -5.53555    -5.50193  0.00301529
        1963    -5.49367    -5.50192  0.00301376
        1964     -5.4894    -5.50192  0.00301223
        1965    -5.52519    -5.50193  0.00301072
        1966    -5.44158     -5.5019  0.00300935
        1967    -5.48898    -5.50189  0.00300783
        1968    -5.44597    -5.50186  0.00300643
        1969    -5.52559    -5.50187  0.00300493
        1970    -5.57179    -5.50191  0.00300361
        1971    -5.49026     -5.5019  0.00300209
        1972    -5.45996    -5.50188  0.00300065
        1973    -5.50837    -5.50189  0.00299913
        1974    -5.50995    -5.50189  0.00299761
        1975    -5.58734    -5.50193  0.00299641
        1976    -5.58308    -5.50197  0.00299517
        1977    -5.52641    -5.50199  0.00299368
        1978    -5.49141    -5.50198  0.00299217
        1979    -5.42339    -5.50194  0.00299092
        1980    -5.50164    -5.50194  0.00298941
        1981    -5.47911    -5.50193  0.00298793
        1982    -5.57431    -5.50197  0.00298664
        1983    -5.54132    -5.50199   0.0029852
        1984    -5.45363    -5.50196   0.0029838
        1985    -5.41485    -5.50192  0.00298262
        1986    -5.39954    -5.50187  0.00298156
        1987    -5.48306    -5.50186  0.00298008
        1988    -5.52606    -5.50187   0.0029786
        1989    -5.56386     -5.5019  0.00297727
        1990    -5.56907    -5.50193  0.00297596
        1991    -5.49374    -5.50193  0.00297447
        1992    -5.45264    -5.50191  0.00297308
        1993    -5.41543    -5.50186   0.0029719
        1994    -5.46536    -5.50184  0.00297047
        1995    -5.40617     -5.5018  0.00296937
        1996    -5.47192    -5.50178  0.00296792
        1997    -5.49087    -5.50178  0.00296644
        1998    -5.43956    -5.50174  0.00296512
        1999     -5.4109     -5.5017  0.00296398
        2000    -5.43031    -5.50166  0.00296271
