#     BLOCK:   ACTUAL_P:     P_AVE:       ERROR:       P_TAIL=-0.855522
           1    -5.11157    -5.11157           0
           2    -4.26743     -4.6895    0.298449
           3    -3.65732    -4.34544    0.344247
           4    -3.08205    -4.02959    0.376138
           5    -2.63225    -3.75012     0.39119
           6    -2.47972    -3.53839    0.378986
           7     -2.1782    -3.34408    0.371333
           8     -2.1339     -3.1928    0.354392
           9     -1.9263    -3.05208    0.341814
          10    -1.65154    -2.91203    0.335099
          11    -1.26951    -2.76271    0.336262
          12    -1.27693    -2.63889    0.330249
          13    -1.54975    -2.55511    0.315294
          14     -1.0601    -2.44833     0.31033
          15   -0.879127    -2.34371    0.306768
          16    -0.88969    -2.25284    0.300754
          17   -0.756474    -2.16482    0.295663
          18    -1.09155    -2.10519    0.285186
          19   -0.914111     -2.0425    0.276981
          20   -0.830053    -1.98188    0.269684
          21   -0.964201    -1.93342     0.26116
          22   -0.240945    -1.85649    0.260373
          23   -0.436366    -1.79474    0.256269
          24   -0.844804    -1.75516    0.248629
          25    -1.00444    -1.72513    0.240491
          26   -0.875165    -1.69244    0.233452
          27   -0.566692    -1.65075    0.228499
          28   -0.777906    -1.61957    0.222454
          29   -0.667897    -1.58676    0.217191
          30   -0.646426    -1.55541    0.212201
          31   -0.276783    -1.51417    0.209326
          32   -0.353485     -1.4779    0.205903
          33    0.123573    -1.42937    0.205303
          34   -0.525847    -1.40279    0.200977
          35    -0.40721    -1.37435    0.197237
          36   -0.343088     -1.3457    0.193828
          37   -0.321803    -1.31803    0.190554
          38   0.0819767    -1.28119    0.189068
          39     -0.2454    -1.25463    0.186076
          40  -0.0450594    -1.22439    0.183865
          41    0.513456      -1.182    0.184201
          42    0.734708    -1.13637    0.185382
          43    0.636618    -1.09513      0.1856
          44 0.000343982    -1.07024    0.183044
          45   0.0813609    -1.04465    0.180756
          46    0.181743    -1.01799    0.178782
          47   0.0363112   -0.995553     0.17638
          48   -0.350164   -0.982108    0.173217
          49   -0.339913   -0.969002    0.170177
          50   -0.213543   -0.953892    0.167443
          51    -0.66997   -0.948325    0.164252
          52    -0.30336   -0.935922    0.161561
          53  -0.0913241   -0.919986    0.159297
          54   -0.533927   -0.912837    0.156507
          55   -0.851368   -0.911719    0.153666
          56   -0.695151   -0.907852     0.15097
          57   -0.251594   -0.896339     0.14876
          58   -0.280938   -0.885729    0.146573
          59   -0.405388   -0.877587    0.144315
          60   -0.254821   -0.867208    0.142282
          61 3.29714e-05   -0.852991    0.140658
          62   -0.288924   -0.843893    0.138684
          63   -0.315915   -0.835512    0.136735
          64   -0.266734   -0.826625    0.134887
          65   -0.201622    -0.81701    0.133154
          66   -0.595829   -0.813658    0.131179
          67   -0.613299   -0.810668    0.129255
          68   -0.256066   -0.802512    0.127611
          69   -0.275421   -0.794873     0.12599
          70   0.0188891   -0.783248    0.124726
          71   -0.126297   -0.773995    0.123312
          72  -0.0612412   -0.764096    0.121996
          73  -0.0310561   -0.754054    0.120737
          74   -0.604698   -0.752036    0.119122
          75   -0.270793   -0.745619    0.117707
          76    0.297498   -0.731894    0.116956
          77    0.141148   -0.720556    0.115985
          78    0.106433   -0.709953    0.114982
          79    0.142114   -0.699168    0.114031
          80  -0.0630016   -0.691216    0.112882
          81      0.2213    -0.67995     0.11205
          82   -0.207914   -0.674193    0.110831
          83    0.028639   -0.665726    0.109819
          84     0.12605     -0.6563    0.108915
          85   -0.307651   -0.652198    0.107711
          86   -0.135107   -0.646185    0.106626
          87   -0.223461   -0.641326    0.105511
          88   -0.232073   -0.636676    0.104415
          89   -0.501961   -0.635162    0.103252
          90    0.266667   -0.625142     0.10259
          91   0.0941172   -0.617238    0.101767
          92   -0.274712   -0.613515    0.100729
          93   -0.200309   -0.609072   0.0997436
          94   -0.167472   -0.604374    0.098793
          95  -0.0825285   -0.598881   0.0979057
          96    0.258187   -0.589953    0.097292
          97    0.649795   -0.577172   0.0971249
          98    0.414078   -0.567057   0.0966591
          99   0.0860186    -0.56046   0.0959076
         100    0.108526   -0.553771   0.0951815
         101    0.318211   -0.545137   0.0946299
         102    0.479572   -0.535091   0.0942339
         103    0.669014   -0.523401   0.0940413
         104    0.404632   -0.514477   0.0935595
         105    0.516381    -0.50466   0.0931821
         106    0.472486   -0.495441   0.0927579
         107    0.266595   -0.488319    0.092164
         108   0.0550356   -0.483288   0.0914479
         109    0.271233   -0.476366   0.0908705
         110    0.492893   -0.467555   0.0904706
         111    0.314205   -0.460512   0.0899293
         112     0.35889   -0.453196   0.0894234
         113    0.393297   -0.445705   0.0889453
         114    0.254309   -0.439564   0.0883768
         115    0.677628   -0.429849   0.0881406
         116    0.695083   -0.420152   0.0879126
         117    0.688577   -0.410675   0.0876705
         118    0.911328   -0.399472   0.0876404
         119    0.594211   -0.391122   0.0873009
         120    0.284894   -0.385488   0.0867549
         121    0.125453   -0.381266   0.0861407
         122  -0.0657509   -0.378679   0.0854734
         123     0.28744   -0.373264   0.0849499
         124    0.409936   -0.366948   0.0844993
         125    0.785412   -0.357729   0.0843247
         126    0.898592   -0.347758   0.0842429
         127    0.956049   -0.337492   0.0842028
         128    0.497688   -0.330967   0.0837973
         129    0.373215   -0.325508   0.0833254
         130    0.233956   -0.321205   0.0827955
         131     0.23757   -0.316939   0.0822732
         132    0.344706   -0.311927   0.0818025
         133    0.298626   -0.307336   0.0813161
         134    0.259407   -0.303107   0.0808192
         135    0.352299   -0.298252   0.0803662
         136    0.493439   -0.292431   0.0799859
         137   0.0703798   -0.289782   0.0794459
         138   0.0513403    -0.28731   0.0789086
         139    -0.21096   -0.286761   0.0783428
         140   -0.178421   -0.285987   0.0777871
         141   -0.471688   -0.287304   0.0772465
         142   -0.413358   -0.288192   0.0767076
         143   -0.261133   -0.288003   0.0761715
         144    0.292604   -0.283971   0.0757491
         145     0.17217   -0.280825    0.075292
         146    0.213622   -0.277438   0.0748524
         147    0.146994   -0.274551   0.0743989
         148   -0.384765   -0.275296   0.0738999
         149   -0.788517    -0.27874   0.0734842
         150   -0.627281   -0.281064    0.073031
         151   -0.374924   -0.281685     0.07255
         152   -0.141715   -0.280764   0.0720786
         153    0.146399   -0.277973   0.0716615
         154  -0.0421442   -0.276441   0.0712125
         155   -0.072223   -0.275124   0.0707653
         156  -0.0152095   -0.273458   0.0703313
         157   -0.835619   -0.277038   0.0699744
         158   -0.165529   -0.276332   0.0695351
         159   -0.567992   -0.278167   0.0691219
         160   -0.584721   -0.280083   0.0687165
         161   -0.459287   -0.281196   0.0682987
         162   -0.816129   -0.284498   0.0679569
         163   -0.354074   -0.284925   0.0675413
         164   -0.438528   -0.285861   0.0671359
         165    0.108035   -0.283474   0.0667715
         166   -0.355868    -0.28391   0.0663707
         167   -0.453809   -0.284928    0.065981
         168   -0.664169   -0.287185   0.0656269
         169   -0.527294   -0.288606    0.065254
         170   -0.380731   -0.289148   0.0648724
         171   -0.148607   -0.288326   0.0644982
         172  -0.0952035   -0.287203    0.064133
         173    0.194326    -0.28442   0.0638226
         174    0.411766   -0.280418   0.0635811
         175    0.779099   -0.274364   0.0635054
         176   -0.202844   -0.273958   0.0631459
         177   0.0024575   -0.272396   0.0628084
         178  -0.0166403   -0.270959    0.062472
         179      0.3476   -0.267504   0.0622185
         180    0.234073   -0.264717   0.0619352
         181    0.794406   -0.258866   0.0618688
         182    0.568835   -0.254318   0.0616958
         183    0.707294   -0.249063   0.0615821
         184    0.823565   -0.243234   0.0615227
         185    0.222325   -0.240717   0.0612416
         186    0.536275    -0.23654   0.0610546
         187    0.685296    -0.23161   0.0609268
         188    0.753964   -0.226368   0.0608278
         189    0.974478   -0.220014   0.0608369
         190     1.17065   -0.212695   0.0609554
         191      1.0297    -0.20619   0.0609824
         192     1.35593   -0.198054   0.0612051
         193    0.383858   -0.195039   0.0609622
         194    0.546111   -0.191218   0.0607675
         195    0.667271   -0.186816   0.0606152
         196    0.641232   -0.182591    0.060453
         197    0.365322    -0.17981     0.06021
         198    0.303725   -0.177368   0.0599555
         199    0.413712   -0.174398   0.0597277
         200    0.866944   -0.169191   0.0596556
         201    0.256533   -0.167073   0.0593964
         202    0.261199   -0.164953   0.0591402
         203    0.491183    -0.16172   0.0589371
         204    0.989047   -0.156079   0.0589175
         205    0.846994   -0.151186   0.0588329
         206     1.12153   -0.145008   0.0588709
         207     1.14663   -0.138768   0.0589162
         208     1.32621   -0.131725   0.0590524
         209     2.15672   -0.120776   0.0597764
         210      1.7993   -0.111632    0.060187
         211     1.85181   -0.102327   0.0606168
         212     1.57933  -0.0943947   0.0608477
         213     1.43297  -0.0872239   0.0609831
         214     1.18866  -0.0812619   0.0609888
         215     1.15251  -0.0755234   0.0609745
         216    0.323441  -0.0736763   0.0607202
         217    0.246939  -0.0721988   0.0604584
         218    0.361774  -0.0702081   0.0602138
         219   -0.218297  -0.0708844   0.0599427
         220    -0.36369  -0.0722153    0.059685
         221   0.0269664  -0.0717665   0.0594166
         222     0.41431   -0.069577   0.0591893
         223    0.796383  -0.0656937   0.0590511
         224    0.928112  -0.0612571   0.0589539
         225    0.841217  -0.0572461   0.0588282
         226    0.909834   -0.052967   0.0587233
         227       0.556  -0.0502843   0.0585259
         228    0.835091  -0.0464011   0.0583978
         229     1.36657  -0.0402309   0.0584679
         230     1.63163  -0.0329619   0.0586638
         231     1.62819  -0.0257708   0.0588489
         232     1.35713    -0.01981   0.0588964
         233      1.3328  -0.0140048    0.058929
         234     1.36721 -0.00810221   0.0589721
         235     1.34933  -0.0023259   0.0590033
         236     1.56071  0.00429713   0.0591239
         237     1.58327   0.0109595   0.0592486
         238     1.24974   0.0161644   0.0592278
         239     1.25764   0.0213589   0.0592073
         240     1.79082   0.0287316   0.0594179
         241     1.60149   0.0352576   0.0595287
         242     1.70543   0.0421591   0.0596814
         243     1.41771   0.0478198   0.0597037
         244     1.26913   0.0528252   0.0596684
         245    0.718148   0.0555408   0.0594866
         246    0.728092   0.0582747   0.0593076
         247    0.975381   0.0619877   0.0591836
         248    0.743656   0.0647364   0.0590088
         249    0.843881   0.0678655   0.0588547
         250     1.07625    0.071899   0.0587573
         251      1.0364   0.0757416   0.0586488
         252     1.32068   0.0806819   0.0586237
         253     1.56258   0.0865392   0.0586839
         254     1.30493    0.091336   0.0586486
         255     1.16564   0.0955489   0.0585697
         256     1.53431    0.101169   0.0586099
         257     1.31697      0.1059   0.0585725
         258     1.25237    0.110344   0.0585138
         259     1.54119    0.115868   0.0585481
         260     1.17617    0.119946   0.0584647
         261    0.926037    0.123035   0.0583223
         262    0.655223    0.125066    0.058135
         263    0.378744     0.12603    0.057922
         264    0.707167    0.128232   0.0577444
         265    0.978346     0.13144   0.0576155
         266     1.26547    0.135703   0.0575564
         267     1.10845    0.139346   0.0574561
         268    0.718167    0.141506   0.0572823
         269     1.43325    0.146308   0.0572702
         270      1.5833     0.15163   0.0573049
         271      1.4453    0.156404   0.0572919
         272     1.28205    0.160542   0.0572306
         273     1.31861    0.164784   0.0571779
         274    0.831705    0.167218    0.057021
         275    0.899245     0.16988   0.0568758
         276    0.483629    0.171017   0.0566811
         277    0.940099    0.173793   0.0565444
         278     1.41191    0.178247   0.0565161
         279     1.31667    0.182328   0.0564607
         280     1.13516     0.18573   0.0563615
         281    0.662998    0.187429   0.0561865
         282    0.411404    0.188223   0.0559929
         283    0.242844    0.188416   0.0557953
         284     1.32434    0.192416    0.055742
         285     1.49695    0.196993   0.0557341
         286     1.09543    0.200135   0.0556277
         287     1.03269    0.203035   0.0555094
         288     1.06159    0.206017   0.0553967
         289     1.31694    0.209861   0.0553382
         290     1.43195    0.214075   0.0553076
         291     1.50806    0.218521    0.055296
         292     1.70991    0.223629    0.055342
         293      1.5489    0.228152   0.0553377
         294     1.61164    0.232858   0.0553492
         295     1.56139    0.237361   0.0553444
         296     1.53188    0.241735     0.05533
         297     1.45194    0.245809   0.0552935
         298     1.50064     0.25002   0.0552681
         299     1.70138    0.254874    0.055296
         300     1.34723    0.258515   0.0552314
         301     1.36314    0.262185   0.0551697
         302     1.45592    0.266138   0.0551285
         303     1.54183    0.270348   0.0551071
         304     1.48047    0.274329   0.0550694
         305     1.45785    0.278209   0.0550254
         306     1.49676    0.282192   0.0549894
         307     1.61555    0.286535   0.0549816
         308     1.49677    0.290464   0.0549433
         309     1.39696    0.294045    0.054882
         310     1.04263     0.29646   0.0547581
         311     1.22858    0.299457    0.054664
         312     1.34635    0.302812   0.0545917
         313    0.991138    0.305011   0.0544615
         314    0.680898    0.306209   0.0543012
         315    0.916824    0.308147   0.0541635
         316      1.6123    0.312274   0.0541491
         317     1.86269    0.317165   0.0541987
         318     1.54898    0.321039   0.0541665
         319     1.00517    0.323183   0.0540391
         320    0.982676    0.325244   0.0539095
         321    0.858755    0.326906   0.0537672
         322    0.772264    0.328289    0.053618
         323    0.633437    0.329234   0.0534603
         324    0.517926    0.329816   0.0532985
         325    0.700182    0.330956   0.0531467
         326    0.597254    0.331773   0.0529899
         327     1.02503    0.333893   0.0528703
         328      1.1733    0.336452    0.052771
         329     1.33574    0.339489   0.0526979
         330     1.40209    0.342709   0.0526365
         331     1.11594    0.345045   0.0525293
         332    0.874238    0.346639   0.0523953
         333     1.01079    0.348634   0.0522759
         334    0.550724    0.349239   0.0521229
         335    0.469419    0.349598   0.0519685
         336    0.596307    0.350332    0.051819
         337    0.565186    0.350969   0.0516692
         338    0.650283    0.351855   0.0515239
         339    0.850084    0.353325   0.0513929
         340     1.13224    0.355616   0.0512928
         341     1.37217    0.358597   0.0512289
         342      1.3458    0.361483   0.0511604
         343     1.79612    0.365666   0.0511819
         344     2.07464    0.370634   0.0512736
         345     1.45662    0.373782   0.0512216
         346     1.78149     0.37785   0.0512348
         347     1.13213    0.380024   0.0511333
         348    0.930347    0.381605   0.0510108
         349     1.45963    0.384694   0.0509581
         350     1.35744    0.387473   0.0508882
         351     1.53526    0.390743   0.0508482
         352     2.10211    0.395605   0.0509356
         353     2.11872    0.400487   0.0510247
         354     2.14178    0.405406   0.0511171
         355     1.85859    0.409499   0.0511368
         356     1.40222    0.412288   0.0510691
         357     1.49509    0.415321    0.051016
         358     1.57768    0.418567   0.0509767
         359     1.89258    0.422673   0.0509998
         360     1.96888    0.426968   0.0510387
         361     1.91003    0.431076   0.0510624
         362      1.7634    0.434757   0.0510538
         363     1.56689    0.437876   0.0510083
         364     1.80636    0.441635   0.0510066
         365     1.84453    0.445479   0.0510114
         366     2.22234    0.450334   0.0511025
         367     2.02346     0.45462   0.0511428
         368     2.36153    0.459802   0.0512656
         369     2.08354    0.464202   0.0513152
         370     2.05709    0.468507   0.0513568
         371     1.67097    0.471749   0.0513205
         372     1.59665    0.474772   0.0512716
         373     1.49437    0.477506   0.0512069
         374     1.17953    0.479383   0.0511044
         375     1.47479    0.482037    0.051037
         376     1.61314    0.485046   0.0509899
         377     1.50139    0.487742   0.0509258
         378     1.24203    0.489737   0.0508302
         379     1.11806    0.491395   0.0507231
         380    0.981446    0.492685    0.050606
         381     1.32347    0.494865   0.0505201
         382     1.45026    0.497366   0.0504498
         383     1.48303     0.49994   0.0503836
         384     1.43992    0.502387   0.0503118
         385     1.67085    0.505422   0.0502726
         386     1.76612    0.508689   0.0502484
         387       1.498    0.511245   0.0501835
         388     1.41042    0.513562   0.0501077
         389     1.24247    0.515436   0.0500139
         390     1.08526    0.516897    0.049907
         391     1.59587    0.519657   0.0498556
         392     1.64379    0.522524   0.0498108
         393     1.44314    0.524867   0.0497391
         394     1.44898    0.527212   0.0496681
         395     1.60371    0.529938   0.0496171
         396     1.55799    0.532534   0.0495597
         397      2.0043    0.536241   0.0495733
         398     1.61336    0.538947   0.0495226
         399     1.50466    0.541368   0.0494575
         400     1.51999    0.543814   0.0493944
         401     1.98385    0.547405   0.0494016
         402     1.71908     0.55032   0.0493646
         403     1.76916    0.553344   0.0493346
         404     1.81046    0.556456   0.0493106
         405     1.73795    0.559373    0.049275
         406     2.19731    0.563408   0.0493185
         407     1.88748    0.566661   0.0493045
         408     2.17938    0.570614   0.0493419
         409     2.07535    0.574293   0.0493582
         410     2.03965    0.577867   0.0493671
         411     1.65435    0.580486   0.0493164
         412     1.77435    0.583384   0.0492817
         413     1.80299    0.586337   0.0492508
         414     1.99047    0.589728   0.0492485
         415     1.94749       0.593   0.0492384
         416     1.92051    0.596191   0.0492233
         417     1.54365    0.598463   0.0491577
         418     1.75494     0.60123   0.0491179
         419     1.13443    0.602503   0.0490171
         420     1.25679     0.60406   0.0489252
         421     1.91051    0.607164   0.0489073
         422     1.89989    0.610227   0.0488872
         423     1.80174    0.613044   0.0488527
         424     1.55581    0.615267   0.0487881
         425     1.45627    0.617246   0.0487134
         426     1.75949    0.619927   0.0486728
         427     1.80736    0.622708   0.0486382
         428     1.71778    0.625267   0.0485918
         429      1.9035    0.628246   0.0485698
         430     1.83033    0.631042   0.0485372
         431     1.84221    0.633852   0.0485059
         432     1.82703    0.636614   0.0484722
         433     1.67054    0.639002    0.048419
         434     1.65755    0.641349   0.0483643
         435     2.27091    0.645095    0.048398
         436     2.20943    0.648683   0.0484198
         437     2.45134    0.652808   0.0484844
         438      2.1634    0.656257   0.0484962
         439     2.44151    0.660323   0.0485559
         440     2.27854    0.664001   0.0485846
         441     2.18305    0.667446   0.0485964
         442     2.05749    0.670591   0.0485881
         443     1.82007    0.673185   0.0485477
         444     1.74575    0.675601   0.0484984
         445       1.492    0.677436   0.0484241
         446     1.29696    0.678825   0.0483355
         447      1.4873    0.680633   0.0482612
         448     1.43354    0.682314   0.0481827
         449     1.48152    0.684094   0.0481082
         450     1.41359    0.685715   0.0480286
         451     1.48519    0.687488   0.0479548
         452     1.62706    0.689566   0.0478938
         453      1.3871    0.691106   0.0478128
         454     1.89768    0.693764   0.0477813
         455     1.90169    0.696419     0.04775
         456     2.05506    0.699398   0.0477381
         457     2.22243    0.702731   0.0477499
         458     1.93526    0.705422   0.0477214
         459     1.90958    0.708045   0.0476895
         460     1.87316    0.710578    0.047653
         461     1.67213    0.712664   0.0475953
         462     1.56322    0.714505   0.0475278
         463     1.65169    0.716529   0.0474683
         464     1.82003    0.718907   0.0474255
         465     1.58569    0.720772   0.0473601
         466     1.53552     0.72252   0.0472908
         467     1.67329    0.724556   0.0472333
         468     1.57852    0.726381   0.0471676
         469     1.51032    0.728052   0.0470966
         470     1.50559    0.729706   0.0470255
         471     1.76725    0.731909   0.0469772
         472     1.89904    0.734382   0.0469427
         473     1.67879    0.736379   0.0468859
         474     2.04792    0.739146   0.0468686
         475     1.56212    0.740878   0.0468019
         476     1.49084    0.742454   0.0467301
         477     1.34148     0.74371    0.046649
         478     1.10077    0.744457   0.0465574
         479     1.18468    0.745376   0.0464693
         480    0.873948    0.745643   0.0463732
         481    0.806878    0.745771    0.046277
         482     1.34212    0.747008   0.0461975
         483    0.952377    0.747433   0.0461038
         484    0.744867    0.747428   0.0460086
         485    0.741258    0.747415   0.0459137
         486    0.734329    0.747388   0.0458192
         487    0.310233    0.746491    0.045734
         488    0.274239    0.745523   0.0456505
         489    0.502789    0.745026   0.0455598
         490    0.711437    0.744958   0.0454669
         491    0.524943     0.74451   0.0453765
         492    0.785085    0.744592   0.0452843
         493    0.467446     0.74403    0.045196
         494    0.429965    0.743394    0.045109
         495    0.616934    0.743139   0.0450186
         496    0.288449    0.742222   0.0449371
         497    0.825556     0.74239    0.044847
         498    0.829352    0.742564   0.0447573
         499      1.0055    0.743091   0.0446707
         500     1.17971    0.743965   0.0445899
         501     1.22201    0.744919   0.0445111
         502     1.50722    0.746437   0.0444483
         503     1.71282    0.748359   0.0444015
         504     1.98766    0.750817   0.0443814
         505     1.67455    0.752647   0.0443312
         506     1.63578    0.754392   0.0442779
         507     1.64791    0.756154   0.0442257
         508     1.82425    0.758257   0.0441886
         509     1.47978    0.759674   0.0441245
         510     1.79045    0.761696   0.0440842
         511     1.96563    0.764052   0.0440609
         512     1.59417    0.765673   0.0440046
         513     1.76591    0.767623    0.043962
         514     1.76846     0.76957   0.0439196
         515     1.65104    0.771281   0.0438677
         516     1.31134    0.772328   0.0437951
         517     1.39944    0.773541   0.0437272
         518     1.16063    0.774288   0.0436492
         519     1.25181    0.775208   0.0435748
         520     1.39903    0.776408   0.0435075
         521     1.69923    0.778179     0.04346
         522     1.45885    0.779483   0.0433963
         523     1.47007    0.780804   0.0433334
         524     1.57946    0.782328   0.0432775
         525     1.69251    0.784062   0.0432298
         526      1.4161    0.785263   0.0431643
         527     1.67572    0.786953   0.0431155
         528     1.91332    0.789086   0.0430865
         529     1.93531    0.791253   0.0430595
         530     2.21267    0.793935   0.0430617
         531     1.82895    0.795884   0.0430247
         532     1.77256     0.79772    0.042983
         533     1.61713    0.799257   0.0429299
         534     1.61386    0.800783   0.0428766
         535     1.16601    0.801465   0.0428018
         536     1.29966    0.802395   0.0427321
         537     1.83359    0.804315   0.0426956
         538     1.46327     0.80554   0.0426338
         539     1.25157    0.806367   0.0425628
         540     1.52238    0.807693   0.0425046
         541     1.54316    0.809053   0.0424478
         542      1.8658    0.811003   0.0424142
         543     1.76809    0.812765   0.0423727
         544     2.25343    0.815413   0.0423775
         545     2.04937    0.817678   0.0423602
         546      1.6592    0.819219   0.0423106
         547     1.77294    0.820962   0.0422692
         548     1.48248     0.82217   0.0422093
         549     1.25371    0.822956   0.0421397
         550     1.44344    0.824084   0.0420782
         551     1.41961    0.825164   0.0420157
         552     1.76494    0.826867   0.0419741
         553     1.59224    0.828251    0.041921
         554     1.66351    0.829759   0.0418724
         555     1.53282    0.831025   0.0418161
         556     1.50275    0.832234   0.0417584
         557     1.82633    0.834018   0.0417215
         558     1.72435    0.835614   0.0416772
         559     1.72189    0.837199   0.0416328
         560     1.81794    0.838951   0.0415953
         561       1.749    0.840573   0.0415528
         562     1.83354     0.84234   0.0415164
         563     1.93825    0.844286   0.0414883
         564     1.95309    0.846252   0.0414613
         565     2.01674    0.848324   0.0414396
         566     1.80699    0.850018    0.041401
         567     1.90319    0.851875   0.0413696
         568     1.59515    0.853184   0.0413175
         569     1.55427    0.854416   0.0412632
         570     1.23565    0.855085   0.0411962
         571     1.73087    0.856618   0.0411526
         572     1.14055    0.857115   0.0410837
         573    0.899726    0.857189   0.0410121
         574     1.40435    0.858142   0.0409517
         575     1.81758    0.859811   0.0409144
         576      1.9325    0.861673   0.0408858
         577     1.78845     0.86328   0.0408465
         578     1.69288    0.864715    0.040801
         579     1.94392    0.866579   0.0407731
         580       1.711    0.868035   0.0407288
         581     1.63953    0.869363   0.0406803
         582     1.29014    0.870086   0.0406168
         583     1.49514    0.871158   0.0405613
         584     1.19267    0.871708   0.0404956
         585     1.05857    0.872028   0.0404276
         586     1.43838    0.872994   0.0403702
         587     1.46958     0.87401   0.0403142
         588      1.2256    0.874608   0.0402501
         589    0.995528    0.874814   0.0401823
         590    0.778697    0.874651   0.0401145
         591    0.854146    0.874616   0.0400466
         592     1.19373    0.875155   0.0399826
         593     1.08883    0.875515   0.0399168
         594      1.1754     0.87602   0.0398528
         595     1.25908    0.876664    0.039791
         596     1.19734    0.877202   0.0397279
         597      1.1272    0.877621   0.0396636
         598     1.18309    0.878132   0.0396005
         599     1.43044    0.879054   0.0395451
         600     1.26751    0.879701   0.0394845
         601     1.19734     0.88023   0.0394224
         602    0.909942    0.880279   0.0393569
         603      1.1546    0.880734   0.0392943
         604     1.14945    0.881179   0.0392317
         605     1.03778    0.881438   0.0391677
         606     1.20498    0.881972   0.0391068
         607     1.25093    0.882579   0.0390471
         608     1.32884    0.883313   0.0389897
         609      1.3579    0.884093   0.0389335
         610     1.10091    0.884448   0.0388713
         611     1.25249    0.885051   0.0388123
         612     0.73769     0.88481   0.0387497
         613    0.566904    0.884291   0.0386899
         614     1.09568    0.884635   0.0386284
         615     1.67405    0.885919    0.038587
         616     1.16948    0.886379   0.0385271
         617     1.04798    0.886641   0.0384655
         618    0.757402    0.886432   0.0384038
         619     0.47207    0.885763   0.0383476
         620    0.644944    0.885374   0.0382877
         621    0.413938    0.884615   0.0382336
         622    0.868244    0.884589   0.0381721
         623    0.495993    0.883965    0.038116
         624    0.386041    0.883167   0.0380632
         625    0.413492    0.882416   0.0380098
         626     0.23693    0.881385    0.037963
         627    0.907377    0.881426   0.0379025
         628     1.45111    0.882333    0.037853
         629     1.28418    0.882972   0.0377982
         630     1.19885    0.883473   0.0377415
         631     1.14652     0.88389    0.037684
         632      1.3655    0.884652   0.0376321
         633     1.44227    0.885533    0.037583
         634     1.49579    0.886496    0.037536
         635     1.32867    0.887192   0.0374834
         636     1.04697    0.887443   0.0374253
         637     1.13127    0.887826   0.0373685
         638     1.60873    0.888956    0.037327
         639     1.55442    0.889997   0.0372831
         640     1.31599    0.890663   0.0372308
         641     1.30452    0.891309   0.0371783
         642    0.965769    0.891425   0.0371206
         643    0.764393    0.891227   0.0370634
         644    0.582748    0.890748   0.0370089
         645    0.858662    0.890698   0.0369515
         646    0.710251    0.890419   0.0368954
         647     0.53966    0.889877   0.0368424
         648     0.46382    0.889219   0.0367914
         649    0.384513    0.888442   0.0367429
         650    0.526774    0.887885   0.0366906
         651    0.648944    0.887518   0.0366361
         652    0.896741    0.887532   0.0365799
         653     1.55581    0.888556   0.0365382
         654     1.40846    0.889351   0.0364909
         655     1.68633    0.890568   0.0364555
         656    0.677044    0.890242   0.0364014
         657    0.874146    0.890218    0.036346
         658    0.794717    0.890072   0.0362911
         659    0.833508    0.889987   0.0362361
         660    0.803674    0.889856   0.0361814
         661     1.03666    0.890078   0.0361274
         662     1.52978    0.891044   0.0360857
         663    0.972772    0.891168   0.0360315
         664    0.711148    0.890896   0.0359782
         665    0.986741    0.891041   0.0359244
         666     0.91637    0.891079   0.0358705
         667     1.22321    0.891576   0.0358202
         668     1.32101    0.892219   0.0357723
         669     1.61392    0.893298   0.0357351
         670     1.67634    0.894467   0.0357009
         671     1.39018    0.895206   0.0356553
         672    0.949923    0.895287   0.0356024
         673    0.967787    0.895395   0.0355496
         674     1.01403    0.895571   0.0354973
         675    0.792711    0.895418   0.0354451
         676    0.758513    0.895216   0.0353932
         677    0.668484    0.894881   0.0353425
         678    0.694721    0.894586   0.0352916
         679    0.597882    0.894149   0.0352423
         680    0.351378    0.893351   0.0351996
         681    0.375416     0.89259   0.0351561
         682    0.195061    0.891567   0.0351194
         683    0.715124    0.891309   0.0350689
         684    0.538607    0.890793   0.0350215
         685    0.499918    0.890223    0.034975
         686    0.668683      0.8899   0.0349255
         687    0.686596    0.889604   0.0348759
         688     1.15421    0.889988   0.0348273
         689     0.86753    0.889956   0.0347768
         690    0.695048    0.889673   0.0347275
         691     1.06462    0.889926   0.0346782
         692     0.81506    0.889818   0.0346283
         693     1.08526      0.8901   0.0345795
         694     1.26488     0.89064   0.0345338
         695    0.963324    0.890745   0.0344843
         696     0.77801    0.890583   0.0344351
         697    0.503261    0.890027   0.0343902
         698    0.665968    0.889706   0.0343425
         699    0.748436    0.889504   0.0342939
         700     1.39901    0.890232   0.0342526
         701     1.46918    0.891058   0.0342137
         702      1.6613    0.892155   0.0341826
         703     1.71205    0.893321   0.0341539
         704     1.62858    0.894366   0.0341213
         705      1.4988    0.895223   0.0340837
         706     1.45971    0.896023   0.0340448
         707     1.10275    0.896315   0.0339979
         708     1.25216    0.896818   0.0339536
         709     1.36084    0.897472    0.033912
         710      1.0432    0.897677   0.0338649
         711     0.95497    0.897758   0.0338173
         712     1.21731    0.898207   0.0337728
         713    0.858886    0.898152   0.0337255
         714     1.04775    0.898361   0.0336789
         715     1.85976    0.899706   0.0336586
         716     1.85117    0.901035   0.0336378
         717     1.71762    0.902174   0.0336102
         718     1.16802    0.902544   0.0335654
         719     1.41758     0.90326   0.0335264
         720     1.53398    0.904136   0.0334913
         721     2.07387    0.905759   0.0334841
         722     2.05176    0.907346   0.0334753
         723      1.6396    0.908359   0.0334443
         724     1.63124    0.909357    0.033413
         725     1.42696    0.910071   0.0333746
         726     1.48809    0.910867   0.0333381
         727     1.61842     0.91184   0.0333064
         728     1.31793    0.912398   0.0332654
         729     1.41824    0.913092    0.033227
         730     1.39017    0.913746   0.0331879
         731     1.45204    0.914482   0.0331506
         732     1.59166    0.915407   0.0331183
         733      1.9508     0.91682   0.0331032
         734     2.35666    0.918781   0.0331162
         735      2.1349    0.920436   0.0331124
         736     1.59447    0.921352   0.0330801
         737     1.48161    0.922112   0.0330439
         738     1.53597    0.922944   0.0330096
         739     1.77451    0.924096   0.0329851
         740     1.53747    0.924925   0.0329509
         741      1.6378    0.925887   0.0329205
         742      1.5405    0.926715   0.0328865
         743     1.74266    0.927813   0.0328606
         744     1.97196    0.929217   0.0328464
         745     1.62943    0.930157   0.0328157
         746     1.42816    0.930824   0.0327785
         747     1.12516    0.931084   0.0327357
         748     1.46307    0.931796   0.0326996
         749     1.33229     0.93233   0.0326604
         750     1.14884    0.932619   0.0326181
         751     1.45164     0.93331    0.032582
         752     1.45975     0.93401   0.0325462
         753     1.81996    0.935187   0.0325242
         754     1.62757    0.936105    0.032494
         755     1.59416    0.936977   0.0324627
         756      1.5429    0.937778   0.0324296
         757     1.58666    0.938635   0.0323981
         758      1.2966    0.939108   0.0323588
         759    0.826765     0.93896   0.0323165
         760    0.854089    0.938848   0.0322742
         761      1.0012     0.93893   0.0322319
         762    0.844455    0.938806   0.0321898
         763    0.468412    0.938189   0.0321535
         764    0.788775    0.937994   0.0321121
         765    0.818352    0.937837   0.0320705
         766     0.83146    0.937698   0.0320289
         767     1.05235    0.937848   0.0319875
         768     1.15249    0.938127   0.0319471
         769    0.978663     0.93818   0.0319056
         770     1.08867    0.938376   0.0318647
         771     1.59531    0.939228   0.0318348
         772     1.68261    0.940191   0.0318081
         773     1.39686    0.940781   0.0317724
         774     1.05466    0.940928   0.0317317
         775    0.859637    0.940824    0.031691
         776     1.13801    0.941078   0.0316511
         777    0.889217    0.941011   0.0316105
         778    0.845082    0.940888   0.0315701
         779    0.780281    0.940681   0.0315302
         780    0.671415    0.940336   0.0314917
         781    0.668176    0.939988   0.0314533
         782    0.367199    0.939255   0.0314216
         783    0.501247    0.938696   0.0313865
         784    0.835396    0.938564   0.0313467
         785    0.487285    0.937989    0.031312
         786    0.794249    0.937806   0.0312727
         787    0.735877     0.93755   0.0312341
         788      1.0344    0.937673   0.0311947
         789     1.24419    0.938061   0.0311575
         790     1.31108    0.938533   0.0311217
         791     1.69844    0.939494   0.0310972
         792     1.93591    0.940752   0.0310833
         793     1.92416    0.941992   0.0310689
         794     1.53039    0.942733   0.0310386
         795     1.29546    0.943177   0.0310027
         796     1.11784    0.943396   0.0309645
         797     1.52089    0.944121   0.0309342
         798     1.63737     0.94499   0.0309076
         799    0.975746    0.945028   0.0308689
         800     1.14558    0.945279   0.0308314
         801     0.91859    0.945246   0.0307929
         802     1.39032    0.945801   0.0307595
         803     1.19594    0.946112   0.0307228
         804     1.22511    0.946459   0.0306865
         805     1.42168    0.947049   0.0306541
         806     1.31083    0.947501   0.0306194
         807       1.022    0.947593   0.0305816
         808     1.12604    0.947814   0.0305445
         809     1.53568    0.948541   0.0305154
         810     1.55728    0.949292    0.030487
         811     1.28167    0.949702   0.0304521
         812      1.2578    0.950081    0.030417
         813      1.0772    0.950238     0.03038
         814    0.788411    0.950039   0.0303433
         815    0.861379     0.94993   0.0303063
         816     0.82158    0.949773   0.0302695
         817     1.09712    0.949953    0.030233
         818      1.1204    0.950162   0.0301968
         819    0.871262    0.950065   0.0301601
         820    0.652909    0.949703   0.0301255
         821     1.08492    0.949868   0.0300892
         822     1.08709    0.950035   0.0300531
         823    0.920116    0.949998   0.0300166
         824     0.86858    0.949899   0.0299803
         825      1.1604    0.950155   0.0299451
         826     1.34735    0.950635   0.0299127
         827      1.4613    0.951253   0.0298829
         828     1.93693    0.952443   0.0298705
         829      1.5368    0.953148   0.0298428
         830     1.61051     0.95394   0.0298173
         831     1.29176    0.954347   0.0297842
         832     1.23866    0.954688   0.0297504
         833     1.59338    0.955455   0.0297245
         834     1.65052    0.956289   0.0297006
         835     1.45038     0.95688   0.0296709
         836       1.723    0.957797   0.0296496
         837     1.63786    0.958609   0.0296253
         838     1.67404    0.959463   0.0296022
         839     1.55392    0.960171   0.0295754
         840     1.30041    0.960577    0.029543
         841     1.60849    0.961347   0.0295179
         842     1.90826    0.962472   0.0295043
         843      1.7514    0.963407   0.0294841
         844     1.37896      0.9639   0.0294533
         845     1.09322    0.964053   0.0294188
         846     1.04258    0.964146   0.0293842
         847     1.55807    0.964847   0.0293579
         848     1.15007    0.965065    0.029324
         849     1.15022    0.965283   0.0292903
         850     1.38913    0.965782   0.0292601
         851     1.03949    0.965869   0.0292258
         852    0.708009    0.965566   0.0291931
         853    0.990877    0.965596   0.0291589
         854     1.04298    0.965686   0.0291249
         855    0.811229    0.965506   0.0290914
         856     1.14073     0.96571   0.0290581
         857     1.47573    0.966305   0.0290303
         858      1.0345    0.966385   0.0289966
         859    0.836871    0.966234   0.0289632
         860    0.991662    0.966264   0.0289296
         861    0.718655    0.965976   0.0288974
         862    0.698502    0.965666   0.0288655
         863    0.813981     0.96549   0.0288326
         864     1.01905    0.965552   0.0287993
         865    0.977554    0.965566    0.028766
         866    0.759762    0.965328   0.0287338
         867    0.759269    0.965091   0.0287016
         868    0.799437      0.9649   0.0286692
         869    0.578413    0.964455   0.0286397
         870    0.879734    0.964358   0.0286069
         871    0.836905    0.964211   0.0285744
         872    0.746592    0.963962   0.0285428
         873      1.0744    0.964088   0.0285103
         874     1.62285    0.964842   0.0284877
         875     1.50898    0.965464   0.0284619
         876     1.23994    0.965777   0.0284311
         877     1.28663    0.966143   0.0284011
         878     1.25366     0.96647   0.0283706
         879     1.52758    0.967109   0.0283455
         880     1.19315    0.967366   0.0283145
         881     1.20777    0.967639   0.0282837
         882     1.10332    0.967792    0.028252
         883     1.10884    0.967952   0.0282205
         884     1.61241    0.968681    0.028198
         885     1.32032    0.969079   0.0281689
         886     1.83123    0.970052   0.0281539
         887     1.77155    0.970955   0.0281367
         888     1.38149    0.971418   0.0281088
         889     1.21012    0.971686   0.0280784
         890     1.70537     0.97251    0.028059
         891     1.75651     0.97339   0.0280413
         892     1.99005     0.97453    0.028033
         893     1.75479    0.975404   0.0280152
         894     1.75004     0.97627   0.0279973
         895     1.27843    0.976608    0.027968
         896     1.02015    0.976656   0.0279369
         897    0.648977    0.976291   0.0279081
         898    0.138032    0.975358   0.0278926
         899    0.376377    0.974691   0.0278696
         900    0.023637    0.973635   0.0278586
         901   -0.450224    0.972054   0.0278725
         902    0.124932    0.971115   0.0278574
         903    0.166017    0.970224   0.0278408
         904   0.0391002    0.969194   0.0278291
         905     0.66649    0.968859   0.0278003
         906     0.66581    0.968525   0.0277717
         907    0.452288    0.967956   0.0277469
         908    0.452119    0.967387   0.0277221
         909    0.404268    0.966768   0.0276986
         910    0.421088    0.966168   0.0276746
         911    0.384901     0.96553   0.0276516
         912    0.164093    0.964651   0.0276352
         913    0.248489    0.963867   0.0276161
         914    0.699545    0.963578   0.0275874
         915    0.618686    0.963201   0.0275598
         916    0.874656    0.963104   0.0275299
         917    0.915942    0.963053   0.0274999
         918    0.926439    0.963013     0.02747
         919    0.827182    0.962865   0.0274405
         920    0.914684    0.962813   0.0274107
         921    0.679208    0.962505   0.0273827
         922      0.5376    0.962044   0.0273569
         923    0.668213    0.961726   0.0273291
         924    0.948159    0.961711   0.0272995
         925    0.624664    0.961347   0.0272724
         926    0.930947    0.961314    0.027243
         927    0.751742    0.961088   0.0272145
         928     1.27011    0.961421   0.0271873
         929     1.32517    0.961812   0.0271608
         930     1.29568    0.962171    0.027134
         931     1.52827    0.962779   0.0271116
         932     1.42416    0.963274   0.0270871
         933     1.25752     0.96359   0.0270599
         934     1.07915    0.963713   0.0270312
         935     1.22155    0.963989   0.0270037
         936     1.23232    0.964276   0.0269764
         937     1.68416    0.965044   0.0269585
         938     1.66285    0.965788     0.02694
         939     1.46017    0.966315   0.0269165
         940     1.20855    0.966572   0.0268891
         941      1.1729    0.966792   0.0268614
         942     1.41666    0.967269   0.0268371
         943     1.36858    0.967695    0.026812
         944     1.56352    0.968326   0.0267911
         945     1.58501    0.968978   0.0267707
         946     1.44744    0.969484   0.0267471
         947     1.34308    0.969879   0.0267218
         948     1.11126    0.970028    0.026694
         949    0.941718    0.969998   0.0266659
         950    0.845374    0.969867   0.0266382
         951     1.00897    0.969908   0.0266102
         952     1.28562     0.97024   0.0265843
         953     1.00483    0.970276   0.0265564
         954    0.838063    0.970137    0.026529
         955     1.17369     0.97035    0.026502
         956     1.19336    0.970584   0.0264754
         957     1.00376    0.970618   0.0264477
         958     1.16926    0.970826   0.0264209
         959     1.06098     0.97092   0.0263935
         960      1.4783    0.971448   0.0263713
         961     1.54128    0.972041   0.0263506
         962      1.4168    0.972504   0.0263272
         963     1.49444    0.973046   0.0263055
         964     1.44105    0.973531   0.0262826
         965     1.49252    0.974069   0.0262609
         966     1.35925    0.974468   0.0262368
         967     1.79852     0.97532   0.0262235
         968     1.13928    0.975489   0.0261969
         969     1.21311    0.975734    0.026171
         970    0.956407    0.975714   0.0261441
         971     1.25321       0.976   0.0261187
         972     1.20427    0.976235   0.0260929
         973    0.892394    0.976149   0.0260662
         974     1.28577    0.976467   0.0260414
         975     1.63628    0.977143   0.0260235
         976     1.67349    0.977857   0.0260066
         977     1.56954    0.978463    0.025987
         978     1.99971    0.979507   0.0259814
         979     1.93953    0.980487   0.0259734
         980     1.48692    0.981004    0.025952
         981     1.88266    0.981923   0.0259418
         982     1.94511    0.982904   0.0259339
         983     1.93026    0.983868   0.0259255
         984     2.13829    0.985041   0.0259256
         985     1.74908    0.985817   0.0259109
         986     1.99915    0.986844    0.025905
         987     1.95194    0.987822   0.0258972
         988     1.83589    0.988681   0.0258852
         989      1.9666    0.989669   0.0258779
         990     1.39251    0.990076    0.025855
         991     1.43152    0.990522   0.0258327
         992     1.67475    0.991212   0.0258159
         993     2.02554    0.992253   0.0258109
         994     1.61596    0.992881   0.0257926
         995     1.70417    0.993595   0.0257766
         996     2.01662    0.994623   0.0257711
         997     1.73688    0.995367    0.025756
         998     1.32024    0.995693   0.0257323
         999     1.39207    0.996089   0.0257096
        1000     1.14186    0.996235   0.0256843
        1001     1.39253    0.996631   0.0256617
        1002     1.46103    0.997095   0.0256403
        1003     1.37285    0.997469   0.0256174
        1004     1.51559    0.997985   0.0255971
        1005     1.26401     0.99825    0.025573
        1006     1.48769    0.998736   0.0255522
        1007     1.90967    0.999641   0.0255428
        1008     1.51559     1.00015   0.0255226
        1009     1.35392      1.0005   0.0254997
        1010     1.04756     1.00055   0.0254745
        1011     1.17012     1.00072   0.0254499
        1012     1.05973     1.00078   0.0254248
        1013    0.839643     1.00062   0.0254002
        1014     1.05271     1.00067   0.0253752
        1015     1.06331     1.00073   0.0253503
        1016     1.19579     1.00092   0.0253261
        1017     1.23314     1.00115   0.0253022
        1018     1.47326     1.00161   0.0252816
        1019     1.42016     1.00203   0.0252601
        1020     1.84851     1.00285    0.025249
        1021     1.71259     1.00355   0.0252338
        1022     1.37209     1.00391   0.0252117
        1023     1.27415     1.00417   0.0251884
        1024     1.26074     1.00443   0.0251651
        1025     1.35032     1.00476   0.0251428
        1026     1.20755     1.00496   0.0251191
        1027     1.37528     1.00532   0.0250972
        1028     1.34483     1.00565    0.025075
        1029     1.29379     1.00593   0.0250522
        1030     1.34212     1.00626     0.02503
        1031     1.18221     1.00643   0.0250063
        1032     1.07322     1.00649   0.0249821
        1033    0.721983     1.00622   0.0249595
        1034     1.02268     1.00623   0.0249353
        1035     1.17913      1.0064   0.0249118
        1036     1.07387     1.00647   0.0248878
        1037    0.976921     1.00644   0.0248638
        1038      1.0258     1.00646   0.0248399
        1039    0.981901     1.00643    0.024816
        1040    0.824478     1.00626   0.0247928
        1041    0.685813     1.00595   0.0247709
        1042    0.749033      1.0057   0.0247483
        1043     1.00338      1.0057   0.0247246
        1044      1.4939     1.00617   0.0247053
        1045     1.67603     1.00681     0.02469
        1046     1.59363     1.00737   0.0246728
        1047     1.40984     1.00775   0.0246522
        1048     1.74011     1.00845   0.0246386
        1049     2.27909     1.00966   0.0246448
        1050     2.18001     1.01078   0.0246466
        1051     2.11244     1.01183   0.0246454
        1052     1.68625     1.01247   0.0246303
        1053     1.52596     1.01296   0.0246117
        1054      1.6669     1.01358   0.0245962
        1055     1.16174     1.01372   0.0245733
        1056     1.46034     1.01414   0.0245537
        1057      1.5438     1.01464   0.0245355
        1058     1.28722      1.0149   0.0245137
        1059     1.19953     1.01507   0.0244912
        1060     1.24685     1.01529    0.024469
        1061     1.59253     1.01584    0.024452
        1062     1.56753     1.01636   0.0244345
        1063     1.26012     1.01658   0.0244126
        1064     1.47848     1.01702   0.0243935
        1065     1.56085     1.01753    0.024376
        1066      1.2958     1.01779   0.0243545
        1067     1.65267     1.01839   0.0243389
        1068     1.45451     1.01879   0.0243196
        1069     1.56959     1.01931   0.0243023
        1070     1.61066     1.01986   0.0242859
        1071     1.42027     1.02024   0.0242661
        1072     1.63902     1.02081   0.0242503
        1073     1.24765     1.02102   0.0242286
        1074     1.43638     1.02141   0.0242091
        1075     1.25452     1.02163   0.0241876
        1076     1.28142     1.02187   0.0241663
        1077     1.44653     1.02226   0.0241471
        1078     1.66843     1.02286   0.0241321
        1079     1.81099     1.02359   0.0241208
        1080     1.62981     1.02415    0.024105
        1081     1.62817     1.02471   0.0240892
        1082     1.93124     1.02555   0.0240815
        1083     1.98577     1.02644   0.0240756
        1084     1.72205     1.02708   0.0240619
        1085     1.94251     1.02792   0.0240545
        1086     1.22664     1.02811   0.0240331
        1087     1.72358     1.02875   0.0240195
        1088     1.73065     1.02939   0.0240061
        1089     1.55517     1.02987   0.0239889
        1090     1.06403     1.02991   0.0239669
        1091     1.17769     1.03004   0.0239453
        1092    0.891697     1.02991   0.0239237
        1093     1.36913     1.03022   0.0239038
        1094    0.956981     1.03016   0.0238821
        1095      1.0085     1.03014   0.0238603
        1096     1.03729     1.03014   0.0238385
        1097    0.939939     1.03006   0.0238169
        1098     1.07285      1.0301   0.0237953
        1099    0.752474     1.02985   0.0237749
        1100    0.731854     1.02958   0.0237549
        1101    0.699831     1.02928   0.0237352
        1102    0.444893     1.02875   0.0237196
        1103     0.37243     1.02815   0.0237055
        1104    0.858861       1.028   0.0236845
        1105    0.959732     1.02794   0.0236632
        1106    0.997915     1.02791   0.0236418
        1107     0.98854     1.02788   0.0236205
        1108     0.89386     1.02775   0.0235995
        1109    0.755727     1.02751   0.0235795
        1110      1.3789     1.02783   0.0235604
        1111     1.42652     1.02818   0.0235419
        1112     1.35392     1.02848   0.0235225
        1113     1.40882     1.02882   0.0235039
        1114     1.54913     1.02929   0.0234874
        1115     1.65634     1.02985   0.0234731
        1116     1.74576     1.03049   0.0234608
        1117      1.5067     1.03092   0.0234437
        1118     1.13281     1.03101   0.0234229
        1119     1.11648     1.03108   0.0234021
        1120     1.31154     1.03133   0.0233825
        1121     1.35819     1.03163   0.0233635
        1122     1.36957     1.03193   0.0233446
        1123     1.63766     1.03247   0.0233301
        1124     1.33334     1.03273   0.0233108
        1125    0.913249     1.03263   0.0232904
        1126    0.926917     1.03253   0.0232699
        1127     0.78725     1.03232   0.0232502
        1128    0.892904     1.03219   0.0232299
        1129    0.621732     1.03183   0.0232122
        1130    0.830243     1.03165   0.0231924
        1131    0.847707     1.03149   0.0231724
        1132    0.670947     1.03117   0.0231541
        1133    0.610626      1.0308   0.0231367
        1134    0.554331     1.03038   0.0231201
        1135     0.74252     1.03012   0.0231011
        1136    0.609778     1.02975   0.0230837
        1137     0.62497      1.0294   0.0230662
        1138    0.401924     1.02885   0.0230525
        1139    0.501384     1.02838   0.0230369
        1140     0.75151     1.02814    0.023018
        1141     1.12007     1.02822    0.022998
        1142     1.59485     1.02872   0.0229832
        1143     1.57216     1.02919    0.022968
        1144     1.75569     1.02983   0.0229567
        1145     1.86569     1.03056   0.0229482
        1146     1.78265     1.03121   0.0229376
        1147      1.5642     1.03168   0.0229223
        1148     1.84248     1.03239   0.0229132
        1149     1.89579     1.03314   0.0229056
        1150     2.20442     1.03416   0.0229083
        1151     1.58182     1.03463   0.0228933
        1152      1.0576     1.03465   0.0228735
        1153     1.19917     1.03479   0.0228541
        1154    0.710857     1.03451    0.022836
        1155    0.739887     1.03426   0.0228177
        1156      1.4378     1.03461   0.0228006
        1157     1.61745     1.03511   0.0227864
        1158     1.42345     1.03545   0.0227692
        1159     1.22942     1.03561   0.0227502
        1160    0.985702     1.03557   0.0227306
        1161    0.789817     1.03536    0.022712
        1162     1.11869     1.03543   0.0226926
        1163     1.25376     1.03562   0.0226739
        1164     1.32176     1.03586   0.0226557
        1165     1.28799     1.03608   0.0226373
        1166     1.11848     1.03615    0.022618
        1167     1.09936     1.03621   0.0225987
        1168     1.58305     1.03667   0.0225842
        1169     1.79767     1.03732   0.0225743
        1170     1.89817     1.03806   0.0225669
        1171     1.88701     1.03879   0.0225593
        1172      1.6675     1.03932   0.0225464
        1173      1.2733     1.03952   0.0225281
        1174     1.31389     1.03976   0.0225101
        1175     1.39692     1.04006    0.022493
        1176     1.78237     1.04069   0.0224828
        1177     1.92764     1.04144   0.0224763
        1178     1.73384     1.04203   0.0224649
        1179     1.38177     1.04232   0.0224477
        1180     1.53211     1.04273   0.0224325
        1181     1.15143     1.04283   0.0224137
        1182     1.23205     1.04299   0.0223953
        1183      1.0345     1.04298   0.0223764
        1184     1.33166     1.04322   0.0223588
        1185     1.20459     1.04336   0.0223403
        1186     1.44494      1.0437   0.0223241
        1187     1.25576     1.04388    0.022306
        1188     1.90259      1.0446   0.0222989
        1189     1.79291     1.04523    0.022289
        1190     1.98434     1.04602   0.0222843
        1191     2.08671     1.04689   0.0222827
        1192     1.77564      1.0475   0.0222724
        1193     1.79857     1.04813   0.0222626
        1194     1.99911     1.04893   0.0222582
        1195     1.87439     1.04962   0.0222503
        1196     2.06216     1.05047   0.0222478
        1197     1.96411     1.05123   0.0222423
        1198     1.82822     1.05188   0.0222332
        1199     1.69155     1.05241    0.022221
        1200     1.70359     1.05296   0.0222091
        1201     1.73758     1.05353    0.022198
        1202     1.44796     1.05385   0.0221819
        1203     1.53463     1.05425   0.0221671
        1204     1.59968     1.05471   0.0221533
        1205     1.37345     1.05497   0.0221365
        1206     1.73136     1.05553   0.0221252
        1207     1.84374     1.05618   0.0221165
        1208     1.64909     1.05668   0.0221037
        1209     1.80995      1.0573   0.0220942
        1210     1.77132     1.05789   0.0220838
        1211     1.90068     1.05858   0.0220765
        1212     1.68537      1.0591   0.0220644
        1213     1.61002     1.05956   0.0220509
        1214     1.80289     1.06017   0.0220412
        1215     1.73428     1.06072     0.02203
        1216     1.57956     1.06115    0.022016
        1217     1.29544     1.06134   0.0219988
        1218     1.51782     1.06172   0.0219839
        1219     2.03712     1.06252   0.0219804
        1220      2.0969     1.06336   0.0219788
        1221     1.56215     1.06377   0.0219646
        1222     1.51626     1.06414   0.0219497
        1223     1.22062     1.06427   0.0219321
        1224     1.35069     1.06451   0.0219155
        1225     1.46872     1.06484   0.0219001
        1226     1.26494       1.065   0.0218828
        1227     1.67003     1.06549   0.0218705
        1228     1.71453     1.06602   0.0218591
        1229     1.51461     1.06639   0.0218444
        1230     1.12529     1.06643   0.0218267
        1231     1.39713      1.0667   0.0218106
        1232     1.24634     1.06685   0.0217934
        1233     1.54092     1.06723   0.0217791
        1234     1.79174     1.06782   0.0217694
        1235     1.64586     1.06829   0.0217568
        1236     1.78218     1.06886   0.0217468
        1237     1.74889     1.06941   0.0217362
        1238     1.83476     1.07003   0.0217274
        1239     1.87419     1.07068   0.0217196
        1240     1.60567     1.07111   0.0217063
        1241     2.02349     1.07188   0.0217024
        1242      1.7411     1.07242   0.0216916
        1243      1.6567     1.07289   0.0216793
        1244      1.5641     1.07328   0.0216654
        1245     1.52076     1.07364    0.021651
        1246     1.36036     1.07387   0.0216349
        1247     1.74697     1.07441   0.0216242
        1248     1.48424     1.07474   0.0216094
        1249      1.3102     1.07493   0.0215929
        1250     1.34399     1.07515   0.0215767
        1251      1.1471      1.0752   0.0215596
        1252     1.43928     1.07549   0.0215443
        1253     1.32997      1.0757   0.0215281
        1254     1.52731     1.07606   0.0215139
        1255     1.56778     1.07645   0.0215003
        1256     1.60318     1.07687   0.0214873
        1257     1.20505     1.07697   0.0214705
        1258    0.913714     1.07684   0.0214538
        1259     0.92128     1.07672   0.0214371
        1260      1.1277     1.07676   0.0214201
        1261     1.25812      1.0769   0.0214036
        1262     1.35861     1.07712   0.0213878
        1263     1.44581     1.07742   0.0213729
        1264      1.1444     1.07747    0.021356
        1265    0.952128     1.07737   0.0213394
        1266    0.876889     1.07721   0.0213231
        1267      1.2482     1.07735   0.0213067
        1268    0.933891     1.07723   0.0212902
        1269     1.08708     1.07724   0.0212734
        1270    0.979545     1.07716   0.0212568
        1271     1.29812     1.07734   0.0212408
        1272     1.19689     1.07743   0.0212243
        1273      1.0289     1.07739   0.0212077
        1274       1.192     1.07748   0.0211912
        1275      1.5443     1.07785   0.0211778
        1276     1.89542     1.07849   0.0211709
        1277     1.90498     1.07914   0.0211642
        1278     1.53902      1.0795   0.0211507
        1279     1.35337     1.07971   0.0211352
        1280     1.30658     1.07989   0.0211194
        1281     1.12049     1.07992    0.021103
        1282     1.34576     1.08013   0.0210875
        1283     1.29524      1.0803   0.0210718
        1284     1.62726     1.08072   0.0210597
        1285      1.3748     1.08095   0.0210445
        1286    0.685271     1.08064   0.0210304
        1287    0.713474     1.08036    0.021016
        1288    0.864943     1.08019   0.0210003
        1289    0.434246     1.07969     0.02099
        1290    0.450391      1.0792   0.0209794
        1291    0.611683     1.07884   0.0209663
        1292    0.608113     1.07848   0.0209532
        1293    0.555178     1.07807   0.0209409
        1294    0.462579      1.0776   0.0209302
        1295    0.685044     1.07729   0.0209162
        1296     1.03586     1.07726   0.0209001
        1297      0.9186     1.07714   0.0208843
        1298     1.03687     1.07711   0.0208683
        1299     1.30566     1.07728   0.0208529
        1300     1.22248     1.07739   0.0208372
        1301     1.00183     1.07734   0.0208213
        1302    0.976987     1.07726   0.0208054
        1303    0.968356     1.07718   0.0207896
        1304     1.07623     1.07718   0.0207737
        1305     1.52795     1.07752   0.0207606
        1306     1.24297     1.07765   0.0207451
        1307     1.01015      1.0776   0.0207293
        1308     1.12697     1.07763   0.0207135
        1309     1.23311     1.07775    0.020698
        1310     1.49105     1.07807   0.0206846
        1311     1.46208     1.07836   0.0206709
        1312     1.47541     1.07866   0.0206574
        1313     1.36201     1.07888   0.0206428
        1314      1.4337     1.07915   0.0206288
        1315     1.56633     1.07952   0.0206165
        1316     1.32765     1.07971   0.0206017
        1317    0.863595     1.07954   0.0205867
        1318     1.10199     1.07956    0.020571
        1319     1.50221     1.07988   0.0205579
        1320     1.45626     1.08017   0.0205444
        1321     1.36478     1.08038   0.0205299
        1322     1.06402     1.08037   0.0205144
        1323    0.707394     1.08009   0.0205008
        1324     1.03266     1.08005   0.0204854
        1325    0.990859     1.07998     0.02047
        1326     1.25787     1.08012    0.020455
        1327     1.31175     1.08029   0.0204404
        1328     1.45377     1.08057   0.0204269
        1329    0.987685      1.0805   0.0204117
        1330    0.990862     1.08044   0.0203964
        1331     1.22151     1.08054   0.0203814
        1332     1.53146     1.08088   0.0203689
        1333     1.78639     1.08141   0.0203605
        1334     1.88825     1.08202   0.0203542
        1335     1.69328     1.08247   0.0203441
        1336     1.44516     1.08275   0.0203307
        1337     1.76436     1.08325   0.0203219
        1338     1.77826     1.08377   0.0203133
        1339     1.73978     1.08426   0.0203041
        1340     1.89098     1.08487   0.0202978
        1341     1.66565      1.0853   0.0202873
        1342     1.74516     1.08579   0.0202781
        1343     1.44343     1.08606   0.0202648
        1344    0.875652      1.0859   0.0202503
        1345     1.26931     1.08604   0.0202357
        1346     1.55947     1.08639   0.0202237
        1347     1.77747      1.0869   0.0202152
        1348     1.64159     1.08731   0.0202044
        1349     1.63246     1.08772   0.0201935
        1350     1.70329     1.08817   0.0201837
        1351     1.54907     1.08851   0.0201716
        1352     1.54827     1.08885   0.0201596
        1353     1.71187     1.08932   0.0201499
        1354     1.58345     1.08968   0.0201384
        1355     1.51294     1.08999   0.0201259
        1356     1.14047     1.09003   0.0201111
        1357     1.22108     1.09013   0.0200965
        1358     0.99308     1.09005   0.0200818
        1359    0.995269     1.08999   0.0200672
        1360    0.843864      1.0898   0.0200533
        1361    0.656028     1.08949   0.0200411
        1362    0.912146     1.08936   0.0200268
        1363    0.737675      1.0891   0.0200137
        1364     1.05005     1.08907   0.0199991
        1365      1.1675     1.08913   0.0199845
        1366      1.1734     1.08919     0.01997
        1367    0.989208     1.08911   0.0199555
        1368    0.677272     1.08881   0.0199432
        1369    0.822693     1.08862   0.0199296
        1370    0.741286     1.08837   0.0199166
        1371     1.00145      1.0883   0.0199022
        1372     1.04406     1.08827   0.0198877
        1373     1.19937     1.08835   0.0198734
        1374      1.3785     1.08856   0.0198601
        1375     1.52782     1.08888   0.0198482
        1376     2.06748     1.08959   0.0198465
        1377     1.78622      1.0901   0.0198385
        1378     2.23987     1.09093   0.0198417
        1379     1.97303     1.09157   0.0198376
        1380     1.64251     1.09197   0.0198272
        1381     1.33381     1.09215   0.0198137
        1382     1.06651     1.09213   0.0197993
        1383     1.05557      1.0921    0.019785
        1384     1.05288     1.09207   0.0197707
        1385    0.720099     1.09181   0.0197583
        1386     1.02894     1.09176   0.0197441
        1387     1.00255      1.0917     0.01973
        1388     1.09063     1.09169   0.0197158
        1389     1.19357     1.09177   0.0197017
        1390       1.277      1.0919    0.019688
        1391     1.71692     1.09235   0.0196789
        1392     1.34956     1.09254   0.0196657
        1393    0.844774     1.09236   0.0196524
        1394     1.10351     1.09237   0.0196383
        1395     1.40015     1.09259   0.0196254
        1396     1.04544     1.09255   0.0196114
        1397     1.04718     1.09252   0.0195974
        1398     1.33203     1.09269   0.0195841
        1399     1.18727     1.09276   0.0195702
        1400    0.761384     1.09252   0.0195577
        1401      1.2741     1.09265   0.0195442
        1402    0.971217     1.09257   0.0195304
        1403       1.018     1.09251   0.0195166
        1404     1.31806     1.09267   0.0195033
        1405      1.7045     1.09311   0.0194943
        1406     1.71121     1.09355   0.0194854
        1407     1.64419     1.09394   0.0194755
        1408     1.64464     1.09433   0.0194656
        1409     1.99501     1.09497   0.0194622
        1410     1.91221     1.09555   0.0194571
        1411     1.81688     1.09606     0.01945
        1412     1.61849     1.09643   0.0194397
        1413     1.71991     1.09687    0.019431
        1414     2.09412     1.09758     0.01943
        1415     2.23264     1.09838   0.0194329
        1416     2.15778     1.09913   0.0194335
        1417      1.8544     1.09966   0.0194271
        1418      1.7574     1.10012    0.019419
        1419     1.39717     1.10033   0.0194064
        1420     1.35704     1.10051   0.0193936
        1421     1.48466     1.10078   0.0193818
        1422     1.38029     1.10098   0.0193692
        1423     1.80303     1.10147   0.0193619
        1424     1.84615       1.102   0.0193553
        1425     1.49092     1.10227   0.0193437
        1426      1.2907      1.1024   0.0193305
        1427      1.7018     1.10282   0.0193216
        1428     1.38635     1.10302   0.0193091
        1429     1.62859     1.10339    0.019299
        1430     1.34379     1.10356   0.0192863
        1431     1.45014      1.1038   0.0192743
        1432      1.1462     1.10383   0.0192609
        1433     1.08998     1.10382   0.0192474
        1434     1.23101     1.10391   0.0192342
        1435    0.910835     1.10377   0.0192213
        1436     1.11357     1.10378   0.0192079
        1437     1.16925     1.10383   0.0191946
        1438     1.49091     1.10409   0.0191831
        1439      1.2457     1.10419   0.0191701
        1440      1.0603     1.10416   0.0191568
        1441     1.05643     1.10413   0.0191435
        1442     1.52209     1.10442   0.0191324
        1443     1.06522     1.10439   0.0191192
        1444     0.82849      1.1042   0.0191069
        1445    0.958064      1.1041   0.0190939
        1446     1.71709     1.10452   0.0190854
        1447      1.6098     1.10487   0.0190755
        1448     1.71861      1.1053    0.019067
        1449     1.68352      1.1057    0.019058
        1450     1.47352     1.10595   0.0190465
        1451     1.44213     1.10618   0.0190348
        1452     1.35398     1.10635   0.0190225
        1453      1.1742      1.1064   0.0190095
        1454    0.973063     1.10631   0.0189966
        1455      1.1818     1.10636   0.0189836
        1456     1.20353     1.10643   0.0189707
        1457      1.4987     1.10669   0.0189596
        1458      1.5832     1.10702   0.0189494
        1459      1.2508     1.10712   0.0189367
        1460    0.949137     1.10701    0.018924
        1461    0.784418     1.10679   0.0189123
        1462    0.881468     1.10664      0.0189
        1463    0.926938     1.10651   0.0188875
        1464     1.18969     1.10657   0.0188747
        1465     1.27733     1.10669   0.0188622
        1466     1.13939     1.10671   0.0188493
        1467     1.33265     1.10686   0.0188371
        1468    0.924933     1.10674   0.0188247
        1469     1.43508     1.10696   0.0188132
        1470     1.31141      1.1071   0.0188009
        1471     1.38452     1.10729   0.0187891
        1472     1.65741     1.10766     0.01878
        1473     1.84621     1.10817    0.018774
        1474     1.39647     1.10836   0.0187622
        1475      1.9217     1.10891   0.0187576
        1476      2.1238      1.1096   0.0187575
        1477     1.71506     1.11001   0.0187493
        1478     2.09029     1.11067   0.0187483
        1479     2.16718     1.11139   0.0187493
        1480     2.47789     1.11231   0.0187593
        1481     2.57071      1.1133   0.0187725
        1482     2.32038     1.11411   0.0187775
        1483     1.77209     1.11455     0.01877
        1484     1.35728     1.11472   0.0187581
        1485     1.69743     1.11511   0.0187496
        1486     1.41726     1.11531   0.0187381
        1487     1.59909     1.11564   0.0187283
        1488     1.46133     1.11587   0.0187171
        1489     1.49106     1.11612   0.0187063
        1490      1.7492     1.11655   0.0186985
        1491     1.20562     1.11661   0.0186861
        1492    0.957798      1.1165   0.0186739
        1493    0.996404     1.11642   0.0186615
        1494     1.38696      1.1166   0.0186499
        1495     1.48314     1.11685   0.0186391
        1496     1.27974     1.11696   0.0186269
        1497     1.15866     1.11698   0.0186145
        1498    0.918361     1.11685   0.0186025
        1499     0.89232      1.1167   0.0185907
        1500    0.505379     1.11629   0.0185828
        1501    0.690841     1.11601   0.0185726
        1502    0.886199     1.11586   0.0185609
        1503     1.06984     1.11583   0.0185485
        1504     1.61882     1.11616   0.0185392
        1505     2.20032     1.11688   0.0185409
        1506     2.13747     1.11756    0.018541
        1507      1.9553     1.11812    0.018537
        1508     1.38894      1.1183   0.0185256
        1509     1.53398     1.11857   0.0185153
        1510     1.32787     1.11871   0.0185036
        1511     1.40559      1.1189   0.0184923
        1512     1.77477     1.11933   0.0184852
        1513       1.471     1.11957   0.0184744
        1514     1.30925     1.11969   0.0184626
        1515     1.38803     1.11987   0.0184513
        1516     1.41033     1.12006   0.0184401
        1517     1.22553     1.12013   0.0184281
        1518    0.823474     1.11993    0.018417
        1519    0.975198     1.11984   0.0184051
        1520    0.951686     1.11973   0.0183934
        1521     1.17442     1.11976   0.0183813
        1522     1.44711     1.11998   0.0183705
        1523     1.74347     1.12039    0.018363
        1524     1.75354      1.1208   0.0183556
        1525     1.70905     1.12119   0.0183476
        1526      1.2057     1.12124   0.0183357
        1527     0.98612     1.12116   0.0183239
        1528    0.800839     1.12095   0.0183131
        1529    0.918096     1.12081   0.0183016
        1530    0.887238     1.12066   0.0182903
        1531    0.953358     1.12055   0.0182787
        1532     1.10527     1.12054   0.0182667
        1533      1.0912     1.12052   0.0182548
        1534     1.38516      1.1207   0.0182438
        1535     1.57452     1.12099   0.0182343
        1536     1.63622     1.12133   0.0182255
        1537     1.28884     1.12144   0.0182139
        1538     1.73879     1.12184   0.0182065
        1539     1.41038     1.12202   0.0181957
        1540     1.80667     1.12247   0.0181893
        1541      1.7198     1.12286   0.0181816
        1542      1.5838     1.12316   0.0181723
        1543     1.80798      1.1236   0.0181659
        1544     2.07654     1.12422   0.0181646
        1545     2.00286     1.12479   0.0181618
        1546     1.50628     1.12503   0.0181517
        1547     1.29803     1.12514   0.0181403
        1548     1.57314     1.12543   0.0181309
        1549     1.71082     1.12581   0.0181231
        1550     1.77819     1.12623   0.0181163
        1551     1.51533     1.12648   0.0181064
        1552      1.5854     1.12678   0.0180971
        1553     1.71946     1.12716   0.0180895
        1554      1.4417     1.12736    0.018079
        1555     1.61436     1.12768   0.0180701
        1556     1.91173     1.12818   0.0180655
        1557     1.95899     1.12871   0.0180618
        1558        2.11     1.12934   0.0180611
        1559      1.8751     1.12982   0.0180559
        1560     1.94454     1.13034   0.0180519
        1561     2.16229       1.131   0.0180524
        1562     1.98527     1.13155   0.0180491
        1563     2.04968     1.13214   0.0180471
        1564     1.93196     1.13265   0.0180428
        1565     2.19145     1.13333    0.018044
        1566     2.47729     1.13419   0.0180529
        1567     2.45788     1.13503   0.0180611
        1568     2.23199     1.13573   0.0180631
        1569     2.46725     1.13658   0.0180715
        1570     2.46678     1.13743   0.0180799
        1571      2.1271     1.13806   0.0180793
        1572     1.91149     1.13855   0.0180745
        1573     1.92995     1.13905   0.0180701
        1574     1.78202     1.13946   0.0180632
        1575     1.77358     1.13986   0.0180562
        1576     1.78949     1.14027   0.0180495
        1577     1.53668     1.14053   0.0180398
        1578     1.46717     1.14073   0.0180295
        1579     1.22795     1.14079   0.0180182
        1580     1.32502      1.1409   0.0180072
        1581     1.94249     1.14141   0.0180029
        1582     1.50821     1.14164    0.017993
        1583      1.3426     1.14177   0.0179821
        1584     1.09091     1.14174   0.0179708
        1585    0.820243     1.14153   0.0179606
        1586    0.990534     1.14144   0.0179495
        1587    0.912728      1.1413   0.0179388
        1588    0.958287     1.14118   0.0179278
        1589    0.974245     1.14108   0.0179169
        1590     1.04277     1.14101   0.0179057
        1591     1.09251     1.14098   0.0178945
        1592     1.21072     1.14103   0.0178833
        1593     0.61243     1.14069   0.0178751
        1594    0.681826     1.14041   0.0178663
        1595    0.581259     1.14006   0.0178585
        1596     1.49796     1.14028   0.0178487
        1597     1.71967     1.14064   0.0178412
        1598     1.71661       1.141   0.0178337
        1599     1.18938     1.14103   0.0178226
        1600     1.06501     1.14099   0.0178115
        1601      1.0542     1.14093   0.0178004
        1602     1.18583     1.14096   0.0177894
        1603     1.12327     1.14095   0.0177783
        1604      1.0244     1.14088   0.0177673
        1605     1.10933     1.14086   0.0177563
        1606     1.22598     1.14091   0.0177453
        1607     1.75458     1.14129   0.0177384
        1608     1.61883     1.14159   0.0177298
        1609     1.39626     1.14175   0.0177195
        1610     2.16117     1.14238   0.0177198
        1611     2.33301     1.14312   0.0177242
        1612     1.93449     1.14361     0.01772
        1613     1.79261     1.14401   0.0177136
        1614     1.81985     1.14443   0.0177076
        1615     1.65533     1.14475   0.0176994
        1616     1.82553     1.14517   0.0176935
        1617     1.75465     1.14555   0.0176866
        1618     2.02077     1.14609   0.0176839
        1619     2.41177     1.14687   0.0176902
        1620     2.23505     1.14754   0.0176921
        1621     2.49914     1.14837   0.0177008
        1622     2.56024     1.14924   0.0177113
        1623     2.26459     1.14993   0.0177137
        1624     1.56264     1.15019   0.0177046
        1625     1.89226     1.15064   0.0176996
        1626     1.62797     1.15094   0.0176911
        1627     1.67699     1.15126   0.0176832
        1628     2.07104     1.15182   0.0176814
        1629     1.92589      1.1523   0.0176769
        1630     1.48161      1.1525   0.0176672
        1631     1.36126     1.15263   0.0176569
        1632     1.33619     1.15274   0.0176464
        1633     1.59656     1.15301   0.0176377
        1634     1.41396     1.15317   0.0176276
        1635     1.58903     1.15344   0.0176189
        1636     1.82557     1.15385   0.0176129
        1637     1.52925     1.15408   0.0176036
        1638      1.7741     1.15446   0.0175969
        1639     1.88801     1.15491   0.0175919
        1640     1.98945     1.15542   0.0175885
        1641       2.172     1.15603   0.0175887
        1642     2.22845     1.15669   0.0175901
        1643     2.35014     1.15741   0.0175944
        1644     1.90786     1.15787   0.0175896
        1645     2.13426     1.15846   0.0175889
        1646     2.15462     1.15907   0.0175887
        1647      1.7033      1.1594   0.0175811
        1648     1.98585      1.1599   0.0175776
        1649      1.8954     1.16035   0.0175726
        1650     2.17749     1.16096   0.0175727
        1651     1.99998     1.16147   0.0175694
        1652     1.70987      1.1618   0.0175619
        1653     1.95401     1.16228   0.0175578
        1654     2.12888     1.16287   0.0175569
        1655      2.6298     1.16375   0.0175687
        1656     2.07299      1.1643   0.0175667
        1657     1.67207     1.16461   0.0175587
        1658      2.0232     1.16513   0.0175558
        1659     2.30953     1.16582   0.0175587
        1660     2.44778     1.16659   0.0175651
        1661     2.27255     1.16726   0.0175672
        1662     2.29569     1.16793   0.0175697
        1663     2.04902     1.16846   0.0175671
        1664     1.86678     1.16888   0.0175616
        1665     1.71857     1.16921   0.0175542
        1666     1.63846      1.1695   0.0175459
        1667     1.38026     1.16962   0.0175358
        1668     1.13771      1.1696   0.0175253
        1669     1.11657     1.16957   0.0175148
        1670     1.29315     1.16965   0.0175045
        1671     1.38929     1.16978   0.0174945
        1672     1.66075     1.17007   0.0174865
        1673      2.0071     1.17057   0.0174832
        1674     2.33125     1.17126   0.0174865
        1675     2.16393     1.17186   0.0174861
        1676     1.85176     1.17226   0.0174804
        1677     1.79594     1.17263   0.0174739
        1678     1.50136     1.17283   0.0174646
        1679     1.68188     1.17313   0.0174568
        1680      1.3598     1.17324   0.0174468
        1681     1.94854     1.17371   0.0174425
        1682     1.44753     1.17387   0.0174329
        1683     1.20004     1.17388   0.0174226
        1684     1.83005     1.17427   0.0174166
        1685     1.91145     1.17471   0.0174117
        1686     1.58899     1.17496   0.0174031
        1687     1.81608     1.17534    0.017397
        1688     1.62249      1.1756   0.0173887
        1689     1.31411     1.17568   0.0173786
        1690     1.40628     1.17582   0.0173688
        1691     1.17465     1.17582   0.0173586
        1692     1.42801     1.17597   0.0173489
        1693     1.01923     1.17588   0.0173389
        1694     1.25533     1.17592   0.0173288
        1695     1.17594     1.17592   0.0173185
        1696     1.52693     1.17613   0.0173096
        1697     1.34479     1.17623   0.0172997
        1698    0.895535     1.17606   0.0172903
        1699    0.957638     1.17594   0.0172806
        1700     1.08025     1.17588   0.0172705
        1701    0.925663     1.17573    0.017261
        1702    0.659522     1.17543   0.0172535
        1703    0.857928     1.17524   0.0172444
        1704    0.757154       1.175    0.017236
        1705    0.747487     1.17475   0.0172277
        1706    0.978882     1.17463    0.017218
        1707    0.957543      1.1745   0.0172084
        1708    0.954472     1.17438   0.0171988
        1709    0.762646     1.17413   0.0171904
        1710    0.737518     1.17388   0.0171822
        1711    0.930899     1.17374   0.0171728
        1712     1.06216     1.17367   0.0171629
        1713    0.837448     1.17348    0.017154
        1714    0.937052     1.17334   0.0171445
        1715     1.13826     1.17332   0.0171345
        1716     1.59558     1.17356   0.0171263
        1717      1.7736     1.17391   0.0171199
        1718     1.66947      1.1742   0.0171124
        1719     1.55466     1.17442   0.0171039
        1720     1.35549     1.17453   0.0170942
        1721     1.23598     1.17456   0.0170843
        1722     1.06587      1.1745   0.0170745
        1723     1.18816     1.17451   0.0170646
        1724    0.896186     1.17435   0.0170555
        1725    0.894447     1.17418   0.0170464
        1726     0.61427     1.17386   0.0170396
        1727    0.908098     1.17371   0.0170304
        1728     1.00593     1.17361   0.0170208
        1729     1.01718     1.17352   0.0170112
        1730    0.894252     1.17336   0.0170022
        1731    0.836588     1.17316   0.0169935
        1732    0.776697     1.17293   0.0169852
        1733    0.757958     1.17269   0.0169771
        1734     1.20414     1.17271   0.0169673
        1735     1.52682     1.17292   0.0169587
        1736     1.49547      1.1731     0.01695
        1737     1.67035     1.17339   0.0169426
        1738     1.63408     1.17365    0.016935
        1739      1.8657     1.17405   0.0169299
        1740     1.43795      1.1742   0.0169209
        1741     1.36572     1.17431   0.0169115
        1742      1.2808     1.17437   0.0169019
        1743     1.02616     1.17429   0.0168924
        1744     1.24509     1.17433   0.0168828
        1745     1.25529     1.17438   0.0168732
        1746     1.46448     1.17454   0.0168643
        1747     1.27143      1.1746   0.0168548
        1748     1.21271     1.17462   0.0168451
        1749     1.21021     1.17464   0.0168355
        1750     1.43933     1.17479   0.0168266
        1751     1.29593     1.17486   0.0168171
        1752     1.38769     1.17498   0.0168079
        1753     1.55627      1.1752   0.0167998
        1754     1.38172     1.17532   0.0167906
        1755     1.40895     1.17545   0.0167816
        1756     1.29244     1.17552   0.0167721
        1757     1.03843     1.17544   0.0167628
        1758    0.850119     1.17525   0.0167543
        1759    0.708324     1.17499   0.0167468
        1760     1.04678     1.17492   0.0167375
        1761    0.750918     1.17468   0.0167297
        1762    0.804849     1.17447   0.0167215
        1763    0.921982     1.17432   0.0167127
        1764     1.10568     1.17428   0.0167032
        1765    0.940675     1.17415   0.0166943
        1766     1.03941     1.17407    0.016685
        1767      1.4101     1.17421   0.0166761
        1768     1.19796     1.17422   0.0166667
        1769     1.10613     1.17418   0.0166573
        1770    0.971568     1.17407   0.0166483
        1771     1.23796      1.1741   0.0166389
        1772     1.25208     1.17415   0.0166296
        1773     1.44351      1.1743   0.0166209
        1774     1.20077     1.17432   0.0166115
        1775     1.45604     1.17447   0.0166029
        1776      1.7703     1.17481    0.016597
        1777     1.88222     1.17521   0.0165924
        1778     1.40256     1.17534   0.0165836
        1779     1.28341      1.1754   0.0165744
        1780     1.58026     1.17562   0.0165666
        1781     1.33049     1.17571   0.0165575
        1782     1.56979     1.17593   0.0165497
        1783     1.34463     1.17603   0.0165407
        1784      1.1417     1.17601   0.0165315
        1785      1.1901     1.17602   0.0165222
        1786     1.36872     1.17612   0.0165133
        1787     1.17736     1.17612   0.0165041
        1788     1.42055     1.17626   0.0164954
        1789     1.70809     1.17656   0.0164888
        1790     1.25367      1.1766   0.0164797
        1791     1.03765     1.17652   0.0164707
        1792     1.17132     1.17652   0.0164615
        1793     0.91393     1.17637    0.016453
        1794     0.84384     1.17619   0.0164448
        1795    0.279975     1.17569   0.0164432
        1796    0.931844     1.17555   0.0164346
        1797    0.860606     1.17538   0.0164264
        1798    0.787564     1.17516   0.0164187
        1799     1.15769     1.17515   0.0164096
        1800     1.50601     1.17534   0.0164015
        1801     1.32652     1.17542   0.0163926
        1802      1.6386     1.17568   0.0163855
        1803     1.44261     1.17583   0.0163771
        1804     1.67237      1.1761   0.0163703
        1805     2.10719     1.17662   0.0163694
        1806     2.27127     1.17722   0.0163716
        1807     1.76223     1.17755   0.0163657
        1808     1.80254     1.17789   0.0163603
        1809     1.11064     1.17786   0.0163513
        1810     1.18723     1.17786   0.0163423
        1811     1.06118      1.1778   0.0163334
        1812     1.04384     1.17772   0.0163245
        1813     1.35314     1.17782   0.0163158
        1814     1.48133     1.17799   0.0163077
        1815      1.8476     1.17835   0.0163029
        1816     1.71854     1.17865   0.0162966
        1817     1.69121     1.17893   0.0162901
        1818     1.41652     1.17907   0.0162816
        1819     1.40038     1.17919   0.0162731
        1820     1.51149     1.17937   0.0162652
        1821     1.26321     1.17942   0.0162563
        1822     1.13775     1.17939   0.0162474
        1823     1.43476     1.17953   0.0162391
        1824     1.58557     1.17976   0.0162318
        1825     2.32603     1.18038    0.016235
        1826     2.22949     1.18096   0.0162363
        1827     2.21133     1.18152   0.0162372
        1828     1.80614     1.18186   0.0162319
        1829     2.29238     1.18247   0.0162344
        1830     2.29269     1.18308   0.0162368
        1831     2.21309     1.18364   0.0162377
        1832     2.43493     1.18432   0.0162432
        1833     2.38637     1.18498   0.0162476
        1834     2.13603      1.1855    0.016247
        1835     1.98521     1.18593    0.016244
        1836     1.93773     1.18634   0.0162403
        1837     1.91424     1.18674   0.0162363
        1838     1.75085     1.18705   0.0162303
        1839     1.97005     1.18747   0.0162271
        1840     2.20753     1.18803   0.0162278
        1841     2.50037     1.18874   0.0162346
        1842     2.29695     1.18934   0.0162369
        1843     2.04361      1.1898   0.0162347
        1844     1.83128     1.19015   0.0162296
        1845     1.88978     1.19053   0.0162253
        1846     1.91107     1.19092   0.0162212
        1847     2.20217     1.19147   0.0162216
        1848     2.47838     1.19217   0.0162278
        1849     1.98383     1.19259   0.0162247
        1850     1.76386      1.1929   0.0162188
        1851     1.75534     1.19321   0.0162129
        1852     1.71936     1.19349   0.0162067
        1853     1.30918     1.19355    0.016198
        1854     1.20965     1.19356   0.0161893
        1855     1.13616     1.19353   0.0161806
        1856     1.14587      1.1935   0.0161719
        1857     1.51828     1.19368   0.0161641
        1858      1.5132     1.19385   0.0161564
        1859      1.5974     1.19407   0.0161491
        1860      1.5502     1.19426   0.0161416
        1861      1.3387     1.19434   0.0161331
        1862     1.12259      1.1943   0.0161245
        1863     1.30747     1.19436   0.0161159
        1864     1.60284     1.19458   0.0161088
        1865     1.53309     1.19476   0.0161012
        1866     1.10448     1.19471   0.0160926
        1867     1.65041     1.19496   0.0160858
        1868     1.42785     1.19508   0.0160777
        1869      1.3933     1.19519   0.0160695
        1870     1.01682     1.19509   0.0160611
        1871     1.30616     1.19515   0.0160527
        1872     1.08483     1.19509   0.0160442
        1873     1.29294     1.19514   0.0160357
        1874      1.5444     1.19533   0.0160282
        1875     1.91272     1.19571   0.0160243
        1876     1.98095     1.19613   0.0160212
        1877     2.31455     1.19673   0.0160237
        1878     1.42553     1.19685   0.0160157
        1879     1.27493     1.19689   0.0160072
        1880     1.46675     1.19703   0.0159993
        1881     1.46084     1.19717   0.0159914
        1882     1.00927     1.19707   0.0159832
        1883     1.29754     1.19713   0.0159748
        1884     1.54627     1.19731   0.0159674
        1885     1.56963     1.19751   0.0159602
        1886     1.67207     1.19776   0.0159537
        1887     1.40041     1.19787   0.0159456
        1888    0.704682     1.19761   0.0159393
        1889    0.661499     1.19733   0.0159334
        1890    0.859748     1.19715    0.015926
        1891     1.42881     1.19727    0.015918
        1892     1.37875     1.19736   0.0159099
        1893    0.894525      1.1972   0.0159023
        1894     1.22413     1.19722   0.0158939
        1895     1.24449     1.19724   0.0158855
        1896     1.52398     1.19742   0.0158781
        1897     1.23883     1.19744   0.0158697
        1898     1.01428     1.19734   0.0158617
        1899     1.30146      1.1974   0.0158534
        1900     1.16356     1.19738   0.0158451
        1901     1.02682     1.19729    0.015837
        1902     1.02284      1.1972   0.0158289
        1903    0.751902     1.19696   0.0158223
        1904    0.969425     1.19684   0.0158145
        1905     1.13447     1.19681   0.0158062
        1906      1.2293     1.19683   0.0157979
        1907    0.823835     1.19663   0.0157909
        1908     1.03947     1.19655   0.0157828
        1909    0.659571     1.19627    0.015777
        1910     1.07892     1.19621   0.0157689
        1911    0.966644     1.19609   0.0157611
        1912     1.02255       1.196   0.0157531
        1913    0.965386     1.19588   0.0157454
        1914     1.19896     1.19588   0.0157371
        1915     1.31274     1.19594    0.015729
        1916     1.03094     1.19585   0.0157211
        1917    0.550362     1.19552   0.0157165
        1918     0.38286     1.19509    0.015714
        1919    0.264684     1.19461   0.0157133
        1920    0.437629     1.19421     0.01571
        1921     0.69305     1.19395    0.015704
        1922    0.894794      1.1938   0.0156966
        1923    0.321656     1.19334    0.015695
        1924    0.689491     1.19308    0.015689
        1925     1.39338     1.19319   0.0156812
        1926      1.3031     1.19324   0.0156732
        1927     1.77447     1.19354    0.015668
        1928     1.61519     1.19376   0.0156614
        1929     1.26437      1.1938   0.0156533
        1930     1.11029     1.19376   0.0156452
        1931     1.12007     1.19372   0.0156372
        1932    0.873321     1.19355     0.01563
        1933     1.02916     1.19347   0.0156221
        1934      1.0635      1.1934   0.0156142
        1935    0.653184     1.19312   0.0156086
        1936    0.807142     1.19292   0.0156018
        1937    0.626953     1.19263   0.0155965
        1938    0.877264     1.19247   0.0155893
        1939     1.40982     1.19258   0.0155817
        1940     1.53844     1.19276   0.0155746
        1941     1.26175     1.19279   0.0155667
        1942        0.76     1.19257   0.0155602
        1943     0.73482     1.19233    0.015554
        1944     0.94606     1.19221   0.0155465
        1945     1.03974     1.19213   0.0155387
        1946     1.13674      1.1921   0.0155308
        1947      1.3049     1.19216   0.0155229
        1948     1.66027      1.1924   0.0155168
        1949     1.10874     1.19236   0.0155089
        1950    0.978026     1.19225   0.0155013
        1951     1.24865     1.19227   0.0154934
        1952    0.922343     1.19214   0.0154861
        1953    0.839011     1.19196   0.0154792
        1954    0.846547     1.19178   0.0154723
        1955    0.257899      1.1913   0.0154718
        1956    0.586692     1.19099   0.0154669
        1957    0.497705     1.19064   0.0154631
        1958    0.373324     1.19022   0.0154608
        1959     1.01396     1.19013   0.0154532
        1960     0.84036     1.18995   0.0154463
        1961    0.747255     1.18973   0.0154401
        1962    0.973587     1.18962   0.0154326
        1963       1.211     1.18963   0.0154248
        1964     1.22404     1.18964   0.0154169
        1965     1.07373     1.18959   0.0154092
        1966     1.31482     1.18965   0.0154015
        1967     1.25309     1.18968   0.0153937
        1968     1.40647     1.18979   0.0153863
        1969     1.08445     1.18974   0.0153786
        1970     0.83637     1.18956   0.0153718
        1971     1.14909     1.18954    0.015364
        1972     1.30766      1.1896   0.0153563
        1973     1.05829     1.18953   0.0153487
        1974     1.04711     1.18946   0.0153411
        1975    0.644874     1.18918   0.0153358
        1976    0.662081     1.18892   0.0153304
        1977     1.09899     1.18887   0.0153227
        1978     1.25318      1.1889    0.015315
        1979     1.43327     1.18903   0.0153077
        1980     1.01489     1.18894   0.0153002
        1981     1.08175     1.18888   0.0152926
        1982    0.749597     1.18866   0.0152865
        1983     0.82571     1.18848   0.0152799
        1984     1.25654     1.18851   0.0152722
        1985     1.42758     1.18864    0.015265
        1986     1.55741     1.18882   0.0152585
        1987     1.20132     1.18883   0.0152508
        1988     0.94648     1.18871   0.0152436
        1989    0.803867     1.18851   0.0152372
        1990    0.727646     1.18828   0.0152313
        1991     1.11156     1.18824   0.0152237
        1992      1.2686     1.18828   0.0152161
        1993      1.3736     1.18837   0.0152087
        1994     1.16932     1.18837   0.0152011
        1995     1.42134     1.18848   0.0151939
        1996      1.1336     1.18845   0.0151863
        1997     1.11082     1.18842   0.0151788
        1998     1.33162     1.18849   0.0151713
        1999     1.51313     1.18865   0.0151646
        2000      1.5054     1.18881   0.0151579
