#     BLOCK:   ACTUAL_P:     P_AVE:       ERROR:       P_TAIL=-0.855522
           1     1.43405     1.43405           0
           2     1.32736     1.38071   0.0377196
           3     1.30117     1.35419    0.033181
           4     1.28475     1.33683    0.029075
           5     1.24429     1.31832   0.0285497
           6     1.38988     1.33025   0.0261643
           7     1.49868     1.35431   0.0316103
           8     1.38212     1.35779   0.0278495
           9     1.47302     1.37059   0.0275417
          10     1.43995     1.37753   0.0256461
          11     1.44421     1.38359   0.0240205
          12     1.41856      1.3865   0.0221948
          13      1.4007      1.3876   0.0205144
          14     1.46945     1.39344   0.0198648
          15     1.31905     1.38848   0.0191496
          16      1.3344      1.3851   0.0182486
          17     1.45969     1.38949   0.0176948
          18     1.27378     1.38306   0.0178412
          19     1.32713     1.38012   0.0171434
          20     1.36719     1.37947   0.0162984
          21     1.39731     1.38032   0.0155444
          22     1.37847     1.38024   0.0148381
          23     1.53743     1.38707   0.0156882
          24     1.34977     1.38552   0.0151113
          25     1.36573     1.38473   0.0145276
          26     1.46146     1.38768   0.0142654
          27     1.49843     1.39178   0.0143147
          28     1.47659     1.39481   0.0141203
          29     1.40912      1.3953    0.013642
          30     1.34905     1.39376   0.0132741
          31     1.39208     1.39371    0.012846
          32     1.57702     1.39943   0.0136623
          33     1.34723     1.39785   0.0133396
          34     1.34285     1.39623    0.013045
          35     1.42983     1.39719   0.0127075
          36     1.36338     1.39625   0.0123892
          37     1.28785     1.39332    0.012396
          38     1.32343     1.39149   0.0122055
          39     1.30351     1.38923   0.0120992
          40     1.25335     1.38583   0.0122643
          41     1.43312     1.38699   0.0120193
          42     1.36561     1.38648   0.0117439
          43     1.36926     1.38608   0.0114776
          44     1.39017     1.38617   0.0112171
          45     1.50863     1.38889   0.0112931
          46     1.42441     1.38966    0.011074
          47     1.27289     1.38718   0.0111136
          48     1.37323     1.38689   0.0108858
          49     1.36792      1.3865   0.0106706
          50     1.38749     1.38652   0.0104572
          51     1.34482      1.3857   0.0102841
          52     1.38311     1.38565   0.0100864
          53     1.47697     1.38738   0.0100422
          54     1.41322     1.38785   0.0098676
          55     1.38171     1.38774  0.00968882
          56     1.36961     1.38742  0.00952122
          57     1.43839     1.38831  0.00939607
          58      1.4259     1.38896   0.0092564
          59     1.33297     1.38801  0.00914803
          60     1.46199     1.38925  0.00907827
          61      1.4134     1.38964  0.00893807
          62      1.3789     1.38947  0.00879559
          63     1.22526     1.38686  0.00903394
          64     1.44556     1.38778  0.00893922
          65     1.35975     1.38735  0.00881208
          66     1.42454     1.38791  0.00869656
          67     1.46424     1.38905  0.00864105
          68     1.53275     1.39116  0.00876858
          69     1.42589     1.39167  0.00865593
          70     1.42002     1.39207  0.00854174
          71     1.44156     1.39277  0.00844983
          72      1.4799     1.39398  0.00841868
          73     1.14184     1.39052  0.00898401
          74     1.43428     1.39112  0.00888205
          75      1.5803     1.39364  0.00911475
          76     1.37151     1.39335  0.00899947
          77     1.41944     1.39369  0.00888897
          78     1.43346      1.3942  0.00878963
          79     1.39664     1.39423  0.00867842
          80      1.3827     1.39408  0.00857113
          81     1.46894     1.39501  0.00851499
          82     1.42309     1.39535  0.00841803
          83     1.42087     1.39566  0.00832222
          84     1.44623     1.39626   0.0082449
          85     1.37655     1.39603  0.00815116
          86      1.3548     1.39555  0.00807046
          87     1.44974     1.39617   0.0080017
          88     1.49256     1.39727   0.0079854
          89     1.28348     1.39599  0.00799737
          90     1.26333     1.39451  0.00804318
          91     1.36429     1.39418  0.00796165
          92     1.39961     1.39424  0.00787533
          93     1.39287     1.39423  0.00779066
          94     1.33803     1.39363  0.00773069
          95     1.39002     1.39359  0.00764941
          96     1.30903     1.39271  0.00762027
          97     1.49607     1.39377  0.00761584
          98     1.35935     1.39342  0.00754623
          99     1.30093     1.39249  0.00752762
         100      1.2697     1.39126  0.00755183
         101     1.40674     1.39141  0.00747862
         102     1.38681     1.39137  0.00740543
         103     1.50659     1.39249  0.00741755
         104     1.42381     1.39279  0.00735234
         105     1.41952     1.39304  0.00728672
         106     1.44555     1.39354  0.00723479
         107     1.29948     1.39266  0.00722039
         108     1.53325     1.39396  0.00726993
         109     1.48378     1.39479  0.00724978
         110     1.50528     1.39579  0.00725312
         111     1.48626     1.39661  0.00723343
         112     1.49149     1.39745  0.00721829
         113      1.4377     1.39781  0.00716319
         114     1.35171      1.3974  0.00711176
         115     1.33608     1.39687  0.00706988
         116     1.47264     1.39752  0.00703904
         117     1.47367     1.39817   0.0070089
         118     1.32429     1.39755  0.00697741
         119     1.45918     1.39807  0.00693798
         120     1.36852     1.39782  0.00688453
         121     1.37243     1.39761  0.00683083
         122     1.46337     1.39815  0.00679607
         123     1.44839     1.39856  0.00675308
         124     1.28875     1.39767  0.00675643
         125     1.31544     1.39701  0.00673432
         126     1.36935      1.3968  0.00668446
         127     1.41393     1.39693  0.00663318
         128     1.38104     1.39681  0.00658252
         129     1.44178     1.39715  0.00654072
         130      1.3587     1.39686  0.00649709
         131     1.37776     1.39671  0.00644913
         132     1.35764     1.39642  0.00640707
         133     1.49252     1.39714  0.00639951
         134     1.37998     1.39701  0.00635303
         135     1.51655      1.3979  0.00636738
         136     1.34766     1.39753  0.00633127
         137     1.49013      1.3982  0.00632103
         138     1.50562     1.39898  0.00632298
         139     1.36886     1.39877   0.0062812
         140     1.42028     1.39892  0.00623821
         141     1.28221     1.39809  0.00624864
         142      1.3745     1.39792  0.00620685
         143     1.32386     1.39741  0.00618502
         144     1.24767     1.39637  0.00622887
         145      1.3965     1.39637  0.00618591
         146      1.2661     1.39548  0.00620756
         147     1.33592     1.39507  0.00617854
         148      1.3541     1.39479  0.00614299
         149      1.4242     1.39499  0.00610493
         150     1.46762     1.39548   0.0060834
         151     1.44804     1.39582  0.00605307
         152     1.38269     1.39574  0.00601386
         153     1.38611     1.39567  0.00597488
         154      1.4574     1.39607  0.00594951
         155     1.33763      1.3957  0.00592307
         156     1.31229     1.39516  0.00590918
         157     1.46422      1.3956  0.00588789
         158     1.38487     1.39554  0.00585101
         159     1.34691     1.39523   0.0058222
         160     1.40128     1.39527  0.00578594
         161     1.35706     1.39503  0.00575486
         162     1.40187     1.39507   0.0057195
         163     1.48235     1.39561  0.00570942
         164     1.44862     1.39593  0.00568374
         165      1.3633     1.39573  0.00565274
         166     1.31215     1.39523  0.00564106
         167     1.31533     1.39475  0.00562754
         168     1.43887     1.39501  0.00560016
         169     1.35829      1.3948  0.00557124
         170     1.33988     1.39447  0.00554782
         171     1.44073     1.39474  0.00552197
         172     1.47944     1.39524  0.00551178
         173     1.40541      1.3953  0.00548023
         174     1.48497     1.39581  0.00547291
         175     1.46045     1.39618  0.00545409
         176      1.4403     1.39643  0.00542886
         177     1.37354      1.3963  0.00539973
         178     1.55284     1.39718  0.00544053
         179     1.40978     1.39725  0.00541059
         180     1.35527     1.39702  0.00538556
         181     1.38039     1.39693  0.00535659
         182     1.35778     1.39671  0.00533147
         183     1.36361     1.39653  0.00530541
         184     1.40145     1.39656  0.00527664
         185     1.34756     1.39629  0.00525476
         186     1.37262     1.39616  0.00522805
         187      1.4038     1.39621  0.00520025
         188     1.37139     1.39607  0.00517426
         189     1.36055     1.39589   0.0051503
         190     1.50097     1.39644  0.00515281
         191     1.38944      1.3964  0.00512596
         192     1.45146     1.39669  0.00510727
         193     1.38426     1.39662  0.00508122
         194     1.40001     1.39664  0.00505506
         195     1.50998     1.39722  0.00506244
         196     1.30285     1.39674  0.00505946
         197     1.44506     1.39699  0.00503971
         198     1.33244     1.39666  0.00502479
         199     1.32832     1.39632  0.00501126
         200     1.45289      1.3966  0.00499418
         201     1.43588      1.3968  0.00497316
         202     1.38105     1.39672  0.00494915
         203     1.37656     1.39662  0.00492577
         204     1.38347     1.39655  0.00490204
         205     1.38787     1.39651  0.00487831
         206     1.38498     1.39646  0.00485495
         207     1.47087     1.39681  0.00484479
         208     1.38457     1.39676  0.00482185
         209      1.4872     1.39719  0.00481816
         210      1.4575     1.39748  0.00480377
         211     1.50854       1.398  0.00480975
         212     1.46551     1.39832  0.00479759
         213     1.45676      1.3986  0.00478291
         214     1.29452     1.39811  0.00478522
         215     1.33939     1.39784  0.00477075
         216     1.35765     1.39765  0.00475229
         217     1.37931     1.39757  0.00473114
         218     1.35518     1.39737  0.00471344
         219     1.51487     1.39791  0.00472235
         220     1.32421     1.39757  0.00471275
         221     1.35266     1.39737  0.00469581
         222     1.34594     1.39714  0.00468037
         223     1.27543     1.39659  0.00469109
         224     1.45871     1.39687  0.00467834
         225     1.40035     1.39688  0.00465757
         226     1.45177     1.39713  0.00464329
         227     1.44723     1.39735  0.00462808
         228     1.40762     1.39739    0.004608
         229     1.42028     1.39749  0.00458896
         230     1.39601     1.39749  0.00456901
         231     1.46119     1.39776  0.00455755
         232     1.40793     1.39781  0.00453811
         233     1.39937     1.39781  0.00451864
         234     1.45439     1.39805  0.00450579
         235     1.31558      1.3977  0.00450027
         236     1.38354     1.39764   0.0044816
         237     1.42678     1.39777  0.00446438
         238     1.43132     1.39791  0.00444784
         239     1.32514      1.3976  0.00443964
         240     1.45957     1.39786  0.00442864
         241     1.62306      1.3988  0.00450777
         242     1.27893      1.3983  0.00451627
         243     1.44206     1.39848  0.00450128
         244     1.48065     1.39882  0.00449541
         245     1.40502     1.39884  0.00447713
         246     1.43254     1.39898  0.00446103
         247     1.41969     1.39906  0.00444375
         248     1.34329     1.39884  0.00443152
         249     1.48355     1.39918  0.00442677
         250     1.42554     1.39928  0.00441031
