#     BLOCK:   ACTUAL_TE:    TE_AVE:      ERROR:
           1    -5.45824    -5.45824           0
           2    -5.48047    -5.46935   0.0078617
           3    -5.47748    -5.47206  0.00568856
           4    -5.47922    -5.47385  0.00453929
           5    -5.49196    -5.47747  0.00486637
           6    -5.46301    -5.47506  0.00461377
           7    -5.43849    -5.46984  0.00624843
           8    -5.46771    -5.46957  0.00547304
           9    -5.44494    -5.46684  0.00550679
          10    -5.45621    -5.46577  0.00505755
          11    -5.45493    -5.46479  0.00469278
          12    -5.46292    -5.46463  0.00430429
          13    -5.45562    -5.46394  0.00402869
          14    -5.45251    -5.46312  0.00382268
          15    -5.47391    -5.46384  0.00363486
          16    -5.47742    -5.46469  0.00350531
          17    -5.45232    -5.46396  0.00337374
          18    -5.48384    -5.46507  0.00336226
          19    -5.47503    -5.46559  0.00322589
          20    -5.46191    -5.46541  0.00306983
          21    -5.45904     -5.4651  0.00293857
          22    -5.47763    -5.46567  0.00285963
          23    -5.43851    -5.46449  0.00296911
          24    -5.47272    -5.46484  0.00286513
          25    -5.47647     -5.4653  0.00278808
          26    -5.45117    -5.46476  0.00273334
          27    -5.44156     -5.4639  0.00276386
          28    -5.45566     -5.4636  0.00268075
          29    -5.45672    -5.46337  0.00259881
          30    -5.46391    -5.46339  0.00251224
          31    -5.46505    -5.46344  0.00243178
          32     -5.4283    -5.46234  0.00259182
          33    -5.47624    -5.46276  0.00254727
          34    -5.47035    -5.46299  0.00248211
          35     -5.4601     -5.4629  0.00241256
          36    -5.47115    -5.46313  0.00235641
          37    -5.49082    -5.46388  0.00240861
          38    -5.47931    -5.46429  0.00237919
          39    -5.48439     -5.4648   0.0023734
          40    -5.49591    -5.46558  0.00243816
          41    -5.45709    -5.46537  0.00238747
          42    -5.47262    -5.46555  0.00233685
          43    -5.47034    -5.46566  0.00228517
          44    -5.46876    -5.46573  0.00223432
          45    -5.44119    -5.46518  0.00225025
          46    -5.45819    -5.46503  0.00220645
          47    -5.49216    -5.46561  0.00223375
          48     -5.4768    -5.46584  0.00219936
          49    -5.46745    -5.46587  0.00215472
          50     -5.4626    -5.46581  0.00211262
          51     -5.4786    -5.46606  0.00208603
          52    -5.46787    -5.46609   0.0020462
          53    -5.44893    -5.46577  0.00203305
          54    -5.46698    -5.46579  0.00199552
          55    -5.47183     -5.4659  0.00196226
          56    -5.47154      -5.466   0.0019298
          57    -5.45803    -5.46586  0.00190101
          58    -5.45689    -5.46571  0.00187451
          59    -5.47095     -5.4658  0.00184485
          60    -5.45306    -5.46558  0.00182627
          61    -5.45515    -5.46541  0.00180433
          62    -5.46459     -5.4654  0.00177528
          63     -5.4968     -5.4659  0.00181573
          64    -5.45816    -5.46578  0.00179138
          65    -5.47063    -5.46585  0.00176537
          66    -5.46107    -5.46578  0.00174011
          67    -5.45387     -5.4656  0.00172319
          68    -5.44785    -5.46534  0.00171751
          69    -5.45778    -5.46523  0.00169611
          70    -5.46019    -5.46516  0.00167341
          71    -5.45658    -5.46504   0.0016542
          72    -5.45441    -5.46489  0.00163779
          73    -5.51221    -5.46554  0.00173892
          74    -5.45906    -5.46545  0.00171763
          75    -5.42675    -5.46494  0.00177055
          76    -5.47032    -5.46501  0.00174866
          77    -5.45538    -5.46488  0.00173042
          78    -5.45731    -5.46478  0.00171096
          79    -5.46439    -5.46478  0.00168931
          80    -5.47108    -5.46486  0.00167003
          81    -5.44801    -5.46465  0.00166231
          82    -5.45463    -5.46453  0.00164652
          83    -5.45338    -5.46439  0.00163216
          84    -5.45424    -5.46427   0.0016172
          85    -5.46859    -5.46432  0.00159897
          86    -5.47282    -5.46442  0.00158342
          87    -5.45275    -5.46429   0.0015709
          88    -5.45369    -5.46417  0.00155765
          89    -5.48618    -5.46442  0.00155967
          90     -5.4897     -5.4647  0.00156744
          91    -5.46936    -5.46475  0.00155106
          92    -5.46144    -5.46471  0.00153461
          93     -5.4631    -5.46469  0.00151821
          94    -5.47578    -5.46481  0.00150663
          95    -5.46979    -5.46486  0.00149168
          96    -5.48494    -5.46507  0.00149073
          97    -5.44232    -5.46484  0.00149369
          98    -5.46573    -5.46485  0.00147848
          99     -5.4852    -5.46505  0.00147776
         100    -5.48708    -5.46527  0.00147931
         101    -5.46929    -5.46531   0.0014652
         102    -5.47082    -5.46537  0.00145183
         103    -5.43912    -5.46511  0.00145993
         104    -5.46228    -5.46509  0.00144614
         105    -5.45589      -5.465  0.00143502
         106    -5.45391    -5.46489  0.00142529
         107     -5.4835    -5.46507  0.00142254
         108    -5.43969    -5.46483  0.00142864
         109    -5.44961    -5.46469  0.00142235
         110    -5.44837    -5.46454  0.00141713
         111    -5.44635    -5.46438  0.00141381
         112    -5.44771    -5.46423    0.001409
         113     -5.4521    -5.46412  0.00140061
         114    -5.47227     -5.4642  0.00139015
         115    -5.47674     -5.4643  0.00138233
         116    -5.44666    -5.46415  0.00137876
         117     -5.4538    -5.46406  0.00136981
         118     -5.4748    -5.46416  0.00136122
         119    -5.45064    -5.46404  0.00135451
         120    -5.47509    -5.46413  0.00134635
         121    -5.46368    -5.46413  0.00133523
         122    -5.45623    -5.46407  0.00132585
         123    -5.45547      -5.464  0.00131692
         124     -5.4848    -5.46416  0.00131694
         125    -5.47624    -5.46426  0.00130995
         126    -5.47144    -5.46432  0.00130079
         127    -5.45998    -5.46428  0.00129099
         128    -5.46746    -5.46431  0.00128115
         129    -5.45265    -5.46422   0.0012744
         130     -5.4733    -5.46429  0.00126651
         131     -5.4699    -5.46433  0.00125757
         132    -5.47549    -5.46441  0.00125088
         133    -5.44384    -5.46426  0.00125101
         134    -5.46615    -5.46427  0.00124175
         135    -5.44093     -5.4641  0.00124454
         136    -5.46615    -5.46412  0.00123548
         137    -5.44782      -5.464  0.00123217
         138     -5.4398    -5.46382  0.00123565
         139    -5.46795    -5.46385  0.00122712
         140    -5.45865    -5.46381  0.00121891
         141    -5.48027    -5.46393  0.00121584
         142    -5.47338      -5.464   0.0012091
         143    -5.48033    -5.46411  0.00120602
         144    -5.48524    -5.46426  0.00120655
         145      -5.463    -5.46425  0.00119826
         146    -5.48779    -5.46441  0.00120085
         147    -5.47368    -5.46447  0.00119433
         148    -5.47574    -5.46455  0.00118869
         149    -5.46016    -5.46452  0.00118108
         150    -5.45363    -5.46445  0.00117543
         151    -5.45003    -5.46435  0.00117152
         152    -5.47463    -5.46442  0.00116576
         153    -5.46287    -5.46441  0.00115818
         154    -5.45022    -5.46432  0.00115432
         155    -5.47718     -5.4644  0.00114985
         156    -5.48382    -5.46453   0.0011492
         157     -5.4538    -5.46446  0.00114391
         158    -5.46013    -5.46443  0.00113699
         159    -5.47386    -5.46449  0.00113139
         160    -5.46695     -5.4645  0.00112442
         161    -5.47635    -5.46458  0.00111984
         162    -5.45447    -5.46452  0.00111467
         163    -5.44091    -5.46437  0.00111719
         164    -5.45461    -5.46431  0.00111196
         165    -5.46619    -5.46432  0.00110528
         166    -5.47519    -5.46439  0.00110056
         167    -5.47563    -5.46446  0.00109603
         168    -5.45932    -5.46442  0.00108993
         169    -5.47248    -5.46447  0.00108452
         170    -5.47714    -5.46455   0.0010807
         171    -5.45561    -5.46449  0.00107564
         172    -5.43933    -5.46435  0.00107929
         173    -5.46346    -5.46434  0.00107306
         174    -5.45263    -5.46428  0.00106901
         175    -5.44521    -5.46417  0.00106844
         176    -5.45523    -5.46412  0.00106357
         177    -5.47497    -5.46418  0.00105933
         178    -5.43266      -5.464  0.00106808
         179    -5.45657    -5.46396  0.00106291
         180    -5.47417    -5.46402  0.00105852
         181    -5.47122    -5.46406  0.00105342
         182    -5.47105    -5.46409  0.00104833
         183    -5.47484    -5.46415  0.00104425
         184    -5.46693    -5.46417  0.00103868
         185    -5.47316    -5.46422  0.00103421
         186    -5.47017    -5.46425  0.00102914
         187    -5.46199    -5.46424  0.00102371
         188    -5.46922    -5.46426  0.00101861
         189    -5.47491    -5.46432  0.00101477
         190    -5.44953    -5.46424  0.00101241
         191    -5.46827    -5.46426  0.00100733
         192     -5.4523     -5.4642  0.00100401
         193    -5.46746    -5.46422 0.000998951
         194    -5.46259    -5.46421 0.000993837
         195    -5.44244     -5.4641 0.000994988
         196    -5.48088    -5.46418 0.000993589
         197    -5.45726    -5.46415 0.000989167
         198    -5.47991    -5.46423 0.000987369
         199    -5.47525    -5.46428  0.00098396
         200    -5.45405    -5.46423 0.000980369
         201    -5.46093    -5.46421 0.000975628
         202    -5.46544    -5.46422 0.000970817
         203    -5.46778    -5.46424 0.000966193
         204    -5.46566    -5.46425 0.000961482
         205    -5.47078    -5.46428  0.00095732
         206    -5.46741    -5.46429 0.000952794
         207    -5.45532    -5.46425 0.000949176
         208    -5.47445     -5.4643 0.000945878
         209    -5.44927    -5.46423 0.000944081
         210    -5.45838     -5.4642 0.000939996
         211    -5.44156    -5.46409 0.000941643
         212    -5.44988    -5.46402 0.000939583
         213    -5.45053    -5.46396 0.000937304
         214    -5.48832    -5.46407 0.000939811
         215    -5.47298    -5.46412 0.000936353
         216    -5.47107    -5.46415 0.000932571
         217     -5.4557    -5.46411 0.000929085
         218    -5.47294    -5.46415 0.000925706
         219    -5.44161    -5.46405 0.000927184
         220     -5.4796    -5.46412 0.000925661
         221    -5.47501    -5.46417 0.000922783
         222    -5.47441    -5.46421 0.000919779
         223    -5.48946    -5.46433 0.000922594
         224    -5.45696    -5.46429 0.000919061
         225    -5.46681     -5.4643 0.000915044
         226    -5.45115    -5.46425 0.000912845
         227     -5.4618    -5.46424 0.000908887
         228    -5.46139    -5.46422 0.000904986
         229    -5.45789     -5.4642 0.000901457
         230    -5.46376    -5.46419  0.00089754
         231    -5.45454    -5.46415 0.000894626
         232    -5.45929    -5.46413 0.000891015
         233    -5.46507    -5.46413   0.0008872
         234    -5.45117    -5.46408 0.000885138
         235    -5.47855    -5.46414  0.00088351
         236     -5.4669    -5.46415 0.000879844
         237    -5.46028    -5.46414 0.000876283
         238    -5.46113    -5.46412 0.000872692
         239    -5.47732    -5.46418 0.000870786
         240    -5.44892    -5.46412 0.000869475
         241    -5.42427    -5.46395  0.00088145
         242    -5.48814    -5.46405 0.000883456
         243     -5.4564    -5.46402 0.000880381
         244    -5.45281    -5.46397 0.000877971
         245    -5.46315    -5.46397 0.000874394
         246     -5.4654    -5.46397 0.000870859
         247    -5.45932    -5.46396 0.000867537
         248    -5.47138    -5.46399 0.000864555
         249    -5.44545    -5.46391 0.000864283
         250     -5.4647    -5.46391 0.000860832
