#     ISTANT_TEMP:
2
1.99993
1.99971
1.99935
1.99885
1.9982
1.99741
1.99647
1.99537
1.99413
1.99272
1.99116
1.98943
1.98753
1.98545
1.98319
1.98075
1.97811
1.97527
1.97221
1.96894
1.96544
1.9617
1.95771
1.95345
1.94893
1.94412
1.93902
1.9336
1.92786
1.92179
1.91537
1.90858
1.90141
1.89384
1.88587
1.87747
1.86863
1.85934
1.84958
1.83935
1.82863
1.8174
1.80567
1.79343
1.78066
1.76737
1.75356
1.73923
1.72439
1.70905
1.69321
1.6769
1.66013
1.64294
1.62534
1.60738
1.58907
1.57047
1.5516
1.53252
1.51326
1.49386
1.47438
1.45486
1.43534
1.41587
1.39649
1.37724
1.35817
1.33931
1.32071
1.3024
1.28441
1.26679
1.24957
1.23278
1.21646
1.20063
1.18534
1.17061
1.15648
1.14297
1.13011
1.11794
1.10648
1.09575
1.08577
1.07657
1.06816
1.06056
1.05376
1.04778
1.0426
1.03823
1.03464
1.03181
1.02971
1.02831
1.02757
1.02744
1.02788
1.02883
1.03024
1.03204
1.0342
1.03664
1.03931
1.04216
1.04514
1.0482
1.0513
1.0544
1.05746
1.06046
1.06338
1.06619
1.06888
1.07144
1.07385
1.07612
1.07825
1.08024
1.08208
1.08379
1.08538
1.08685
1.08822
1.0895
1.09069
1.0918
1.09286
1.09386
1.09483
1.09575
1.09666
1.09753
1.09839
1.09924
1.10007
1.10089
1.10169
1.10248
1.10324
1.104
1.10472
1.10543
1.1061
1.10675
1.10736
1.10794
1.10849
1.109
1.10949
1.10995
1.1104
1.11083
1.11126
1.1117
1.11214
1.11261
1.11311
1.11365
1.11424
1.11487
1.11555
1.11629
1.11708
1.11791
1.11878
1.11967
1.12058
1.12149
1.12238
1.12324
1.12405
1.12479
1.12544
1.126
1.12643
1.12674
1.12691
1.12693
1.12681
1.12653
1.1261
1.12552
1.1248
1.12394
1.12296
1.12187
1.12068
1.1194
1.11806
1.11666
1.11523
1.11378
1.11232
1.11087
1.10944
1.10805
1.1067
1.10542
1.10421
1.10308
1.10204
1.10109
1.10025
1.09953
1.09892
1.09844
1.09809
1.09787
1.0978
1.09789
1.09813
1.09855
1.09914
1.09991
1.10088
1.10204
1.10342
1.105
1.10679
1.1088
1.11103
1.11346
1.1161
1.11892
1.12193
1.1251
1.12841
1.13185
1.13538
1.139
1.14266
1.14634
1.15001
1.15366
1.15725
1.16076
1.16417
1.16746
1.17061
1.17361
1.17645
1.17911
1.18159
1.18389
1.18601
1.18793
1.18967
1.19124
1.19262
1.19384
1.1949
1.1958
1.19656
1.19718
1.19767
1.19805
1.19831
1.19848
1.19856
1.19855
1.19846
1.19831
1.1981
1.19783
1.19751
1.19714
1.19674
1.1963
1.19582
1.19532
1.19478
1.19422
1.19363
1.19301
1.19237
1.19169
1.19099
1.19025
1.18948
1.18867
1.18781
1.18692
1.18597
1.18497
1.18391
1.1828
1.18161
1.18037
1.17905
1.17765
1.17618
1.17464
1.17301
1.1713
1.16952
1.16765
1.16572
1.16371
1.16164
1.1595
1.15731
1.15507
1.15278
1.15046
1.1481
1.14572
1.14333
1.14092
1.1385
1.13608
1.13365
1.13123
1.12881
1.12638
1.12396
1.12154
1.11912
1.11669
1.11425
1.11181
1.10935
1.10688
1.1044
1.1019
1.09939
1.09688
1.09436
1.09183
1.08932
1.08682
1.08435
1.08191
1.07953
1.07721
1.07497
1.07282
1.07078
1.06886
1.06707
1.06543
1.06396
1.06265
1.06153
1.0606
1.05987
1.05933
1.05901
1.05889
1.05897
1.05927
1.05977
1.06047
1.06137
1.06246
1.06373
1.06516
1.06676
1.06851
1.0704
1.07241
1.07453
1.07675
1.07905
1.08143
1.08386
1.08633
1.08883
1.09135
1.09387
1.09638
1.09887
1.10134
1.10376
1.10614
1.10846
1.11073
1.11292
1.11504
1.11708
1.11903
1.12089
1.12265
1.12432
1.12588
1.12733
1.12866
1.12987
1.13095
1.1319
1.1327
1.13335
1.13385
1.13419
1.13435
1.13434
1.13415
1.13378
1.13322
1.13248
1.13156
1.13047
1.1292
1.12779
1.12623
1.12455
1.12277
1.1209
1.11899
1.11705
1.11512
1.11322
1.11138
1.10962
1.10797
1.10645
1.10508
1.10387
1.10281
1.10192
1.10119
1.1006
1.10015
1.09982
1.09958
1.09941
1.09929
1.0992
1.09909
1.09897
1.0988
1.09857
1.09826
1.09786
1.09736
1.09676
1.09605
1.09525
1.09434
1.09334
1.09225
1.09108
1.08986
1.08857
1.08725
1.08589
1.08452
1.08314
1.08177
1.08041
1.07907
1.07775
1.07647
1.07523
1.07403
1.07287
1.07176
1.0707
1.06968
1.06873
1.06782
1.06698
1.0662
1.06549
1.06485
1.06429
1.06381
1.06343
1.06314
1.06296
1.06288
1.06292
1.06306
1.06331
1.06366
1.06412
1.06466
1.06527
1.06595
1.06668
1.06743
1.06819
1.06895
1.06967
1.07035
1.07097
1.07151
1.07194
1.07227
1.07248
1.07254
1.07247
1.07224
1.07185
1.07129
1.07057
1.06968
1.06862
1.06738
1.06598
1.06441
1.06269
1.06081
1.05879
1.05663
1.05435
1.05196
1.04947
1.04691
1.04428
1.04161
1.03891
1.0362
1.0335
1.03083
1.02818
1.02559
1.02305
1.02059
1.0182
1.01588
1.01365
1.01149
1.00941
1.0074
1.00546
1.00359
1.00179
1.00004
0.998365
0.996749
0.995199
0.993719
0.992315
0.990994
0.989766
0.988642
0.987633
0.98675
0.986004
0.985408
0.984974
0.984715
0.984636
0.984748
0.985058
0.985571
0.98629
0.987217
0.988352
0.989693
0.991238
0.992981
0.994916
0.997038
0.999338
1.00181
1.00443
1.0072
1.01011
1.01315
1.01629
1.01954
1.02288
1.0263
1.02978
1.03333
1.03692
1.04055
1.04421
1.04789
1.05159
1.0553
1.05901
1.06273
1.06645
1.07017
1.07389
1.07761
1.08132
1.08504
1.08876
1.09248
1.09621
1.09993
1.10366
1.10738
1.1111
1.1148
1.11849
1.12215
1.12578
1.12936
1.13288
1.13632
1.13969
1.14295
1.14611
1.14914
1.15205
1.15481
1.15742
1.15987
1.16216
1.16428
1.16622
1.168
1.1696
1.17104
1.17232
1.17345
1.17443
1.17528
1.176
1.1766
1.17711
1.17752
1.17786
1.17813
1.17835
1.17852
1.17865
1.17876
1.17884
1.1789
1.17895
1.17899
1.17901
1.17902
1.17902
1.17901
1.17897
1.17892
1.17883
1.17872
1.17858
1.1784
1.17818
1.17792
1.17763
1.1773
1.17694
1.17655
1.17613
1.17569
1.17524
1.17479
1.17433
1.17389
1.17346
1.17306
1.17268
1.17234
1.17204
1.17177
1.17153
1.17134
1.17118
1.17104
1.17093
1.17084
1.17075
1.17066
1.17057
1.17046
1.17033
1.17017
1.16999
1.16976
1.16951
1.16921
1.16888
1.16852
1.16813
1.16772
1.16728
1.16684
1.1664
1.16597
1.16556
1.16517
1.16483
1.16454
1.1643
1.16414
1.16405
1.16405
1.16415
1.16435
1.16465
1.16506
1.16558
1.16621
1.16696
1.16781
1.16878
1.16984
1.17099
1.17223
1.17354
1.17491
1.17633
1.17779
1.17927
1.18076
1.18224
1.18369
1.18511
1.18647
1.18776
1.18897
1.19007
1.19107
1.19193
1.19267
1.19325
1.19368
1.19396
1.19407
1.19401
1.19378
1.19339
1.19283
1.19211
1.19123
1.1902
1.18904
1.18774
1.18632
1.1848
1.18318
1.18148
1.17971
1.17789
1.17604
1.17417
1.1723
1.17044
1.16861
1.16684
1.16512
1.16349
1.16195
1.16051
1.15919
1.158
1.15696
1.15605
1.1553
1.1547
1.15426
1.15397
1.15384
1.15385
1.15401
1.15429
1.1547
1.1552
1.15581
1.15648
1.15723
1.15801
1.15883
1.15967
1.1605
1.16133
1.16213
1.16289
1.16361
1.16428
1.16488
1.16542
1.1659
1.1663
1.16662
1.16687
1.16705
1.16715
1.16718
1.16714
1.16704
1.16688
1.16666
1.1664
1.1661
1.16576
1.1654
1.16502
1.16464
1.16426
1.16389
1.16354
1.16323
1.16297
1.16276
1.16262
1.16255
1.16256
1.16266
1.16284
1.16312
1.1635
1.16397
1.16453
1.16518
1.16592
1.16674
1.16763
1.16858
1.16959
1.17063
1.1717
1.17279
1.17388
1.17497
1.17605
1.1771
1.17812
1.17909
1.18002
1.1809
1.18171
1.18247
1.18316
1.1838
1.18437
1.18488
1.18533
1.18572
1.18607
1.18637
1.18663
1.18686
1.18706
1.18724
1.1874
1.18756
1.18771
1.18787
1.18803
1.18821
1.18842
1.18865
1.18892
1.18922
1.18957
1.18996
1.1904
1.1909
1.19145
1.19206
1.19272
1.19345
1.19423
1.19507
1.19596
1.19691
1.19789
1.19892
1.19999
1.20108
1.20219
1.20331
1.20444
1.20555
1.20665
1.20772
1.20875
1.20973
1.21064
1.21149
1.21225
1.21293
1.2135
1.21396
1.2143
1.21452
1.21461
1.21456
1.21437
1.21404
1.21356
1.21294
1.21217
1.21125
1.21018
1.20897
1.20762
1.20613
1.20449
1.20272
1.20082
1.19878
1.19661
1.19432
1.19189
1.18934
1.18666
1.18384
1.1809
1.17782
1.1746
1.17123
1.16772
1.16405
1.16023
1.15624
1.15208
1.14774
1.14321
1.1385
1.13359
1.12849
1.12319
1.11769
1.11199
1.1061
1.10001
1.09375
1.0873
1.0807
1.07395
1.06706
1.06006
1.05298
1.04584
1.03867
1.0315
1.02438
1.01733
1.0104
1.00364
0.997077
0.990761
0.984731
0.979026
0.973682
0.968729
0.964196
0.960104
0.956467
0.953297
0.950596
0.948366
0.946601
0.945294
0.944433
0.944008
0.944005
0.944416
0.945229
0.946435
0.948028
0.950003
0.952357
0.955087
0.958192
0.961672
0.965525
0.969747
0.974336
0.979285
0.984586
0.99023
0.996203
1.00249
1.00907
1.01592
1.02301
1.03032
1.03781
1.04545
1.05321
1.06104
1.0689
1.07677
1.08459
1.09233
1.09995
1.10741
1.11468
1.12172
1.12851
1.13501
1.1412
1.14705
1.15255
1.15767
1.16242
1.16676
1.17071
1.17425
1.17738
1.1801
1.18242
1.18434
1.18587
1.18702
1.1878
1.18824
1.18833
1.18811
1.18758
1.18677
1.18568
1.18435
1.18278
1.18099
1.179
1.17682
1.17446
1.17194
1.16926
1.16644
1.16348
1.1604
1.15719
1.15387
1.15044
1.14691
1.14328
1.13956
1.13577
1.13191
1.128
1.12404
1.12005
1.11606
1.11208
1.10812
1.10421
1.10038
1.09664
1.09302
1.08955
1.08625
1.08316
1.08029
1.07768
1.07534
1.07329
1.07157
1.07018
1.06915
1.06848
1.06818
1.06827
1.06874
1.06959
1.07082
1.07243
1.07439
1.0767
1.07933
1.08228
1.08551
1.089
1.09273
1.09667
1.10078
1.10504
1.10943
1.1139
1.11844
1.12301
1.12758
1.13213
1.13664
1.14106
1.14539
1.14959
1.15365
1.15754
1.16125
1.16476
1.16806
1.17112
1.17395
1.17652
1.17883
1.18088
1.18266
1.18417
1.1854
1.18636
1.18706
1.18749
1.18766
1.18759
1.18727
1.18673
1.18596
1.18499
1.18383
1.18249
1.18099
1.17934
1.17757
1.17568
1.1737
1.17163
1.16951
1.16735
1.16515
1.16295
1.16074
1.15856
1.1564
1.15429
1.15224
1.15025
1.14833
1.14649
1.14474
1.14307
1.14149
1.14
1.1386
1.13728
1.13604
1.13488
1.13378
1.13274
1.13175
1.1308
1.12989
1.12899
1.12811
1.12722
1.12634
1.12543
1.12451
1.12356
1.12258
1.12155
1.12049
1.11938
1.11823
1.11704
1.11581
1.11454
1.11325
1.11192
1.11058
1.10923
1.10787
1.10653
1.10519
1.10389
1.10262
1.1014
1.10023
1.09912
1.09809
1.09714
1.09627
1.09549
1.0948
1.09421
1.09371
1.09331
1.09299
1.09276
1.09261
1.09254
1.09253
1.09259
1.0927
1.09286
1.09305
1.09328
1.09353
1.0938
1.09407
1.09435
1.09463
1.0949
1.09516
1.0954
1.09564
1.09586
1.09607
1.09626
1.09645
1.09663
1.09682
1.09701
1.09722
1.09746
1.09773
1.09804
1.0984
1.09882
1.09931
1.09987
1.10052
1.10126
1.10209
1.10302
1.10404
1.10515
1.10635
1.10764
1.109
1.11043
1.11193
1.11347
1.11505
1.11665
1.11828
1.11991
1.12154
1.12316
1.12476
1.12634
1.1279
1.12942
1.13092
1.13238
1.13382
1.13521
1.13658
1.13791
1.13921
1.14048
1.14173
1.14294
1.14411
1.14526
1.14636
1.14743
1.14846
1.14944
1.15037
1.15125
1.15207
1.15282
1.1535
1.15411
1.15463
1.15507
1.15543
1.15568
1.15584
1.1559
1.15586
1.15571
1.15546
1.1551
1.15464
1.15408
1.15341
1.15266
1.15181
1.15088
1.14986
1.14878
1.14762
1.14641
1.14515
1.14385
1.14252
1.14116
1.13979
1.13841
1.13704
1.13568
1.13433
1.13302
1.13173
1.13049
1.1293
1.12817
1.12709
1.12608
1.12514
1.12427
1.12348
1.12277
1.12214
1.12159
1.12112
1.12073
1.12042
1.12018
1.12002
1.11994
1.11992
1.11997
1.12009
1.12026
1.12049
1.12077
1.12108
1.12144
1.12183
1.12225
1.12268
1.12314
1.1236
1.12407
1.12454
1.125
1.12544
1.12586
1.12626
1.12663
1.12696
1.12724
1.12749
1.12768
1.12782
1.12791
1.12793
1.12791
1.12782
1.12768
1.12748
1.12723
1.12692
1.12657
1.12618
1.12576
1.1253
1.12483
1.12435
1.12386
1.12339
1.12293
1.1225
1.12212
1.1218
1.12154
1.12136
1.12128
1.1213
1.12143
1.1217
1.1221
1.12266
1.12337
1.12425
1.1253
1.12653
1.12795
1.12955
1.13134
1.13331
1.13546
1.13778
1.14028
1.14294
1.14574
1.14868
1.15175
1.15493
1.1582
1.16154
1.16494
1.16837
1.17182
1.17527
1.17869
1.18206
1.18537
1.18859
1.1917
1.19469
1.19753
1.2002
1.20269
1.20499
1.20707
1.20892
1.21052
1.21187
1.21295
1.21375
1.21426
1.21447
1.21438
1.21399
1.21328
1.21226
1.21093
1.20929
1.20734
1.2051
1.20256
1.19973
1.19663
1.19327
1.18967
1.18583
1.18178
1.17754
1.17312
1.16855
1.16386
1.15906
1.15419
1.14928
1.14434
1.13941
1.13452
1.12969
1.12494
1.12032
1.11583
1.1115
1.10735
1.1034
1.09966
1.09615
1.09287
1.08983
1.08704
1.08449
1.08218
1.08011
1.07828
1.07668
1.0753
1.07413
1.07315
1.07237
1.07177
1.07135
1.07108
1.07097
1.071
1.07117
1.07146
1.07188
1.07241
1.07305
1.07378
1.07461
1.07553
1.07654
1.07761
1.07876
1.07996
1.08122
1.08253
1.08387
1.08524
1.08663
1.08803
1.08943
1.09082
1.09219
1.09353
1.09483
1.09608
1.09728
1.0984
1.09946
1.10043
1.10132
1.10212
1.10283
1.10345
1.10398
1.10442
1.10478
1.10507
1.10528
1.10543
1.10554
1.1056
1.10564
1.10566
1.10569
1.10573
1.10581
1.10592
1.10609
1.10632
1.10662
1.10701
1.10748
1.10804
1.10868
1.10941
1.11022
1.1111
1.11203
1.11302
1.11403
1.11507
1.1161
1.11711
1.11808
1.11899
1.11982
1.12055
1.12115
1.12161
1.12191
1.12204
1.12198
1.12172
1.12126
1.12057
1.11967
1.11854
1.11719
1.11562
1.11384
1.11186
1.10969
1.10734
1.10483
1.10217
1.09939
1.09649
1.09351
1.09047
1.08739
1.08428
1.08118
1.07811
1.07509
1.07213
1.06926
1.0665
1.06387
1.06138
1.05905
1.05689
1.05491
1.05312
1.05154
1.05015
1.04898
1.04802
1.04727
1.04674
1.04641
1.04629
1.04636
1.04662
1.04706
1.04768
1.04846
1.0494
1.05048
1.05169
1.05302
1.05447
1.05601
1.05765
1.05936
1.06115
1.06298
1.06487
1.06679
1.06873
1.07069
1.07265
1.0746
1.07654
1.07844
1.08032
1.08215
1.08393
1.08566
1.08732
1.08892
1.09044
1.09189
1.09326
1.09456
1.09577
1.09691
1.09797
1.09895
1.09986
1.10069
1.10146
1.10216
1.10281
1.1034
1.10395
1.10446
1.10495
1.1054
1.10585
1.10628
1.10672
1.10717
1.10763
1.10812
1.10865
1.1092
1.1098
1.11044
1.11111
1.11184
1.11259
1.11339
1.11421
1.11504
1.11589
1.11672
1.11754
1.11833
1.11906
1.11973
1.12032
1.12082
1.12119
1.12144
1.12155
1.1215
1.12128
1.12089
1.12032
1.11956
1.11861
1.11747
1.11615
1.11465
1.11297
1.11113
1.10914
1.10702
1.10477
1.10242
1.09998
1.09748
1.09493
1.09235
1.08978
1.08721
1.08469
1.08222
1.07983
1.07753
1.07533
1.07327
1.07134
1.06955
1.06793
1.06646
1.06517
1.06406
1.06312
1.06237
1.06179
1.06139
1.06116
1.06109
1.06119
1.06144
1.06184
1.06237
1.06303
1.06381
1.0647
1.06569
1.06676
1.06791
1.06912
1.0704
1.07172
1.07308
1.07447
1.07587
1.0773
1.07872
1.08015
1.08158
1.083
1.08441
1.08581
1.0872
1.08857
1.08994
1.09129
1.09265
1.09401
1.09538
1.09677
1.09819
1.09965
1.10117
1.10274
1.10439
1.10612
1.10794
1.10987
1.1119
1.11405
1.11631
1.11868
1.12116
1.12375
1.12643
1.12919
1.13201
1.13488
1.13778
1.1407
1.14359
1.14646
1.14927
1.152
1.15465
1.15718
1.15958
1.16185
1.16396
1.1659
1.16768
1.16927
1.17068
1.1719
1.17293
1.17378
1.17444
1.17492
1.17522
1.17534
1.17529
1.17508
1.17471
1.17419
1.17352
1.17271
1.17176
1.17069
1.16949
1.16818
1.16676
1.16523
1.1636
1.16188
1.16007
1.15817
1.15619
1.15413
1.152
1.14981
1.14755
1.14522
1.14284
1.14041
1.13793
1.1354
1.13284
1.13023
1.1276
1.12493
1.12224
1.11953
1.11681
1.11407
1.11132
1.10857
1.10582
1.10307
1.10033
1.0976
1.09489
1.0922
1.08954
1.08691
1.08431
1.08175
1.07924
1.07677
1.07436
1.07201
1.06973
1.06752
1.06539
1.06335
1.06139
1.05954
1.05779
1.05615
1.05463
1.05324
1.05198
1.05086
1.04987
1.04903
1.04834
1.0478
1.04741
1.04716
1.04707
1.04712
1.04731
1.04764
1.0481
1.04868
1.04938
1.05019
1.05109
1.05208
1.05314
1.05427
1.05546
1.05669
1.05795
1.05923
1.06053
1.06183
1.06312
1.06441
1.06567
1.06691
1.06811
1.06928
1.07041
1.07149
1.07252
1.0735
1.07443
1.07531
1.07614
1.07692
1.07764
1.07832
1.07895
1.07954
1.08009
1.0806
1.08109
1.08156
1.08201
1.08246
1.08292
1.08339
1.08389
1.08443
1.08502
1.08568
1.08642
1.08726
1.08821
1.08928
1.09049
1.09184
1.09336
1.09505
1.0969
1.09894
1.10116
1.10355
1.10612
1.10885
1.11174
1.11477
1.11793
1.12121
1.12457
1.12801
1.1315
1.13502
1.13855
1.14207
1.14556
1.14899
1.15235
1.15563
1.15879
1.16183
1.16472
1.16747
1.17004
1.17243
1.17464
1.17664
1.17843
1.18001
1.18136
1.18249
1.18338
1.18405
1.18448
1.18467
1.18465
1.1844
1.18393
1.18326
1.18239
1.18135
1.18014
1.17878
1.1773
1.17571
1.17402
1.17226
1.17045
1.16861
1.16675
1.16489
1.16305
1.16123
1.15945
1.15773
1.15606
1.15444
1.15289
1.1514
1.14996
1.14858
1.14725
1.14596
1.14471
1.1435
1.1423
1.14113
1.13997
1.13881
1.13765
1.13648
1.13531
1.13412
1.13291
1.13168
1.13042
1.12914
1.12784
1.12651
1.12515
1.12377
1.12237
1.12096
1.11953
1.11809
1.11666
1.11523
1.11381
1.11241
1.11105
1.10973
1.10846
1.10725
1.10611
1.10505
1.10408
1.10321
1.10245
1.10181
1.1013
1.10093
1.10069
1.10062
1.10069
1.10094
1.10136
1.10195
1.10272
1.10368
1.10483
1.10617
1.1077
1.10942
1.11133
1.11342
1.11569
1.11813
1.12072
1.12345
1.12631
1.12928
1.13233
1.13545
1.1386
1.14178
1.14494
1.14808
1.15117
1.15418
1.1571
1.1599
1.16259
1.16513
1.16752
1.16975
1.17182
1.17372
1.17546
1.17702
1.17842
1.17966
1.18074
1.18167
1.18245
1.18308
1.18356
1.18391
1.18413
1.18421
1.18415
1.18396
1.18364
1.18318
1.18257
1.18182
1.18092
1.17985
1.17861
1.1772
1.1756
1.17381
1.17182
1.16961
1.16719
1.16455
1.16168
1.15858
1.15525
1.1517
1.14793
1.14394
1.13976
1.1354
1.13089
1.12626
1.12154
1.11677
1.11199
1.10726
1.10261
1.09811
1.0938
1.08973
1.08595
1.08249
1.07939
1.07668
1.07435
1.07243
1.0709
1.06975
1.06895
1.06848
1.06831
1.06839
1.0687
1.06918
1.06982
1.07056
1.07139
1.07227
1.07318
1.07412
1.07505
1.07597
1.07688
1.07778
1.07865
1.07952
1.08037
1.08121
1.08204
1.08288
1.08372
1.08457
1.08544
1.08632
1.08722
1.08815
1.0891
1.09008
1.09108
1.0921
1.09315
1.09421
1.0953
1.09639
1.09749
1.09859
1.0997
1.1008
1.1019
1.10298
1.10405
1.1051
1.10613
1.10714
1.10812
1.10907
1.10999
1.11088
1.11175
1.11258
1.11338
1.11416
1.1149
1.11562
1.11632
1.117
1.11766
1.11829
1.11891
1.11952
1.12011
1.12068
1.12125
1.1218
1.12234
1.12287
1.12338
1.12387
1.12434
1.12479
1.12521
1.1256
1.12594
1.12624
1.12648
1.12667
1.12678
1.12682
1.12678
1.12666
1.12644
1.12612
1.12571
1.12519
1.12457
1.12385
1.12302
1.12209
1.12107
1.11995
1.11875
1.11747
1.11613
1.11473
1.11328
1.11181
1.11032
1.10882
1.10734
1.10588
1.10446
1.1031
1.1018
1.10057
1.09944
1.09841
1.09749
1.09669
1.09601
1.09546
1.09505
1.09478
1.09466
1.09468
1.09485
1.09516
1.09562
1.09621
1.09695
1.09781
1.0988
1.09991
1.10114
1.10247
1.10389
1.10541
1.107
1.10866
1.11038
1.11214
1.11395
1.11577
1.11761
1.11945
1.12128
1.12308
1.12485
1.12656
1.12822
1.12979
1.13129
1.13269
1.13398
1.13515
1.13619
1.13711
1.13787
1.13849
1.13896
1.13927
1.13942
1.13941
1.13925
1.13893
1.13847
1.13787
1.13713
1.13628
1.13533
1.13428
1.13316
1.13199
1.13079
1.12957
1.12837
1.1272
1.12609
1.12506
1.12413
1.12334
1.1227
1.12223
1.12195
1.12189
1.12206
1.12246
1.12312
1.12404
1.12522
1.12667
1.12839
1.13036
1.13258
1.13503
1.13771
1.14058
1.14363
1.14683
1.15016
1.15359
1.15708
1.16061
1.16414
1.16764
1.17109
1.17445
1.17769
1.18079
1.18372
1.18646
1.18897
1.19126
1.19329
1.19506
1.19656
1.19778
1.19871
1.19935
1.19971
1.19977
1.19956
1.19907
1.19832
1.19731
1.19605
1.19457
1.19287
1.19098
1.1889
1.18667
1.18428
1.18177
1.17915
1.17644
1.17365
1.17081
1.16793
1.16503
1.16212
1.15922
1.15635
1.15351
1.15073
1.14801
1.14537
1.14282
1.14038
1.13804
1.13582
1.13373
1.13178
1.12997
1.12831
1.1268
1.12546
1.12427
1.12325
1.12238
1.12168
1.12113
1.12072
1.12046
1.12033
1.12031
1.12041
1.1206
1.12087
1.12121
1.1216
1.12202
1.12247
1.12293
1.12338
1.12382
1.12422
1.1246
1.12493
1.12521
1.12545
1.12565
1.1258
1.12591
1.12599
1.12605
1.12609
1.12612
1.12617
1.12623
1.12633
1.12646
1.12666
1.12691
1.12724
1.12766
1.12816
1.12876
1.12945
1.13023
1.13112
1.13209
1.13314
1.13427
1.13547
1.13673
1.13802
1.13935
1.1407
1.14204
1.14337
1.14468
1.14594
1.14714
1.14827
1.14932
1.15028
1.15114
1.15188
1.15251
1.15302
1.15341
1.15367
1.1538
1.15382
1.15371
1.15348
1.15315
1.15272
1.1522
1.1516
1.15092
1.15019
1.1494
1.14857
1.1477
1.14682
1.14592
1.14501
1.1441
1.14319
1.14229
1.1414
1.14052
1.13966
1.13882
1.13799
1.13719
1.1364
1.13563
1.13489
1.13416
1.13345
1.13275
1.13208
1.13142
1.13078
1.13016
1.12955
1.12895
1.12837
1.12779
1.12723
1.12666
1.12611
1.12555
1.12499
1.12443
1.12387
1.1233
1.12272
1.12214
1.12154
1.12094
1.12034
1.11973
1.11911
1.1185
1.11789
1.11729
1.11671
1.11615
1.11563
1.11515
1.11473
1.11438
1.11411
1.11394
1.11388
1.11394
1.11414
1.11449
1.11501
1.11571
1.1166
1.1177
1.119
1.12051
1.12225
1.1242
1.12636
1.12874
1.13133
1.1341
1.13707
1.1402
1.14348
1.1469
1.15044
1.15408
1.15781
1.16159
1.16541
1.16925
1.1731
1.17692
1.18072
1.18446
1.18813
1.19171
1.19519
1.19856
1.20179
1.20489
1.20783
1.21062
1.21322
1.21565
1.21789
1.21993
1.22178
1.22341
1.22483
1.22603
1.22702
1.22778
1.22831
1.22862
1.22871
1.22856
1.22819
1.22759
1.22677
1.22574
1.22449
1.22304
1.22139
1.21955
1.21753
1.21535
1.213
1.21051
1.20789
1.20515
1.20231
1.1994
1.19642
1.1934
1.19035
1.18729
1.18425
1.18123
1.17827
1.17537
1.17255
1.16983
1.16723
1.16474
1.16239
1.16018
1.15812
1.1562
1.15443
1.15281
1.15134
1.15
1.1488
1.14772
1.14675
1.14589
1.14512
1.14443
1.14381
1.14325
1.14273
1.14224
1.14178
1.14132
1.14087
1.14042
1.13996
1.13948
1.13898
1.13846
1.13792
1.13735
1.13675
1.13612
1.13547
1.1348
1.1341
1.13339
1.13265
1.13191
1.13115
1.13039
1.12962
1.12884
1.12807
1.12729
1.12651
1.12574
1.12497
1.1242
1.12342
1.12265
1.12188
1.1211
1.12032
1.11954
1.11874
1.11793
1.11711
1.11628
1.11543
1.11456
1.11368
1.11277
1.11184
1.11088
1.1099
1.1089
1.10786
1.10679
1.10569
1.10455
1.10337
1.10215
1.10088
1.09955
1.09818
1.09674
1.09525
1.09369
1.09207
1.09038
1.08863
1.08681
1.08493
1.083
1.08102
1.07901
1.07696
1.07489
1.07282
1.07076
1.06873
1.06675
1.06483
1.06298
1.06124
1.05962
1.05813
1.05679
1.05563
1.05464
1.05386
1.05328
1.05292
1.05279
1.0529
1.05325
1.05383
1.05466
1.05574
1.05704
1.05859
1.06035
1.06234
1.06453
1.06691
1.06947
1.0722
1.07507
1.07807
1.08119
1.0844
1.08767
1.091
1.09435
1.09772
1.10106
1.10438
1.10765
1.11085
1.11396
1.11697
1.11987
1.12265
1.12528
1.12778
1.13012
1.13231
1.13433
1.13619
1.13789
1.13941
1.14077
1.14197
1.14301
1.14389
1.14461
1.14519
1.14563
1.14593
1.1461
1.14615
1.14608
1.14591
1.14563
1.14527
1.14482
1.14429
1.14369
1.14303
1.14232
1.14156
1.14077
1.13995
1.13911
1.13826
1.1374
1.13655
1.13571
1.13489
1.1341
1.13334
1.13263
1.13195
1.13133
1.13077
1.13026
1.12981
1.12943
1.12911
1.12885
1.12866
1.12854
1.12847
1.12847
1.12851
1.12862
1.12876
1.12895
1.12918
1.12944
1.12972
1.13003
1.13034
1.13067
1.13099
1.13132
1.13163
1.13192
1.13219
1.13244
1.13266
1.13283
1.13297
1.13306
1.13309
1.13308
1.133
1.13287
1.13267
1.13241
1.13208
1.13168
1.13121
1.13068
1.13008
1.12942
1.12869
1.12792
1.12709
1.12621
1.1253
1.12436
1.12339
1.1224
1.12141
1.12043
1.11945
1.1185
1.11757
1.11668
1.11583
1.11503
1.11428
1.11359
1.11296
1.1124
1.1119
1.11146
1.11109
1.11078
1.11052
1.11032
1.11016
1.11005
1.10998
1.10994
1.10994
1.10996
1.11
1.11006
1.11014
1.11024
1.11036
1.11051
1.11069
1.11091
1.11118
1.1115
1.11189
1.11237
1.11294
1.11362
1.11442
1.11537
1.11646
1.11772
1.11914
1.12073
1.12249
1.12443
1.12652
1.12877
1.13116
1.13367
1.13629
1.13898
1.14172
1.14448
1.14725
1.14998
1.15265
1.15523
1.1577
1.16003
1.16221
1.1642
1.166
1.16759
1.16896
1.1701
1.171
1.17166
1.17207
1.17223
1.17215
1.17183
1.17127
1.17048
1.16946
1.16822
1.16676
1.16511
1.16326
1.16124
1.15904
1.15667
1.15416
1.15151
1.14874
1.14585
1.14286
1.13979
1.13665
1.13346
1.13023
1.12699
1.12375
1.12053
1.11736
1.11426
1.11125
1.10836
1.10561
1.10302
1.10062
1.09844
1.09649
1.09481
1.0934
1.0923
1.0915
1.09103
1.0909
1.09109
1.09163
1.09249
1.09367
1.09517
1.09696
1.09903
1.10134
1.10389
1.10664
1.10956
1.11263
1.11582
1.1191
1.12245
1.12584
1.12925
1.13265
1.13604
1.13938
1.14266
1.14588
1.14901
1.15204
1.15496
1.15776
1.16043
1.16297
1.16535
1.16758
1.16964
1.17153
1.17324
1.17475
1.17606
1.17716
1.17805
1.17871
1.17915
1.17935
1.17932
1.17905
1.17855
1.17781
1.17685
1.17566
1.17426
1.17266
1.17086
1.16889
1.16675
1.16446
1.16204
1.15951
1.15689
1.1542
1.15145
1.14867
1.14587
1.14308
1.14032
1.13759
1.13493
1.13234
1.12984
1.12744
1.12515
1.12298
1.12094
1.11904
1.11727
1.11563
1.11414
1.11277
1.11154
1.11043
1.10943
1.10854
1.10774
1.10703
1.10638
1.10579
1.10524
1.10471
1.1042
1.1037
1.10318
1.10265
1.10209
1.1015
1.10086
1.10018
1.09946
1.09869
1.09788
1.09702
1.09613
1.09521
1.09427
1.09331
1.09235
1.09138
1.09043
1.0895
1.0886
1.08775
1.08694
1.08618
1.08549
1.08487
1.08432
1.08385
1.08346
1.08315
1.08292
1.08279
1.08273
1.08277
1.08289
1.0831
1.0834
1.0838
1.08428
1.08486
1.08553
1.0863
1.08716
1.08812
1.08917
1.09032
1.09155
1.09287
1.09427
1.09574
1.09728
1.09886
1.10048
1.10211
1.10376
1.10538
1.10698
1.10853
1.11
1.1114
1.11269
1.11386
1.11489
1.11578
1.11651
1.11707
1.11746
1.11767
1.1177
1.11754
1.1172
1.11668
1.11598
1.1151
1.11406
1.11287
1.11153
1.11005
1.10843
1.1067
1.10487
1.10293
1.10091
1.09882
1.09666
1.09445
1.09219
1.0899
1.08759
1.08525
1.08291
1.08058
1.07825
1.07594
1.07367
1.07144
1.06927
1.06716
1.06514
1.06322
1.06143
1.05977
1.05828
1.05697
1.05586
1.05498
1.05435
1.05398
1.05389
1.0541
1.05461
1.05544
1.05657
1.05802
1.05977
1.06181
1.06412
1.0667
1.06951
1.07253
1.07575
1.07913
1.08265
1.08629
1.09003
1.09383
1.0977
1.1016
1.10552
1.10946
1.1134
1.11732
1.12124
1.12513
1.12899
1.13282
1.13662
1.14038
1.14409
1.14775
1.15136
1.1549
1.15838
1.16178
1.16509
1.16832
1.17144
1.17444
1.17732
1.18006
1.18265
1.18507
1.18732
1.18937
1.19121
1.19283
1.19421
1.19533
1.1962
1.19678
1.19706
1.19705
1.19671
1.19605
1.19504
1.19369
1.19199
1.18992
1.1875
1.18471
1.18157
1.17808
1.17424
1.17008
1.16561
1.16086
1.15586
1.15064
1.14524
1.13972
1.13413
1.12852
1.12295
1.11749
1.1122
1.10714
1.10237
1.09794
1.09389
1.09027
1.08709
1.08437
1.08211
1.0803
1.07892
1.07794
1.07734
1.07707
1.07709
1.07737
1.07785
1.07851
1.0793
1.0802
1.08118
1.08221
1.0833
1.08441
1.08554
1.0867
1.08787
1.08908
1.09031
1.09158
1.0929
1.09426
1.09569
1.09719
1.09877
1.10042
1.10216
1.10399
1.1059
1.10789
1.10997
1.11212
1.11433
1.1166
1.1189
1.12124
1.12358
1.12592
1.12823
1.13049
1.13269
1.13479
1.13677
1.13862
1.14032
1.14182
1.14313
1.14421
1.14506
1.14564
1.14595
1.14597
1.1457
1.14513
1.14424
1.14305
1.14154
1.13973
1.13761
1.1352
1.1325
1.12952
1.1263
1.12283
1.11914
1.11526
1.1112
1.107
1.10267
1.09826
1.09378
1.08926
1.08475
1.08026
1.07583
1.07148
1.06726
1.06318
1.05928
1.05558
1.0521
1.04886
1.04589
1.0432
1.0408
1.0387
1.03692
1.03544
1.03427
1.0334
1.03283
1.03255
1.03253
1.03278
1.03327
1.03398
1.03489
1.03598
1.03723
1.03861
1.0401
1.04169
1.04335
1.04507
1.04682
1.04858
1.05035
1.05211
1.05384
1.05554
1.0572
1.05881
1.06037
1.06186
1.06329
1.06466
1.06596
1.06721
1.0684
1.06953
1.07061
1.07165
1.07266
1.07364
1.07461
1.07556
1.07652
1.07749
1.07848
1.07951
1.08057
1.08169
1.08287
1.08411
1.08542
1.08682
1.0883
1.08986
1.09152
1.09326
1.0951
1.09703
1.09905
1.10116
1.10336
1.10563
1.10798
1.1104
1.11287
1.1154
1.11796
1.12054
1.12314
1.12573
1.1283
1.13083
1.1333
1.1357
1.13801
1.14021
1.14227
1.14419
1.14594
1.14752
1.14889
1.15006
1.15102
1.15174
1.15224
1.1525
1.15254
1.15235
1.15194
1.15133
1.15053
1.14957
1.14847
1.14726
1.14596
1.1446
1.14323
1.14188
1.14058
1.13937
1.13827
1.13731
1.13653
1.13595
1.13558
1.13544
1.13555
1.1359
1.13651
1.13736
1.13845
1.13978
1.14133
1.14309
1.14503
1.14715
1.14942
1.15183
1.15436
1.15699
1.1597
1.16248
1.16531
1.16817
1.17106
1.17396
1.17685
1.17973
1.18259
1.1854
1.18816
1.19086
1.19349
1.19603
1.19847
1.2008
1.203
1.20507
1.20699
1.20875
1.21033
1.21173
1.21293
1.21392
1.2147
1.21525
1.21558
1.21567
1.21553
1.21514
1.21452
1.21366
1.21257
1.21126
1.20973
1.208
1.20607
1.20396
1.2017
1.19928
1.19674
1.1941
1.19136
1.18857
1.18573
1.18288
1.18004
1.17723
1.17446
1.17177
1.16918
1.1667
1.16435
1.16216
1.16012
1.15827
1.1566
1.15513
1.15385
1.15279
1.15192
1.15125
1.15078
1.1505
1.15039
1.15046
1.15067
1.15102
1.15149
1.15207
1.15273
1.15346
1.15425
1.15506
1.1559
1.15673
1.15755
1.15833
1.15908
1.15977
1.1604
1.16096
1.16143
1.16182
1.16212
1.16234
1.16246
1.16248
1.16242
1.16227
1.16203
1.16171
1.16131
1.16084
1.1603
1.15969
1.15903
1.15831
1.15754
1.15672
1.15586
1.15496
1.15402
1.15305
1.15203
1.15098
1.14988
1.14873
1.14754
1.14629
1.14498
1.1436
1.14216
1.14065
1.13906
1.13739
1.13565
1.13382
1.13192
1.12995
1.12791
1.12581
1.12366
1.12148
1.11926
1.11704
1.1148
1.11259
1.11039
1.10824
1.10614
1.1041
1.10215
1.10028
1.09852
1.09687
1.09534
1.09394
1.09266
1.09152
1.0905
1.08963
1.08888
1.08826
1.08777
1.08739
1.08713
1.08697
1.08691
1.08694
1.08704
1.08721
1.08743
1.0877
1.088
1.08832
1.08865
1.08898
1.08931
1.08963
1.08993
1.0902
1.09044
1.09065
1.09083
1.09097
1.09109
1.09118
1.09124
1.09129
1.09132
1.09135
1.09138
1.09142
1.09147
1.09155
1.09165
1.09179
1.09198
1.09221
1.09249
1.09283
1.09321
1.09366
1.09415
1.0947
1.09529
1.09593
1.09661
1.09731
1.09805
1.0988
1.09956
1.10032
1.10108
1.10182
1.10254
1.10322
1.10387
1.10448
1.10504
1.10554
1.10599
1.10637
1.10669
1.10693
1.10711
1.10722
1.10726
1.10722
1.10712
1.10694
1.1067
1.1064
1.10602
1.10559
1.10511
1.10457
1.10398
1.10335
1.10268
1.10198
1.10124
1.10049
1.09972
1.09893
1.09814
1.09735
1.09655
1.09577
1.095
1.09425
1.09352
1.09281
1.09212
1.09147
1.09084
1.09024
1.08968
1.08914
1.08864
1.08817
1.08773
1.08733
1.08696
1.08661
1.0863
1.08602
1.08576
1.08553
1.08533
1.08515
1.08498
1.08484
1.0847
1.08457
1.08444
1.08431
1.08418
1.08403
1.08386
1.08367
1.08345
1.08319
1.0829
1.08257
1.08219
1.08177
1.0813
1.08079
1.08023
1.07963
1.07899
1.07833
1.07763
1.07692
1.0762
1.07548
1.07477
1.07409
1.07343
1.07281
1.07225
1.07175
1.07131
1.07095
1.07068
1.07049
1.07038
1.07036
1.07042
1.07055
1.07076
1.07101
1.07131
1.07164
1.07198
1.07232
1.07263
1.0729
1.07312
1.07326
1.07331
1.07325
1.07307
1.07277
1.07232
1.07173
1.07099
1.07008
1.06902
1.0678
1.06641
1.06488
1.06319
1.06136
1.0594
1.05731
1.0551
1.0528
1.05041
1.04795
1.04544
1.04289
1.04033
1.03777
1.03523
1.03274
1.03032
1.02798
1.02575
1.02365
1.02169
1.01988
1.01825
1.0168
1.01555
1.0145
1.01365
1.013
1.01256
1.01232
1.01226
1.01239
1.01269
1.01314
1.01374
1.01445
1.01528
1.01619
1.01717
1.01821
1.01928
1.02039
1.0215
1.02263
1.02374
1.02485
1.02593
1.02699
1.02803
1.02904
1.03003
1.03098
1.03191
1.03282
1.03372
1.0346
1.03547
1.03635
1.03723
1.03812
1.03903
1.03996
1.04094
1.04196
1.04304
1.04418
1.04541
1.04672
1.04814
1.04967
1.05132
1.0531
1.05503
1.0571
1.05934
1.06173
1.0643
1.06703
1.06993
1.073
1.07624
1.07962
1.08316
1.08682
1.09061
1.09451
1.09849
1.10254
1.10665
1.11078
1.11492
1.11904
1.12313
1.12716
1.13112
1.13497
1.1387
1.14229
1.14572
1.14898
1.15204
1.1549
1.15754
1.15995
1.16212
1.16403
1.16568
1.16706
1.16817
1.169
1.16954
1.1698
1.16976
1.16944
1.16884
1.16795
1.16678
1.16534
1.16363
1.16167
1.15947
1.15704
1.1544
1.15156
1.14855
1.14538
1.14208
1.13868
1.1352
1.13167
1.12812
1.12458
1.12107
1.11764
1.11431
1.11111
1.10806
1.10519
1.10253
1.1001
1.0979
1.09596
1.09428
1.09286
1.09171
1.09081
1.09017
1.08975
1.08955
1.08954
1.0897
1.08999
1.09038
1.09084
1.09134
1.09183
1.09229
1.09269
1.09298
1.09315
1.09317
1.09301
1.09265
1.09209
1.0913
1.09028
1.08904
1.08756
1.08587
1.08397
1.08187
1.07961
1.07719
1.07465
1.07201
1.0693
1.06657
1.06383
1.06113
1.05851
1.05598
1.0536
1.05139
1.04939
1.04762
1.04612
1.04492
1.04404
1.04349
1.04331
1.0435
1.04408
1.04505
1.04643
1.04819
1.05035
1.05288
1.05576
1.05899
1.06252
1.06634
1.07041
1.0747
1.07918
1.08381
1.08856
1.09339
1.09827
1.10317
1.10806
1.11292
1.11771
1.12242
1.12702
1.13151
1.13586
1.14007
1.14412
1.14801
1.15173
1.15528
1.15864
1.16183
1.16483
1.16766
1.1703
1.17277
1.17506
1.17718
1.17913
1.18091
1.18253
1.18399
1.1853
1.18645
1.18747
1.18834
1.18908
1.18969
1.19018
1.19054
1.1908
1.19094
1.19099
1.19094
1.1908
1.19058
1.19029
1.18993
1.18951
1.18904
1.18853
1.18798
1.18741
1.18683
1.18625
1.18567
1.18512
1.18459
1.18411
1.18367
1.1833
1.18299
1.18275
1.18258
1.18249
1.18249
1.18256
1.1827
1.18291
1.18318
1.1835
1.18386
1.18425
1.18466
1.18507
1.18547
1.18585
1.18618
1.18647
1.18669
1.18683
1.18689
1.18686
1.18672
1.18647
1.18612
1.18565
1.18508
1.1844
1.18361
1.18274
1.18177
1.18073
1.17962
1.17847
1.17727
1.17605
1.17483
1.17361
1.17243
1.17128
1.1702
1.16918
1.16826
1.16743
1.16672
1.16613
1.16566
1.16533
1.16512
1.16505
1.16511
1.16528
1.16557
1.16595
1.16641
1.16694
1.16751
1.1681
1.16869
1.16924
1.16975
1.17017
1.17047
1.17064
1.17065
1.17047
1.17007
1.16943
1.16853
1.16735
1.16587
1.16408
1.16197
1.15953
1.15675
1.15364
1.15019
1.14642
1.14234
1.13796
1.13331
1.12841
1.12329
1.11799
1.11255
1.107
1.1014
1.09578
1.09019
1.08469
1.07931
1.07409
1.06908
1.0643
1.05979
1.05556
1.05165
1.04805
1.04477
1.04182
1.03918
1.03687
1.03485
1.03312
1.03167
1.03048
1.02953
1.02881
1.02831
1.02799
1.02786
1.0279
1.02809
1.02843
1.02889
1.02948
1.03018
1.03099
1.0319
1.03291
1.034
1.03518
1.03645
1.0378
1.03923
1.04074
1.04233
1.04401
1.04576
1.0476
1.04953
1.05153
1.05362
1.0558
1.05805
1.06039
1.0628
1.06529
1.06785
1.07048
1.07317
1.07592
1.07872
1.08155
1.08442
1.08732
1.09022
1.09313
1.09603
1.09892
1.10178
1.1046
1.10736
1.11007
1.11271
1.11526
1.11773
1.1201
1.12236
1.1245
1.12653
1.12843
1.13019
1.13182
1.1333
1.13464
1.13584
1.13689
1.13779
1.13854
1.13915
1.13962
1.13995
1.14014
1.1402
1.14013
1.13993
1.13962
1.13919
1.13866
1.13802
1.13729
1.13647
1.13557
1.13459
1.13353
1.13241
1.13123
1.12998
1.12868
1.12732
1.12592
1.12447
1.12297
1.12144
1.11986
1.11825
1.11662
1.11495
1.11327
1.11157
1.10986
1.10814
1.10644
1.10474
1.10308
1.10144
1.09986
1.09833
1.09687
1.09549
1.0942
1.09302
1.09195
1.09102
1.09022
1.08957
1.08906
1.08872
1.08853
1.0885
1.08863
1.08892
1.08936
1.08994
1.09066
1.0915
1.09246
1.09352
1.09466
1.09588
1.09716
1.09848
1.09983
1.10119
1.10255
1.1039
1.10521
1.10649
1.10773
1.1089
1.11001
1.11106
1.11203
1.11293
1.11375
1.11449
1.11516
1.11575
1.11628
1.11674
1.11715
1.1175
1.1178
1.11807
1.1183
1.11852
1.11872
1.11892
1.11912
1.11933
1.11957
1.11982
1.12011
1.12044
1.12081
1.12123
1.12169
1.12221
1.12279
1.12342
1.12411
1.12485
1.12565
1.12651
1.12742
1.12837
1.12937
1.13042
1.1315
1.13262
1.13376
1.13493
1.13612
1.13732
1.13853
1.13974
1.14095
1.14214
1.14331
1.14446
1.14557
1.14664
1.14765
1.1486
1.14947
1.15026
1.15095
1.15153
1.152
1.15233
1.15252
1.15257
1.15245
1.15216
1.15169
1.15104
1.15019
1.14915
1.1479
1.14645
1.1448
1.14294
1.14088
1.13863
1.13617
1.13354
1.13072
1.12774
1.1246
1.12132
1.1179
1.11437
1.11074
1.10701
1.10322
1.09938
1.09551
1.09162
1.08774
1.08389
1.08007
1.07632
1.07265
1.06908
1.06562
1.0623
1.05913
1.05613
1.05332
1.0507
1.04829
1.04611
1.04416
1.04245
1.041
1.03981
1.03888
1.03823
1.03785
1.03775
1.03792
1.03838
1.03911
1.04012
1.0414
1.04295
1.04476
1.04682
1.04914
1.0517
1.05449
1.0575
1.06072
1.06413
1.06773
1.07148
1.07537
1.07939
1.08351
1.08771
1.09197
1.09626
1.10057
1.10486
1.10911
1.11331
1.11742
1.12142
1.12531
1.12905
1.13263
1.13603
1.13924
1.14224
1.14504
1.14761
1.14996
1.15208
1.15396
1.15561
1.15703
1.15821
1.15918
1.15992
1.16045
1.16078
1.16092
1.16087
1.16064
1.16025
1.1597
1.159
1.15818
1.15722
1.15615
1.15497
1.15369
1.15232
1.15087
1.14933
1.14772
1.14605
1.14431
1.14252
1.14068
1.13879
1.13687
1.13491
1.13292
1.13091
1.12889
1.12687
1.12484
1.12283
1.12083
1.11886
1.11692
1.11503
1.11318
1.1114
1.10969
1.10805
1.10651
1.10506
1.1037
1.10245
1.10131
1.10028
1.09936
1.09855
1.09785
1.09727
1.09678
1.0964
1.09612
1.09593
1.09583
1.09581
1.09587
1.09601
1.09621
1.09649
1.09684
1.09726
1.09776
1.09833
1.09899
1.09974
1.10058
1.10154
1.10261
1.10382
1.10516
1.10666
1.10831
1.11013
1.11213
1.11431
1.11667
1.11922
1.12195
1.12486
1.12795
1.13122
1.13464
1.13821
1.14193
1.14576
1.14971
1.15375
1.15786
1.16204
1.16625
1.17048
1.17472
1.17895
1.18314
1.18728
1.19134
1.19533
1.19921
1.20296
1.20658
1.21004
1.21333
1.21644
1.21934
1.22202
1.22447
1.22668
1.22864
1.23033
1.23176
1.23291
1.23377
1.23435
1.23463
1.23463
1.23432
1.23373
1.23284
1.23165
1.23017
1.22839
1.22633
1.22398
1.22136
1.21845
1.21526
1.2118
1.20808
1.2041
1.19986
1.19538
1.19066
1.18572
1.18057
1.17522
1.1697
1.16403
1.15824
1.15236
1.14643
1.14049
1.13458
1.12876
1.12308
1.1176
1.11236
1.10743
1.10286
1.09871
1.095
1.09179
1.0891
1.08694
1.08532
1.08424
1.08368
1.08363
1.08404
1.08487
1.08609
1.08764
1.08946
1.09152
1.09375
1.09612
1.09857
1.10107
1.10357
1.10605
1.10847
1.11082
1.11308
1.11523
1.11726
1.11916
1.12093
1.12256
1.12405
1.12541
1.12663
1.12773
1.1287
1.12954
1.13028
1.1309
1.13141
1.13182
1.13213
1.13234
1.13245
1.13247
1.1324
1.13223
1.13196
1.13161
1.13115
1.13061
1.12996
1.12922
1.12837
1.12742
1.12637
1.1252
1.12393
1.12255
1.12106
1.11945
1.11772
1.11588
1.11391
1.11183
1.10963
1.10732
1.10489
1.10235
1.0997
1.09696
1.09413
1.09123
1.08826
1.08525
1.08221
1.07917
1.07614
1.07316
1.07025
1.06743
1.06473
1.06217
1.0598
1.05762
1.05566
1.05395
1.05251
1.05134
1.05047
1.04989
1.04962
1.04966
1.05001
1.05065
1.05158
1.0528
1.05429
1.05603
1.05801
1.06021
1.06262
1.06523
1.06801
1.07095
1.07403
1.07725
1.08058
1.08402
1.08755
1.09116
1.09484
1.09858
1.10237
1.1062
1.11005
1.11393
1.11782
1.12171
1.1256
1.12947
1.13333
1.13716
1.14095
1.14471
1.14842
1.15207
1.15568
1.15922
1.1627
1.1661
1.16944
1.1727
1.17589
1.179
1.18204
1.185
1.18787
1.19067
1.19338
1.19601
1.19855
1.20101
1.20337
1.20565
1.20783
1.2099
1.21187
1.21373
1.21547
1.21708
1.21856
1.2199
1.22109
1.22213
1.22299
1.22368
1.22418
1.22448
1.22457
1.22443
1.22407
1.22346
1.22261
1.22149
1.2201
1.21845
1.21651
1.2143
1.2118
1.20903
1.20597
1.20265
1.19908
1.19526
1.19123
1.187
1.18261
1.17808
1.17345
1.16876
1.16405
1.15936
1.15474
1.15023
1.14587
1.1417
1.13776
1.13406
1.13063
1.1275
1.12467
1.12213
1.1199
1.11796
1.1163
1.1149
1.11374
1.11281
1.11207
1.1115
1.1111
1.11083
1.11068
1.11064
1.11068
1.11082
1.11103
1.11132
1.11167
1.11208
1.11256
1.11311
1.11371
1.11439
1.11512
1.11592
1.11679
1.11772
1.11871
1.11977
1.12089
1.12207
1.12331
1.1246
1.12595
1.12735
1.12879
1.13028
1.13182
1.13338
1.13499
1.13662
1.13828
1.13995
1.14165
1.14335
1.14506
1.14677
1.14848
1.15017
1.15184
1.15348
1.15509
1.15666
1.15819
1.15966
1.16107
1.16242
1.16369
1.16489
1.166
1.16703
1.16797
1.16882
1.16959
1.17027
1.17086
1.17138
1.17183
1.17222
1.17256
1.17285
1.1731
1.17334
1.17357
1.17381
1.17405
1.17433
1.17464
1.175
1.17542
1.17589
1.17642
1.17701
1.17765
1.17834
1.17906
1.17981
1.18057
1.18131
1.18202
1.18267
1.18324
1.1837
1.18402
1.18418
1.18414
1.18389
1.18339
1.18262
1.18156
1.18019
1.17849
1.17645
1.17405
1.17131
1.1682
1.16473
1.1609
1.15674
1.15224
1.14742
1.14232
1.13695
1.13133
1.12551
1.11951
1.11337
1.10713
1.10083
1.09451
1.08821
1.08197
1.07584
1.06984
1.06403
1.05844
1.05309
1.04803
1.04328
1.03886
1.03479
1.03109
1.02778
1.02486
1.02233
1.0202
1.01846
1.01711
1.01613
1.01551
1.01523
1.01527
1.01561
1.01622
1.01708
1.01814
1.0194
1.02081
1.02234
1.02397
1.02565
1.02737
1.02909
1.03079
1.03245
1.03403
1.03552
1.03691
1.03817
1.03931
1.0403
1.04115
1.04185
1.04241
1.04282
1.04309
1.04324
1.04327
1.04321
1.04306
1.04284
1.04257
1.04227
1.04197
1.04169
1.04144
1.04125
1.04114
1.04114
1.04126
1.04152
1.04194
1.04254
1.04332
1.04431
1.04551
1.04693
1.04857
1.05045
1.05256
1.05489
1.05746
1.06024
1.06324
1.06644
1.06983
1.07339
1.07711
1.08098
1.08497
1.08906
1.09323
1.09746
1.10172
1.10599
1.11025
1.11448
1.11864
1.12273
1.12672
1.13058
1.13431
1.13787
1.14127
1.14447
1.14748
1.15027
1.15283
1.15516
1.15725
1.1591
1.16068
1.16201
1.16308
1.16389
1.16443
1.16471
1.16473
1.16449
1.16399
1.16323
1.16223
1.16098
1.1595
1.15779
1.15586
1.15372
1.15138
1.14884
1.14613
1.14326
1.14023
1.13707
1.13378
1.13039
1.12691
1.12335
1.11973
1.11608
1.1124
1.10871
1.10504
1.10139
1.09779
1.09424
1.09078
1.0874
1.08413
1.08099
1.07797
1.07511
1.07241
1.06988
1.06753
1.06537
1.06342
1.06168
1.06016
1.05886
1.05779
1.05696
1.05636
1.05601
1.05588
1.056
1.05634
1.05691
1.05771
1.05872
1.05993
1.06135
1.06296
1.06475
1.0667
1.0688
1.07104
1.07341
1.0759
1.07848
1.08115
1.08389
1.08668
1.08953
1.0924
1.0953
1.09821
1.10112
1.10403
1.10693
1.10982
1.11268
1.11553
1.11835
1.12115
1.12393
1.1267
1.12945
1.13219
1.13493
1.13766
1.1404
1.14315
1.14591
1.14869
1.15149
1.15432
1.15717
1.16004
1.16293
1.16584
1.16877
1.17169
1.17462
1.17752
1.18041
1.18324
1.18603
1.18875
1.19138
1.1939
1.19631
1.19858
1.2007
1.20265
1.20441
1.20596
1.2073
1.2084
1.20926
1.20986
1.21018
1.21023
1.20999
1.20945
1.20862
1.20749
1.20605
1.20432
1.20229
1.19997
1.19737
1.1945
1.19137
1.18799
1.18438
1.18056
1.17655
1.17236
1.16802
1.16356
1.159
1.15436
1.14967
1.14495
1.14022
1.13552
1.13086
1.12627
1.12177
1.11737
1.11311
1.10898
1.10501
1.10121
1.09759
1.09416
1.09092
1.08789
