#     ISTANT_POTENTIAL:
-6.79298
-6.79266
-6.79212
-6.79137
-6.7904
-6.78921
-6.78779
-6.78615
-6.78428
-6.78218
-6.77983
-6.77724
-6.77408
-6.77097
-6.76743
-6.76331
-6.7589
-6.75434
-6.74946
-6.7441
-6.7387
-6.73233
-6.72574
-6.71891
-6.71137
-6.7034
-6.69529
-6.68611
-6.6769
-6.66674
-6.65665
-6.64542
-6.63391
-6.62196
-6.60999
-6.59709
-6.58293
-6.56854
-6.55285
-6.53675
-6.51976
-6.50232
-6.48443
-6.46561
-6.44601
-6.42608
-6.40612
-6.38432
-6.36206
-6.33874
-6.31528
-6.29051
-6.26491
-6.23897
-6.21272
-6.18622
-6.15876
-6.13116
-6.1027
-6.07423
-6.04518
-6.01593
-5.98716
-5.95833
-5.9292
-5.90014
-5.87061
-5.84204
-5.81343
-5.78529
-5.75768
-5.73051
-5.70323
-5.67649
-5.65111
-5.62638
-5.60234
-5.57845
-5.55596
-5.53387
-5.51282
-5.49285
-5.47357
-5.45485
-5.43796
-5.42232
-5.40735
-5.3937
-5.38109
-5.37028
-5.36039
-5.35172
-5.34396
-5.3377
-5.33231
-5.32776
-5.32477
-5.32268
-5.32127
-5.32138
-5.3222
-5.32393
-5.3259
-5.32892
-5.33185
-5.33567
-5.33968
-5.34411
-5.34873
-5.35378
-5.35873
-5.36354
-5.36829
-5.3728
-5.37702
-5.38108
-5.38542
-5.38941
-5.39348
-5.39659
-5.39993
-5.4026
-5.40522
-5.40839
-5.41107
-5.41358
-5.41548
-5.41739
-5.41888
-5.42055
-5.42213
-5.42424
-5.42538
-5.42678
-5.42782
-5.42854
-5.43043
-5.43124
-5.43234
-5.43387
-5.43507
-5.43625
-5.43771
-5.43853
-5.43947
-5.44037
-5.44184
-5.4422
-5.44342
-5.44445
-5.44527
-5.44604
-5.44677
-5.44731
-5.44813
-5.44848
-5.44927
-5.45023
-5.45075
-5.45145
-5.45281
-5.45422
-5.45509
-5.4565
-5.45767
-5.45848
-5.45981
-5.46166
-5.46296
-5.46415
-5.46522
-5.46688
-5.46822
-5.46906
-5.46997
-5.47154
-5.47252
-5.4735
-5.47401
-5.47387
-5.47397
-5.47416
-5.47382
-5.4731
-5.47215
-5.47158
-5.4702
-5.46876
-5.46684
-5.46505
-5.46296
-5.46119
-5.45872
-5.45617
-5.45387
-5.45169
-5.4495
-5.44732
-5.44533
-5.44369
-5.44137
-5.43929
-5.43747
-5.43563
-5.43376
-5.4325
-5.43124
-5.4297
-5.42848
-5.42761
-5.42708
-5.42691
-5.42681
-5.42678
-5.42745
-5.42837
-5.42925
-5.42981
-5.43111
-5.43256
-5.43446
-5.43684
-5.43938
-5.44269
-5.44603
-5.44983
-5.45378
-5.45803
-5.46238
-5.46683
-5.47181
-5.47651
-5.48272
-5.4883
-5.49364
-5.49916
-5.50483
-5.5103
-5.51599
-5.52125
-5.52637
-5.53146
-5.53694
-5.5416
-5.54585
-5.55
-5.55372
-5.55687
-5.55988
-5.56247
-5.56508
-5.56773
-5.56966
-5.57178
-5.57352
-5.57502
-5.57616
-5.57739
-5.57798
-5.57854
-5.57834
-5.57874
-5.5787
-5.57853
-5.5781
-5.57803
-5.5774
-5.57715
-5.57682
-5.57597
-5.57536
-5.5747
-5.57383
-5.57323
-5.57152
-5.57083
-5.56994
-5.56932
-5.56805
-5.56764
-5.56689
-5.56578
-5.56402
-5.56265
-5.56152
-5.56002
-5.55845
-5.55711
-5.55522
-5.55339
-5.55162
-5.5499
-5.54792
-5.54583
-5.54348
-5.5407
-5.53826
-5.5357
-5.53287
-5.53008
-5.52732
-5.52401
-5.52075
-5.51784
-5.5144
-5.51089
-5.50731
-5.50382
-5.49984
-5.49582
-5.49207
-5.48861
-5.48498
-5.48104
-5.47771
-5.47407
-5.47044
-5.46681
-5.46348
-5.45969
-5.45591
-5.45196
-5.44831
-5.44449
-5.4411
-5.43725
-5.43352
-5.42993
-5.42647
-5.423
-5.41891
-5.41513
-5.41135
-5.4073
-5.40329
-5.39949
-5.39591
-5.39198
-5.38801
-5.38479
-5.38188
-5.37884
-5.37646
-5.37385
-5.37164
-5.36938
-5.36724
-5.36584
-5.36459
-5.36379
-5.36345
-5.36312
-5.3634
-5.36445
-5.3646
-5.36565
-5.3673
-5.36878
-5.37053
-5.37254
-5.37494
-5.37756
-5.38024
-5.38296
-5.3866
-5.38993
-5.39353
-5.39679
-5.39998
-5.40339
-5.40699
-5.41047
-5.41455
-5.41847
-5.42191
-5.42545
-5.42909
-5.43236
-5.4363
-5.43939
-5.44253
-5.44571
-5.44846
-5.45184
-5.45433
-5.45668
-5.45903
-5.46107
-5.46309
-5.46494
-5.46736
-5.46943
-5.471
-5.47236
-5.47334
-5.47364
-5.47414
-5.47408
-5.47437
-5.47454
-5.47398
-5.4733
-5.47219
-5.47066
-5.46977
-5.46772
-5.46544
-5.46265
-5.45998
-5.45746
-5.45436
-5.45149
-5.44873
-5.44673
-5.44418
-5.44157
-5.43863
-5.43615
-5.43403
-5.43212
-5.43014
-5.42886
-5.42723
-5.42628
-5.42541
-5.42443
-5.42453
-5.42448
-5.42423
-5.42421
-5.42421
-5.42406
-5.42403
-5.42393
-5.42388
-5.42311
-5.42312
-5.42222
-5.42147
-5.41951
-5.41845
-5.41693
-5.41543
-5.4138
-5.4119
-5.4096
-5.40737
-5.40568
-5.4032
-5.40084
-5.39862
-5.39595
-5.39391
-5.3916
-5.38978
-5.38755
-5.38554
-5.38358
-5.3823
-5.38048
-5.37859
-5.37707
-5.37578
-5.37382
-5.37226
-5.37108
-5.37031
-5.36951
-5.36882
-5.36795
-5.36722
-5.36664
-5.36622
-5.36595
-5.36585
-5.36561
-5.36584
-5.36637
-5.36675
-5.36786
-5.36894
-5.36981
-5.3709
-5.37218
-5.37317
-5.37401
-5.37495
-5.37612
-5.37689
-5.37815
-5.37942
-5.37946
-5.38006
-5.38002
-5.3805
-5.38046
-5.37958
-5.3789
-5.37827
-5.37709
-5.37534
-5.37364
-5.37153
-5.36918
-5.36674
-5.36438
-5.3615
-5.35796
-5.35514
-5.35125
-5.34752
-5.34367
-5.33988
-5.33557
-5.33167
-5.32776
-5.3231
-5.31909
-5.31497
-5.31108
-5.30773
-5.30418
-5.30089
-5.29727
-5.29392
-5.29038
-5.28711
-5.28379
-5.28089
-5.27839
-5.27553
-5.27261
-5.27009
-5.26782
-5.26565
-5.26373
-5.26132
-5.25934
-5.25749
-5.25566
-5.25384
-5.25297
-5.25154
-5.25035
-5.2503
-5.25006
-5.24979
-5.2495
-5.24981
-5.25089
-5.25212
-5.25366
-5.25521
-5.25752
-5.25969
-5.26261
-5.26566
-5.26854
-5.27154
-5.27554
-5.27933
-5.28304
-5.28725
-5.29211
-5.29698
-5.30201
-5.30687
-5.31199
-5.31752
-5.32344
-5.32913
-5.33442
-5.33976
-5.34574
-5.35144
-5.35715
-5.36303
-5.36861
-5.37404
-5.37992
-5.3858
-5.39137
-5.3974
-5.40343
-5.40901
-5.41459
-5.42078
-5.42652
-5.43181
-5.43785
-5.44357
-5.44898
-5.45481
-5.46016
-5.46575
-5.47066
-5.47639
-5.48127
-5.48616
-5.49121
-5.49594
-5.50065
-5.50471
-5.50915
-5.51337
-5.5172
-5.52063
-5.52396
-5.52688
-5.52939
-5.53134
-5.53305
-5.53467
-5.53636
-5.53768
-5.53894
-5.54002
-5.54168
-5.54229
-5.54321
-5.54372
-5.54443
-5.5449
-5.54501
-5.54551
-5.54536
-5.54533
-5.54542
-5.5455
-5.5454
-5.54559
-5.54591
-5.54606
-5.54589
-5.54599
-5.5459
-5.54623
-5.54591
-5.54524
-5.54482
-5.54419
-5.54351
-5.54382
-5.54333
-5.54279
-5.54235
-5.54172
-5.54107
-5.54054
-5.53986
-5.53933
-5.53866
-5.53802
-5.53696
-5.5361
-5.53468
-5.53437
-5.53412
-5.53377
-5.53302
-5.53278
-5.53258
-5.53272
-5.53273
-5.53275
-5.53247
-5.53217
-5.53171
-5.53152
-5.53113
-5.53115
-5.53022
-5.52983
-5.52924
-5.52859
-5.52789
-5.52731
-5.52669
-5.52634
-5.52583
-5.52502
-5.52467
-5.52435
-5.52393
-5.52326
-5.52267
-5.52201
-5.52177
-5.52179
-5.52209
-5.52224
-5.52238
-5.52268
-5.52345
-5.52392
-5.52457
-5.52585
-5.52698
-5.52827
-5.53016
-5.53189
-5.53375
-5.53572
-5.53763
-5.53991
-5.5418
-5.54447
-5.54671
-5.54862
-5.5502
-5.55263
-5.55437
-5.55661
-5.55873
-5.56069
-5.56218
-5.56379
-5.56504
-5.56622
-5.56717
-5.56788
-5.5682
-5.56811
-5.56777
-5.56703
-5.56694
-5.56586
-5.56485
-5.56316
-5.5611
-5.55885
-5.55703
-5.55504
-5.55246
-5.55006
-5.54741
-5.54468
-5.5419
-5.54
-5.53719
-5.53456
-5.53227
-5.5293
-5.52657
-5.52367
-5.5212
-5.5189
-5.51737
-5.51544
-5.51386
-5.51251
-5.51198
-5.51153
-5.51057
-5.51014
-5.50994
-5.51027
-5.5102
-5.51048
-5.51108
-5.51185
-5.5126
-5.51347
-5.51458
-5.51531
-5.51624
-5.51765
-5.51905
-5.52029
-5.52104
-5.52219
-5.52311
-5.52411
-5.52532
-5.52599
-5.52654
-5.52714
-5.52793
-5.5283
-5.52857
-5.52917
-5.52892
-5.52916
-5.5284
-5.52846
-5.52769
-5.52729
-5.52668
-5.52603
-5.52533
-5.52446
-5.52389
-5.52377
-5.52337
-5.5227
-5.52238
-5.52229
-5.52198
-5.52101
-5.52136
-5.52183
-5.52182
-5.52194
-5.52251
-5.52262
-5.52302
-5.52387
-5.52515
-5.52566
-5.52644
-5.52777
-5.52935
-5.5307
-5.53272
-5.53433
-5.53596
-5.53761
-5.53924
-5.54086
-5.54228
-5.54336
-5.54452
-5.54636
-5.54722
-5.54875
-5.54974
-5.55063
-5.55203
-5.55304
-5.55365
-5.55433
-5.55522
-5.55604
-5.55634
-5.55658
-5.55738
-5.55767
-5.55824
-5.55864
-5.55872
-5.55925
-5.55903
-5.55928
-5.5594
-5.56001
-5.5602
-5.5603
-5.5606
-5.56082
-5.56141
-5.56238
-5.56282
-5.56334
-5.5641
-5.5651
-5.56604
-5.56751
-5.56877
-5.57026
-5.57168
-5.57271
-5.57395
-5.57555
-5.57764
-5.57915
-5.58054
-5.58238
-5.5839
-5.5857
-5.5873
-5.58885
-5.59047
-5.59184
-5.59281
-5.59411
-5.59542
-5.59658
-5.59728
-5.59794
-5.59812
-5.5981
-5.59727
-5.59699
-5.59619
-5.59548
-5.59439
-5.59368
-5.59276
-5.59131
-5.5895
-5.58747
-5.58538
-5.58293
-5.58042
-5.57757
-5.57481
-5.57171
-5.56782
-5.56448
-5.56081
-5.55678
-5.55211
-5.54754
-5.54231
-5.53824
-5.53304
-5.52823
-5.52258
-5.51624
-5.5101
-5.50386
-5.49735
-5.49072
-5.48365
-5.47629
-5.46879
-5.46038
-5.45183
-5.44313
-5.4346
-5.42562
-5.41592
-5.40625
-5.39589
-5.38546
-5.37558
-5.36524
-5.35477
-5.34375
-5.33284
-5.32315
-5.31245
-5.30158
-5.29164
-5.28209
-5.2724
-5.26247
-5.25312
-5.24425
-5.23593
-5.22926
-5.22246
-5.21617
-5.21147
-5.20641
-5.20266
-5.19932
-5.19682
-5.19516
-5.19402
-5.19324
-5.19323
-5.1937
-5.19507
-5.19673
-5.19897
-5.20208
-5.20531
-5.20986
-5.21421
-5.21898
-5.22431
-5.23019
-5.23707
-5.24465
-5.25245
-5.26091
-5.26957
-5.27915
-5.28872
-5.29915
-5.31024
-5.3206
-5.33214
-5.34346
-5.35494
-5.36639
-5.37819
-5.38984
-5.40172
-5.41349
-5.42477
-5.43627
-5.44748
-5.4579
-5.46807
-5.47843
-5.48786
-5.49694
-5.50504
-5.51334
-5.52015
-5.52667
-5.53213
-5.53699
-5.54138
-5.54561
-5.54909
-5.55182
-5.55411
-5.55568
-5.55686
-5.55751
-5.55841
-5.55792
-5.55697
-5.55545
-5.55337
-5.55137
-5.54825
-5.54602
-5.54303
-5.53991
-5.53652
-5.53274
-5.52872
-5.5251
-5.52066
-5.51573
-5.51077
-5.50563
-5.50033
-5.49458
-5.48884
-5.48327
-5.47727
-5.47194
-5.46576
-5.45952
-5.45339
-5.44786
-5.44248
-5.43655
-5.43068
-5.42523
-5.41962
-5.41464
-5.40913
-5.40418
-5.39863
-5.39448
-5.39071
-5.3872
-5.38428
-5.38139
-5.37901
-5.37745
-5.37645
-5.37585
-5.37598
-5.37699
-5.37857
-5.38027
-5.38313
-5.38622
-5.38999
-5.39395
-5.39867
-5.40321
-5.40831
-5.4139
-5.41996
-5.42628
-5.43238
-5.43911
-5.44583
-5.45263
-5.45979
-5.46681
-5.47349
-5.48039
-5.48719
-5.49353
-5.49938
-5.50547
-5.51116
-5.51627
-5.52154
-5.52663
-5.53153
-5.53592
-5.53948
-5.5428
-5.54633
-5.54884
-5.5508
-5.55235
-5.5538
-5.55544
-5.55594
-5.55574
-5.55563
-5.55531
-5.55479
-5.55364
-5.55203
-5.54999
-5.54767
-5.54572
-5.5434
-5.54059
-5.53775
-5.53508
-5.53183
-5.5291
-5.5257
-5.52241
-5.5191
-5.51549
-5.51191
-5.50868
-5.50521
-5.50227
-5.49883
-5.49596
-5.49274
-5.48981
-5.48716
-5.48524
-5.48361
-5.48166
-5.47968
-5.47783
-5.47608
-5.47459
-5.47379
-5.47261
-5.47149
-5.46966
-5.46847
-5.46729
-5.46612
-5.46464
-5.46329
-5.46221
-5.46078
-5.45931
-5.45777
-5.45632
-5.45512
-5.45354
-5.4513
-5.44991
-5.44786
-5.44637
-5.44438
-5.44237
-5.44049
-5.43846
-5.43659
-5.43474
-5.43248
-5.43058
-5.42904
-5.42759
-5.42609
-5.42424
-5.42265
-5.4212
-5.42033
-5.41915
-5.41826
-5.41752
-5.41675
-5.41643
-5.41639
-5.41662
-5.41666
-5.41665
-5.41674
-5.41676
-5.41669
-5.41668
-5.41717
-5.41724
-5.41734
-5.41776
-5.41818
-5.41814
-5.41854
-5.41863
-5.41915
-5.41966
-5.42014
-5.42105
-5.4212
-5.42148
-5.42206
-5.42203
-5.42232
-5.42203
-5.42238
-5.42308
-5.4234
-5.42424
-5.42487
-5.42515
-5.4263
-5.42727
-5.42884
-5.42978
-5.43072
-5.43225
-5.43392
-5.43572
-5.43825
-5.4403
-5.4426
-5.44483
-5.44775
-5.45057
-5.45283
-5.45572
-5.45817
-5.46076
-5.46304
-5.4653
-5.46797
-5.4703
-5.47259
-5.47469
-5.47688
-5.47918
-5.48143
-5.48363
-5.48547
-5.48818
-5.48963
-5.4912
-5.49271
-5.49402
-5.49589
-5.49785
-5.49991
-5.5013
-5.50262
-5.50417
-5.50548
-5.50671
-5.50708
-5.50781
-5.50841
-5.50905
-5.50895
-5.50918
-5.50987
-5.5098
-5.50989
-5.50998
-5.50961
-5.50908
-5.50824
-5.50755
-5.50685
-5.50631
-5.50518
-5.50375
-5.50266
-5.50114
-5.49951
-5.49778
-5.49641
-5.49422
-5.49257
-5.49027
-5.48823
-5.48678
-5.48471
-5.4822
-5.48
-5.47859
-5.47631
-5.47484
-5.47268
-5.47044
-5.46843
-5.46667
-5.46515
-5.46359
-5.46259
-5.46156
-5.46079
-5.46014
-5.45931
-5.45891
-5.45817
-5.45771
-5.45751
-5.45727
-5.45699
-5.45667
-5.45659
-5.45692
-5.45673
-5.45722
-5.45793
-5.45826
-5.45834
-5.45863
-5.4594
-5.45976
-5.45999
-5.46099
-5.46199
-5.46209
-5.46293
-5.46299
-5.46363
-5.46407
-5.46462
-5.46481
-5.46524
-5.46546
-5.4659
-5.46611
-5.46609
-5.46613
-5.46549
-5.46521
-5.4653
-5.465
-5.46431
-5.46401
-5.46394
-5.4632
-5.46286
-5.46264
-5.46208
-5.4612
-5.46062
-5.45991
-5.45967
-5.45858
-5.45831
-5.45827
-5.45819
-5.45777
-5.45809
-5.45842
-5.45847
-5.45963
-5.46039
-5.46152
-5.46259
-5.4639
-5.46548
-5.46673
-5.469
-5.4717
-5.47423
-5.47734
-5.48102
-5.48451
-5.4884
-5.49239
-5.4963
-5.50101
-5.50532
-5.51023
-5.51574
-5.52106
-5.52616
-5.53101
-5.53619
-5.5412
-5.54649
-5.5511
-5.55606
-5.56089
-5.56541
-5.57035
-5.57521
-5.57938
-5.58297
-5.58671
-5.58968
-5.592
-5.59441
-5.59629
-5.59791
-5.59941
-5.60048
-5.60049
-5.60021
-5.59992
-5.5987
-5.59657
-5.59442
-5.59181
-5.58935
-5.58598
-5.58201
-5.57808
-5.57358
-5.56854
-5.56253
-5.55677
-5.55054
-5.54402
-5.53725
-5.53069
-5.5238
-5.51676
-5.5096
-5.50207
-5.49482
-5.48697
-5.47962
-5.47252
-5.46465
-5.45756
-5.45083
-5.44433
-5.43826
-5.43203
-5.42612
-5.4207
-5.41548
-5.41107
-5.40673
-5.40305
-5.40004
-5.39785
-5.3951
-5.393
-5.39123
-5.38963
-5.38862
-5.38715
-5.38625
-5.38576
-5.38521
-5.38535
-5.38539
-5.38595
-5.38639
-5.38702
-5.38782
-5.38862
-5.38973
-5.39052
-5.39175
-5.39295
-5.39472
-5.39658
-5.39824
-5.39998
-5.40209
-5.40441
-5.40677
-5.4087
-5.41035
-5.412
-5.41393
-5.41569
-5.4177
-5.4198
-5.42153
-5.42287
-5.42425
-5.42598
-5.4282
-5.42954
-5.43058
-5.4318
-5.43258
-5.43292
-5.43283
-5.43307
-5.4338
-5.43427
-5.4348
-5.43465
-5.43459
-5.4345
-5.43423
-5.43382
-5.43358
-5.43354
-5.43371
-5.4338
-5.4337
-5.43461
-5.43503
-5.43514
-5.43627
-5.43679
-5.43773
-5.43909
-5.44056
-5.44197
-5.44269
-5.44452
-5.44638
-5.44808
-5.44975
-5.45121
-5.45242
-5.45397
-5.45491
-5.45551
-5.45621
-5.45681
-5.45671
-5.45662
-5.45638
-5.45508
-5.4542
-5.45299
-5.45176
-5.45003
-5.44753
-5.44547
-5.44265
-5.44
-5.43632
-5.4327
-5.42871
-5.42407
-5.41973
-5.41511
-5.41055
-5.40607
-5.40141
-5.39691
-5.39169
-5.38746
-5.38272
-5.37887
-5.37488
-5.37078
-5.3678
-5.3643
-5.36121
-5.35854
-5.35571
-5.35348
-5.35141
-5.34965
-5.34821
-5.34678
-5.34658
-5.34579
-5.34545
-5.34556
-5.34626
-5.34678
-5.34785
-5.34948
-5.35058
-5.3522
-5.35387
-5.35572
-5.35789
-5.36021
-5.36281
-5.36554
-5.36867
-5.37157
-5.37395
-5.37713
-5.3805
-5.38344
-5.38623
-5.38885
-5.39176
-5.39462
-5.39743
-5.40048
-5.40316
-5.40559
-5.40794
-5.41033
-5.41247
-5.41449
-5.4164
-5.41849
-5.42032
-5.42217
-5.42406
-5.42539
-5.42659
-5.42754
-5.42884
-5.4302
-5.43132
-5.43236
-5.43394
-5.43516
-5.43633
-5.43687
-5.43738
-5.43773
-5.43899
-5.43951
-5.44021
-5.44125
-5.44233
-5.44286
-5.4436
-5.44471
-5.44558
-5.44681
-5.44765
-5.44899
-5.45022
-5.45102
-5.45244
-5.454
-5.45523
-5.45641
-5.45736
-5.45882
-5.45971
-5.45999
-5.46102
-5.4617
-5.46186
-5.46163
-5.46116
-5.46042
-5.45956
-5.45842
-5.45714
-5.45513
-5.453
-5.45074
-5.44823
-5.44562
-5.44218
-5.43869
-5.43532
-5.43133
-5.42737
-5.42286
-5.41904
-5.41563
-5.41176
-5.40821
-5.40488
-5.40057
-5.39683
-5.39337
-5.39009
-5.38683
-5.38423
-5.38171
-5.37957
-5.37723
-5.37529
-5.37437
-5.37342
-5.37229
-5.37142
-5.37112
-5.37078
-5.37084
-5.37113
-5.37181
-5.37226
-5.37321
-5.37405
-5.37507
-5.37625
-5.37728
-5.37844
-5.38001
-5.38229
-5.38405
-5.38618
-5.38822
-5.39015
-5.39226
-5.3947
-5.39684
-5.39868
-5.40052
-5.4022
-5.40462
-5.40642
-5.40834
-5.4104
-5.41245
-5.41479
-5.41697
-5.41901
-5.42091
-5.42315
-5.42528
-5.42793
-5.42989
-5.43226
-5.43397
-5.43657
-5.4393
-5.44204
-5.44494
-5.44831
-5.45154
-5.45495
-5.45853
-5.46196
-5.46568
-5.46966
-5.47375
-5.47791
-5.48271
-5.48678
-5.49097
-5.49512
-5.49949
-5.5036
-5.50756
-5.51182
-5.51527
-5.51837
-5.52183
-5.5246
-5.52757
-5.53011
-5.53207
-5.53375
-5.53576
-5.53702
-5.53756
-5.53828
-5.53903
-5.53936
-5.53929
-5.53912
-5.53872
-5.53793
-5.53738
-5.53646
-5.5352
-5.53374
-5.53179
-5.52982
-5.52784
-5.52569
-5.5231
-5.52067
-5.5178
-5.51541
-5.51213
-5.5092
-5.50601
-5.50241
-5.49902
-5.49583
-5.49196
-5.48831
-5.48504
-5.4811
-5.4771
-5.47335
-5.46924
-5.4651
-5.46121
-5.45745
-5.4532
-5.44925
-5.44528
-5.441
-5.43657
-5.43244
-5.42864
-5.42454
-5.42093
-5.4172
-5.41275
-5.40895
-5.40521
-5.40107
-5.3973
-5.3936
-5.39059
-5.38707
-5.38364
-5.38048
-5.37728
-5.37406
-5.37128
-5.3685
-5.36557
-5.36372
-5.36174
-5.35935
-5.35731
-5.35578
-5.354
-5.35228
-5.3514
-5.35043
-5.34985
-5.34933
-5.34874
-5.34881
-5.34895
-5.34945
-5.35014
-5.35116
-5.35176
-5.35281
-5.35447
-5.3558
-5.358
-5.3594
-5.36118
-5.36317
-5.36476
-5.36654
-5.36879
-5.37044
-5.37238
-5.37416
-5.37651
-5.37837
-5.38048
-5.38223
-5.38422
-5.38524
-5.38678
-5.38781
-5.38966
-5.39098
-5.39176
-5.39277
-5.39356
-5.39427
-5.39507
-5.39565
-5.39677
-5.39785
-5.39858
-5.39928
-5.39996
-5.40109
-5.40147
-5.40188
-5.40278
-5.40343
-5.40462
-5.40546
-5.40687
-5.40843
-5.40985
-5.4113
-5.41296
-5.415
-5.41697
-5.41949
-5.42228
-5.42534
-5.42836
-5.43165
-5.4358
-5.4399
-5.44409
-5.44879
-5.45353
-5.45829
-5.46349
-5.46895
-5.47388
-5.47962
-5.48522
-5.49065
-5.49588
-5.50134
-5.50654
-5.51114
-5.51619
-5.52045
-5.52464
-5.52876
-5.53262
-5.53606
-5.53921
-5.54206
-5.5446
-5.54651
-5.54855
-5.55039
-5.55188
-5.55333
-5.55397
-5.55457
-5.55453
-5.55415
-5.55315
-5.55229
-5.55115
-5.54927
-5.54716
-5.54467
-5.54274
-5.54005
-5.53706
-5.53427
-5.5314
-5.52894
-5.52645
-5.52336
-5.52044
-5.51787
-5.51505
-5.51246
-5.5101
-5.50784
-5.50551
-5.50342
-5.50157
-5.49935
-5.4975
-5.49602
-5.4943
-5.49233
-5.49039
-5.48833
-5.48643
-5.48484
-5.48265
-5.48075
-5.47914
-5.4769
-5.47433
-5.47249
-5.47046
-5.46914
-5.46733
-5.46519
-5.4633
-5.46093
-5.45883
-5.45671
-5.45517
-5.45317
-5.45116
-5.44932
-5.44689
-5.44495
-5.44291
-5.44077
-5.43917
-5.4372
-5.43548
-5.43389
-5.43244
-5.43144
-5.4303
-5.42904
-5.42782
-5.4265
-5.4263
-5.42618
-5.4263
-5.42682
-5.42759
-5.42878
-5.42994
-5.43138
-5.43311
-5.43496
-5.43711
-5.43908
-5.44195
-5.44479
-5.44819
-5.452
-5.45574
-5.45999
-5.46443
-5.46843
-5.47286
-5.47768
-5.48242
-5.48733
-5.49224
-5.49679
-5.50157
-5.5064
-5.51078
-5.51514
-5.51946
-5.52312
-5.52701
-5.52991
-5.53271
-5.53541
-5.53847
-5.54051
-5.54292
-5.54523
-5.5464
-5.54809
-5.54925
-5.54974
-5.55048
-5.55115
-5.55147
-5.55189
-5.55181
-5.55152
-5.55119
-5.54959
-5.54899
-5.54801
-5.54681
-5.54521
-5.54381
-5.54124
-5.53884
-5.5363
-5.53331
-5.5297
-5.52668
-5.52287
-5.51856
-5.51422
-5.50923
-5.50405
-5.49793
-5.49211
-5.48613
-5.47899
-5.47223
-5.46558
-5.45819
-5.45118
-5.44431
-5.43705
-5.43038
-5.42378
-5.41731
-5.41105
-5.40568
-5.40049
-5.39614
-5.39221
-5.38888
-5.38584
-5.38355
-5.38198
-5.38079
-5.38024
-5.37968
-5.37966
-5.38027
-5.3807
-5.3815
-5.38262
-5.38341
-5.38503
-5.3861
-5.3872
-5.38845
-5.38968
-5.3915
-5.39269
-5.39401
-5.39485
-5.39567
-5.39663
-5.39818
-5.39989
-5.401
-5.40197
-5.40342
-5.40474
-5.40655
-5.40809
-5.40922
-5.41053
-5.41188
-5.41342
-5.41499
-5.41658
-5.41806
-5.41939
-5.42104
-5.42285
-5.42452
-5.42602
-5.42797
-5.42974
-5.43135
-5.43277
-5.43431
-5.43537
-5.43699
-5.43872
-5.44025
-5.44174
-5.44274
-5.44383
-5.44459
-5.44605
-5.44702
-5.44901
-5.44945
-5.45077
-5.4516
-5.45255
-5.45364
-5.45484
-5.45573
-5.45614
-5.45699
-5.45767
-5.45894
-5.45958
-5.46049
-5.46108
-5.46239
-5.46382
-5.46445
-5.46487
-5.46539
-5.46599
-5.46621
-5.46678
-5.46726
-5.46732
-5.46711
-5.46707
-5.4669
-5.46627
-5.4658
-5.46473
-5.46319
-5.4621
-5.46132
-5.45992
-5.45823
-5.45641
-5.4543
-5.45223
-5.45037
-5.44872
-5.4464
-5.44434
-5.4424
-5.44001
-5.43718
-5.43544
-5.43362
-5.43157
-5.42977
-5.42778
-5.42608
-5.42438
-5.42285
-5.42194
-5.42108
-5.42026
-5.4198
-5.41985
-5.41981
-5.41954
-5.41979
-5.41996
-5.42079
-5.42169
-5.42324
-5.42424
-5.42557
-5.42739
-5.42923
-5.43137
-5.43366
-5.43593
-5.43802
-5.44051
-5.44385
-5.44665
-5.4489
-5.45179
-5.4544
-5.45731
-5.45991
-5.46246
-5.46526
-5.46798
-5.47062
-5.47329
-5.47523
-5.47733
-5.47896
-5.48072
-5.48199
-5.4829
-5.48435
-5.48513
-5.48598
-5.4866
-5.48743
-5.48757
-5.48793
-5.4873
-5.48645
-5.48555
-5.48445
-5.48302
-5.48174
-5.48002
-5.47804
-5.47628
-5.47447
-5.47279
-5.47174
-5.47044
-5.46877
-5.46737
-5.46613
-5.46524
-5.46413
-5.46387
-5.46391
-5.46397
-5.46437
-5.46482
-5.46536
-5.46613
-5.46776
-5.46978
-5.4725
-5.47561
-5.47879
-5.48247
-5.48679
-5.4908
-5.49507
-5.50049
-5.50579
-5.51077
-5.51571
-5.52055
-5.52615
-5.53187
-5.53689
-5.54193
-5.5471
-5.55145
-5.5563
-5.5604
-5.56388
-5.56716
-5.57021
-5.57256
-5.57512
-5.57709
-5.57849
-5.5796
-5.57998
-5.58009
-5.57931
-5.57843
-5.57729
-5.57563
-5.5742
-5.57182
-5.56913
-5.56613
-5.56286
-5.5595
-5.55562
-5.55186
-5.54823
-5.54385
-5.54043
-5.53617
-5.53185
-5.52764
-5.52358
-5.51938
-5.51492
-5.51097
-5.5071
-5.50317
-5.49906
-5.49554
-5.49186
-5.4879
-5.48487
-5.48159
-5.47881
-5.47595
-5.47406
-5.47211
-5.46948
-5.4677
-5.46632
-5.46442
-5.46336
-5.46239
-5.46148
-5.46124
-5.46134
-5.46117
-5.46116
-5.4613
-5.46186
-5.46161
-5.46265
-5.46254
-5.46306
-5.4636
-5.46397
-5.46432
-5.46463
-5.46504
-5.46554
-5.46627
-5.46693
-5.46752
-5.46805
-5.46822
-5.46849
-5.46842
-5.46848
-5.46793
-5.46724
-5.46763
-5.46762
-5.46783
-5.46842
-5.46895
-5.46975
-5.47022
-5.47113
-5.47187
-5.47291
-5.47439
-5.47556
-5.47701
-5.4786
-5.47984
-5.48149
-5.48368
-5.48578
-5.48717
-5.48903
-5.49151
-5.49366
-5.49561
-5.4972
-5.49901
-5.50086
-5.50289
-5.50448
-5.50561
-5.50673
-5.50768
-5.50784
-5.50857
-5.50881
-5.50871
-5.50812
-5.50781
-5.50732
-5.50698
-5.50648
-5.50585
-5.50494
-5.50438
-5.50342
-5.50239
-5.50039
-5.49864
-5.49671
-5.49521
-5.49399
-5.49308
-5.49156
-5.49021
-5.48857
-5.48665
-5.48551
-5.48395
-5.48271
-5.48165
-5.48063
-5.47917
-5.47775
-5.47681
-5.47574
-5.4747
-5.47384
-5.47271
-5.47159
-5.47051
-5.47005
-5.46915
-5.46843
-5.46757
-5.46656
-5.46572
-5.46458
-5.4639
-5.46337
-5.46253
-5.46153
-5.46067
-5.45951
-5.45939
-5.4582
-5.4576
-5.45669
-5.45622
-5.45545
-5.45453
-5.45347
-5.45287
-5.45169
-5.45086
-5.45022
-5.44936
-5.44858
-5.44805
-5.44764
-5.44723
-5.44728
-5.44737
-5.44767
-5.4485
-5.44913
-5.45018
-5.45167
-5.453
-5.45481
-5.45723
-5.46043
-5.4632
-5.46615
-5.46957
-5.47375
-5.47822
-5.48296
-5.48781
-5.49289
-5.49848
-5.50394
-5.50926
-5.51529
-5.52067
-5.52625
-5.53247
-5.53854
-5.54488
-5.55073
-5.55664
-5.56215
-5.56767
-5.57259
-5.57719
-5.58235
-5.58715
-5.59187
-5.59649
-5.60041
-5.60435
-5.60816
-5.61153
-5.6146
-5.6169
-5.61903
-5.62038
-5.62125
-5.62239
-5.6235
-5.62336
-5.62318
-5.62281
-5.6224
-5.62226
-5.62118
-5.61933
-5.61746
-5.61498
-5.61221
-5.6096
-5.60687
-5.60374
-5.60021
-5.59632
-5.59209
-5.58798
-5.58403
-5.57981
-5.57579
-5.57156
-5.56698
-5.56209
-5.55737
-5.55285
-5.5487
-5.54481
-5.54043
-5.53635
-5.53244
-5.52886
-5.52549
-5.52187
-5.51907
-5.51605
-5.51355
-5.51172
-5.50906
-5.50736
-5.50525
-5.50363
-5.50219
-5.5006
-5.49944
-5.49826
-5.49718
-5.49618
-5.4951
-5.49467
-5.49367
-5.49269
-5.49202
-5.49119
-5.4908
-5.49024
-5.48919
-5.48841
-5.48789
-5.48719
-5.48659
-5.48535
-5.48453
-5.48352
-5.48202
-5.48095
-5.47939
-5.47843
-5.47729
-5.47629
-5.47438
-5.47307
-5.47191
-5.47104
-5.47003
-5.46842
-5.46726
-5.46625
-5.46525
-5.46394
-5.46248
-5.46116
-5.46029
-5.45942
-5.45837
-5.45701
-5.45563
-5.45423
-5.45296
-5.45105
-5.44972
-5.44821
-5.44651
-5.44463
-5.44316
-5.44195
-5.44039
-5.43894
-5.43684
-5.43467
-5.4323
-5.43016
-5.42826
-5.42627
-5.42481
-5.42206
-5.41982
-5.41733
-5.4152
-5.41236
-5.40943
-5.40625
-5.40344
-5.40069
-5.39757
-5.39454
-5.39132
-5.38822
-5.38481
-5.38187
-5.37883
-5.37554
-5.37296
-5.3708
-5.36743
-5.36484
-5.3626
-5.36045
-5.35915
-5.35752
-5.35634
-5.35517
-5.35524
-5.3549
-5.35521
-5.35618
-5.35661
-5.35755
-5.35931
-5.36082
-5.36328
-5.36608
-5.36921
-5.37234
-5.37577
-5.37961
-5.3837
-5.38831
-5.39312
-5.39855
-5.40322
-5.40768
-5.41282
-5.41801
-5.42275
-5.42792
-5.43245
-5.4375
-5.44215
-5.44682
-5.45058
-5.45524
-5.45955
-5.46411
-5.46816
-5.47228
-5.47465
-5.47724
-5.48002
-5.48287
-5.4847
-5.48719
-5.48899
-5.49054
-5.49171
-5.49265
-5.49352
-5.49432
-5.49447
-5.49518
-5.49525
-5.4953
-5.49489
-5.49433
-5.49317
-5.49234
-5.4917
-5.4911
-5.48997
-5.48875
-5.48731
-5.48642
-5.48579
-5.48484
-5.48371
-5.48227
-5.48099
-5.48018
-5.4788
-5.47731
-5.47633
-5.47525
-5.47439
-5.47376
-5.47306
-5.4723
-5.47178
-5.47106
-5.47073
-5.47065
-5.47067
-5.47032
-5.46993
-5.47037
-5.47059
-5.47014
-5.47036
-5.4702
-5.47069
-5.47108
-5.4712
-5.47151
-5.47198
-5.47323
-5.47402
-5.4742
-5.47482
-5.47526
-5.47552
-5.47574
-5.47591
-5.47648
-5.47683
-5.47757
-5.47732
-5.4779
-5.4781
-5.47774
-5.477
-5.4763
-5.4761
-5.47535
-5.4748
-5.4737
-5.4728
-5.47166
-5.46997
-5.46926
-5.46801
-5.4667
-5.46563
-5.46407
-5.46276
-5.46159
-5.45965
-5.45817
-5.45686
-5.45482
-5.45328
-5.45209
-5.45066
-5.44931
-5.44804
-5.4473
-5.44621
-5.44491
-5.44371
-5.44336
-5.4425
-5.44218
-5.4418
-5.4415
-5.44126
-5.4411
-5.44129
-5.44139
-5.44138
-5.44156
-5.44117
-5.44156
-5.44184
-5.44199
-5.44217
-5.44224
-5.44221
-5.44253
-5.44324
-5.44372
-5.44431
-5.44487
-5.44527
-5.44614
-5.44735
-5.44876
-5.45055
-5.45273
-5.45471
-5.4571
-5.45975
-5.4625
-5.46549
-5.46902
-5.47261
-5.47637
-5.48015
-5.48328
-5.48739
-5.492
-5.49599
-5.49979
-5.50395
-5.50782
-5.51123
-5.51488
-5.51815
-5.52129
-5.52385
-5.52623
-5.52904
-5.53059
-5.53179
-5.53263
-5.53294
-5.53319
-5.53292
-5.53228
-5.5319
-5.53055
-5.52917
-5.52792
-5.52619
-5.52386
-5.52154
-5.51911
-5.51535
-5.51181
-5.50849
-5.50452
-5.50065
-5.49647
-5.49214
-5.48753
-5.48297
-5.47833
-5.47364
-5.46878
-5.46362
-5.45879
-5.45373
-5.44878
-5.44441
-5.43992
-5.43563
-5.4316
-5.4277
-5.42412
-5.4215
-5.41882
-5.41656
-5.41505
-5.41371
-5.41331
-5.41295
-5.41309
-5.41404
-5.41489
-5.41666
-5.41906
-5.4219
-5.4253
-5.42893
-5.43291
-5.43688
-5.44082
-5.44558
-5.45036
-5.45544
-5.46001
-5.46464
-5.47006
-5.47547
-5.48039
-5.48571
-5.49049
-5.49516
-5.50016
-5.50485
-5.50923
-5.51344
-5.51744
-5.52125
-5.52513
-5.52893
-5.53263
-5.53531
-5.53771
-5.53983
-5.5424
-5.54466
-5.54599
-5.54684
-5.54749
-5.54825
-5.54805
-5.54719
-5.54644
-5.54518
-5.54389
-5.54241
-5.54031
-5.5379
-5.53521
-5.53254
-5.52979
-5.52605
-5.52318
-5.51908
-5.51469
-5.51019
-5.50622
-5.50205
-5.49725
-5.49291
-5.48891
-5.48498
-5.48098
-5.47679
-5.47273
-5.46943
-5.466
-5.4629
-5.45999
-5.45728
-5.45478
-5.45248
-5.45039
-5.44865
-5.44634
-5.44498
-5.44349
-5.4423
-5.44111
-5.44019
-5.43937
-5.43848
-5.4372
-5.43611
-5.43535
-5.43505
-5.43428
-5.43363
-5.43249
-5.43145
-5.43065
-5.42917
-5.42764
-5.42709
-5.42587
-5.42459
-5.4231
-5.42172
-5.42015
-5.41856
-5.41711
-5.41597
-5.41424
-5.4127
-5.4115
-5.41006
-5.40884
-5.40802
-5.40683
-5.40635
-5.40537
-5.40497
-5.40483
-5.40392
-5.40328
-5.40322
-5.40329
-5.40319
-5.40323
-5.40369
-5.40445
-5.40443
-5.40577
-5.40678
-5.40764
-5.40879
-5.40963
-5.41091
-5.41219
-5.41361
-5.41561
-5.41744
-5.41969
-5.4219
-5.42435
-5.42673
-5.42916
-5.43146
-5.43423
-5.43667
-5.43922
-5.44169
-5.44391
-5.44569
-5.44748
-5.44969
-5.45094
-5.45213
-5.45307
-5.45331
-5.45375
-5.45406
-5.4541
-5.45341
-5.45244
-5.45166
-5.45076
-5.44975
-5.44819
-5.4464
-5.44469
-5.44246
-5.4399
-5.43715
-5.43469
-5.43164
-5.42861
-5.42501
-5.42178
-5.41816
-5.41462
-5.41103
-5.40771
-5.40391
-5.4013
-5.39765
-5.39416
-5.39055
-5.38683
-5.38333
-5.37962
-5.37646
-5.37373
-5.37085
-5.36861
-5.36598
-5.36404
-5.36192
-5.36026
-5.35893
-5.35783
-5.35728
-5.3576
-5.35745
-5.35807
-5.35931
-5.36086
-5.36303
-5.36565
-5.36856
-5.37219
-5.37651
-5.38027
-5.38526
-5.38994
-5.3944
-5.39969
-5.405
-5.41015
-5.41526
-5.4206
-5.426
-5.43204
-5.43765
-5.44355
-5.44929
-5.45501
-5.46084
-5.46694
-5.47239
-5.47869
-5.48402
-5.48959
-5.49508
-5.50079
-5.50596
-5.51087
-5.51628
-5.52156
-5.52609
-5.53077
-5.53513
-5.5393
-5.54341
-5.54714
-5.55092
-5.55384
-5.55752
-5.56013
-5.56256
-5.56508
-5.56708
-5.56867
-5.5694
-5.56983
-5.57041
-5.57021
-5.56891
-5.56741
-5.56538
-5.56282
-5.55988
-5.55655
-5.55237
-5.54736
-5.54272
-5.53711
-5.53057
-5.52371
-5.51689
-5.50998
-5.502
-5.4936
-5.48517
-5.47677
-5.46835
-5.46014
-5.4518
-5.44385
-5.43626
-5.4291
-5.4223
-5.41608
-5.41034
-5.40542
-5.40134
-5.3981
-5.39554
-5.39317
-5.39186
-5.3905
-5.3898
-5.38999
-5.3907
-5.39098
-5.39242
-5.39331
-5.39451
-5.39583
-5.39723
-5.39855
-5.40022
-5.40207
-5.40381
-5.40572
-5.40768
-5.40983
-5.41173
-5.41385
-5.41606
-5.41775
-5.4203
-5.42266
-5.42529
-5.42729
-5.42988
-5.43275
-5.43559
-5.4384
-5.44147
-5.44464
-5.44804
-5.4515
-5.45501
-5.45883
-5.46264
-5.4661
-5.46995
-5.47355
-5.4764
-5.47923
-5.48201
-5.48424
-5.48666
-5.48847
-5.48995
-5.49106
-5.49224
-5.4924
-5.49274
-5.49203
-5.49117
-5.49015
-5.48836
-5.48595
-5.48307
-5.4802
-5.47643
-5.47192
-5.46731
-5.46247
-5.45757
-5.45158
-5.44591
-5.43982
-5.43306
-5.42702
-5.42039
-5.41337
-5.4069
-5.39982
-5.39353
-5.38673
-5.38052
-5.37418
-5.36822
-5.36251
-5.3571
-5.35188
-5.34718
-5.34272
-5.33838
-5.33553
-5.33209
-5.32926
-5.32704
-5.32543
-5.32398
-5.32313
-5.32286
-5.32269
-5.32367
-5.3238
-5.32486
-5.32684
-5.32847
-5.33035
-5.33272
-5.33497
-5.33735
-5.3397
-5.34242
-5.34489
-5.34724
-5.35005
-5.35253
-5.35498
-5.35769
-5.36018
-5.36289
-5.36492
-5.36701
-5.369
-5.37151
-5.37332
-5.37503
-5.37712
-5.37911
-5.38089
-5.3823
-5.38381
-5.38544
-5.38718
-5.38907
-5.3905
-5.39181
-5.39359
-5.39528
-5.39673
-5.39886
-5.40062
-5.40249
-5.40415
-5.40655
-5.40846
-5.41081
-5.41359
-5.41591
-5.41836
-5.4208
-5.42384
-5.427
-5.4306
-5.43402
-5.43784
-5.44086
-5.44442
-5.44806
-5.4522
-5.45593
-5.46013
-5.46387
-5.46787
-5.47152
-5.47508
-5.47868
-5.48184
-5.48468
-5.48779
-5.49066
-5.49375
-5.49686
-5.49923
-5.50144
-5.50257
-5.50411
-5.50486
-5.5051
-5.50515
-5.50441
-5.5041
-5.50303
-5.50229
-5.501
-5.49949
-5.49767
-5.49586
-5.49414
-5.49193
-5.4902
-5.48764
-5.48596
-5.48446
-5.48348
-5.48186
-5.48083
-5.48012
-5.47961
-5.47962
-5.4803
-5.48121
-5.48234
-5.48383
-5.48522
-5.48754
-5.49017
-5.49279
-5.49642
-5.49953
-5.50315
-5.5071
-5.51134
-5.51541
-5.51988
-5.52428
-5.52827
-5.53306
-5.5374
-5.5416
-5.54622
-5.5505
-5.55442
-5.55872
-5.56262
-5.56581
-5.56947
-5.57298
-5.57617
-5.57978
-5.58288
-5.58591
-5.58855
-5.59107
-5.59332
-5.59497
-5.59646
-5.59733
-5.59816
-5.59895
-5.59894
-5.59887
-5.598
-5.59646
-5.59547
-5.59384
-5.59187
-5.58973
-5.58667
-5.58378
-5.58107
-5.57827
-5.5745
-5.57144
-5.56717
-5.56276
-5.55917
-5.55462
-5.54959
-5.54562
-5.54155
-5.5374
-5.53366
-5.53022
-5.5262
-5.52253
-5.51893
-5.51603
-5.51325
-5.51044
-5.50793
-5.50602
-5.50442
-5.50312
-5.50197
-5.50142
-5.50054
-5.50038
-5.50002
-5.50019
-5.50072
-5.50158
-5.5029
-5.5039
-5.5053
-5.50663
-5.5077
-5.5085
-5.50975
-5.51128
-5.51246
-5.51343
-5.51462
-5.51526
-5.51655
-5.51726
-5.51785
-5.51815
-5.51907
-5.51925
-5.5199
-5.52041
-5.52003
-5.51907
-5.51828
-5.51738
-5.51667
-5.51526
-5.5148
-5.51395
-5.51288
-5.51187
-5.51035
-5.50891
-5.50725
-5.5063
-5.50484
-5.50362
-5.50188
-5.50009
-5.49822
-5.49627
-5.49485
-5.49349
-5.49098
-5.48866
-5.48624
-5.48371
-5.48181
-5.47934
-5.4763
-5.47345
-5.47034
-5.46759
-5.46459
-5.46107
-5.45839
-5.45507
-5.45233
-5.44944
-5.44641
-5.44327
-5.44019
-5.43718
-5.43474
-5.4318
-5.42871
-5.42561
-5.42329
-5.42069
-5.41873
-5.41651
-5.41464
-5.41328
-5.41211
-5.41099
-5.41006
-5.40932
-5.40922
-5.40882
-5.40889
-5.40865
-5.40854
-5.40869
-5.4094
-5.41019
-5.41074
-5.41119
-5.41197
-5.41262
-5.41358
-5.41377
-5.41485
-5.41544
-5.41585
-5.41606
-5.41623
-5.41634
-5.41641
-5.41689
-5.41656
-5.41636
-5.41582
-5.41603
-5.41592
-5.41566
-5.41556
-5.41549
-5.4156
-5.41545
-5.41551
-5.41564
-5.41613
-5.41595
-5.416
-5.41644
-5.41725
-5.41799
-5.41851
-5.41955
-5.42036
-5.42122
-5.42259
-5.42414
-5.42527
-5.42656
-5.42771
-5.42869
-5.4298
-5.43148
-5.43236
-5.43394
-5.435
-5.43629
-5.43735
-5.43757
-5.43814
-5.43877
-5.43899
-5.43941
-5.44032
-5.44008
-5.44003
-5.43987
-5.43916
-5.43864
-5.43788
-5.43747
-5.43637
-5.43549
-5.43483
-5.4341
-5.43361
-5.4323
-5.4314
-5.4303
-5.42932
-5.42816
-5.42698
-5.42579
-5.42475
-5.42341
-5.42254
-5.42139
-5.42011
-5.41886
-5.41794
-5.41661
-5.41563
-5.41484
-5.4141
-5.41325
-5.41229
-5.41184
-5.41098
-5.40972
-5.40882
-5.4081
-5.40714
-5.40682
-5.40625
-5.40586
-5.40552
-5.40521
-5.40494
-5.4047
-5.40478
-5.40412
-5.40393
-5.40389
-5.40354
-5.40364
-5.40357
-5.40317
-5.40228
-5.40225
-5.40202
-5.40143
-5.40047
-5.39991
-5.39927
-5.39842
-5.3972
-5.39606
-5.39546
-5.39451
-5.39351
-5.39232
-5.39095
-5.38956
-5.38879
-5.38727
-5.38593
-5.38495
-5.38432
-5.38302
-5.38212
-5.38132
-5.38078
-5.38021
-5.38008
-5.38007
-5.38004
-5.37952
-5.37943
-5.37958
-5.37951
-5.37981
-5.38061
-5.38097
-5.38147
-5.3824
-5.38266
-5.38343
-5.3838
-5.38387
-5.38379
-5.38337
-5.38291
-5.38225
-5.38181
-5.38055
-5.37949
-5.3782
-5.37621
-5.37444
-5.37229
-5.36991
-5.36716
-5.36497
-5.36199
-5.35838
-5.35492
-5.35164
-5.3481
-5.34448
-5.34081
-5.33696
-5.33327
-5.32977
-5.32603
-5.3224
-5.31919
-5.31539
-5.31223
-5.30929
-5.30673
-5.30429
-5.30226
-5.30053
-5.2991
-5.29813
-5.29716
-5.29665
-5.29614
-5.29651
-5.29686
-5.2967
-5.29739
-5.29843
-5.29905
-5.30059
-5.30181
-5.30373
-5.30514
-5.3063
-5.30781
-5.30994
-5.31147
-5.31285
-5.31496
-5.31628
-5.31803
-5.31943
-5.3208
-5.32197
-5.3234
-5.3251
-5.32602
-5.32721
-5.32898
-5.33029
-5.33206
-5.33352
-5.33501
-5.33637
-5.33853
-5.33969
-5.34077
-5.34269
-5.34471
-5.34624
-5.34791
-5.34958
-5.35263
-5.3551
-5.35808
-5.36066
-5.36377
-5.36712
-5.37057
-5.37487
-5.37851
-5.38257
-5.38732
-5.39202
-5.39695
-5.4024
-5.4079
-5.41374
-5.42003
-5.42631
-5.4324
-5.43886
-5.44506
-5.45112
-5.45685
-5.46314
-5.46858
-5.47436
-5.48014
-5.48589
-5.49082
-5.49597
-5.50086
-5.50516
-5.5099
-5.51356
-5.51778
-5.52087
-5.52405
-5.52637
-5.5289
-5.53102
-5.53195
-5.53322
-5.53346
-5.53416
-5.53368
-5.53277
-5.53189
-5.52998
-5.52873
-5.52572
-5.52232
-5.51887
-5.51538
-5.51096
-5.5067
-5.50202
-5.49697
-5.49187
-5.48692
-5.48169
-5.47655
-5.47152
-5.4659
-5.46034
-5.45489
-5.45019
-5.44569
-5.44142
-5.43681
-5.43297
-5.42886
-5.42542
-5.4225
-5.41968
-5.4174
-5.41582
-5.41418
-5.41322
-5.41229
-5.41215
-5.41214
-5.41268
-5.41311
-5.4137
-5.41455
-5.41545
-5.4165
-5.41704
-5.41733
-5.41763
-5.41774
-5.41701
-5.41707
-5.41623
-5.41508
-5.4139
-5.41268
-5.41066
-5.4083
-5.40576
-5.4026
-5.39976
-5.39651
-5.39303
-5.38922
-5.38525
-5.38225
-5.37799
-5.37419
-5.36984
-5.36589
-5.36211
-5.35853
-5.35567
-5.35281
-5.35016
-5.34806
-5.34641
-5.34508
-5.34441
-5.34398
-5.34442
-5.34499
-5.3463
-5.34851
-5.35085
-5.35409
-5.35833
-5.36251
-5.36765
-5.37281
-5.37869
-5.38526
-5.3914
-5.39827
-5.40537
-5.41234
-5.41944
-5.42646
-5.43351
-5.44069
-5.44813
-5.45532
-5.46238
-5.46945
-5.47648
-5.48286
-5.48887
-5.49434
-5.50002
-5.50515
-5.51077
-5.51582
-5.52044
-5.5248
-5.52903
-5.53315
-5.53685
-5.53984
-5.54362
-5.54684
-5.54997
-5.55225
-5.55459
-5.55609
-5.55813
-5.5598
-5.56111
-5.56207
-5.56328
-5.56401
-5.56471
-5.56509
-5.56471
-5.56463
-5.56425
-5.56465
-5.56402
-5.56358
-5.56304
-5.5621
-5.5617
-5.56138
-5.56071
-5.55986
-5.55898
-5.5578
-5.55709
-5.55641
-5.55547
-5.55489
-5.55394
-5.55382
-5.55321
-5.5527
-5.5529
-5.55247
-5.55261
-5.55271
-5.55323
-5.554
-5.5547
-5.55458
-5.55543
-5.55572
-5.55603
-5.55695
-5.55755
-5.55796
-5.55862
-5.55844
-5.55893
-5.55915
-5.55894
-5.55873
-5.55883
-5.55861
-5.55823
-5.55753
-5.55697
-5.55595
-5.55477
-5.5536
-5.55216
-5.55044
-5.54878
-5.54705
-5.54555
-5.54403
-5.54234
-5.54067
-5.53873
-5.53701
-5.53554
-5.53402
-5.53278
-5.53199
-5.53077
-5.52973
-5.52873
-5.52838
-5.52792
-5.52812
-5.5276
-5.52756
-5.52769
-5.52811
-5.52896
-5.53035
-5.53106
-5.53225
-5.53283
-5.53337
-5.53458
-5.53521
-5.53567
-5.53593
-5.53625
-5.53658
-5.53613
-5.53533
-5.53368
-5.53191
-5.5297
-5.52671
-5.52339
-5.52003
-5.51541
-5.51074
-5.50497
-5.49947
-5.49319
-5.48647
-5.47904
-5.47138
-5.46355
-5.45575
-5.44758
-5.4388
-5.43039
-5.42211
-5.41343
-5.40547
-5.39724
-5.38941
-5.38204
-5.37502
-5.36825
-5.36176
-5.35543
-5.35018
-5.34572
-5.34114
-5.33734
-5.33372
-5.33054
-5.32795
-5.32563
-5.32369
-5.32212
-5.32104
-5.32013
-5.31966
-5.31962
-5.31953
-5.31997
-5.32047
-5.32117
-5.32205
-5.32235
-5.32387
-5.32508
-5.32659
-5.32853
-5.33016
-5.33205
-5.33347
-5.33562
-5.33788
-5.33982
-5.34203
-5.34436
-5.34712
-5.35016
-5.35332
-5.35721
-5.36047
-5.3637
-5.36706
-5.37098
-5.37471
-5.37856
-5.38205
-5.38623
-5.3902
-5.3944
-5.3988
-5.40356
-5.4082
-5.41241
-5.41663
-5.42038
-5.42456
-5.42854
-5.43277
-5.43753
-5.44159
-5.44555
-5.44953
-5.45339
-5.45648
-5.46018
-5.46355
-5.46613
-5.46913
-5.47207
-5.47451
-5.47659
-5.47876
-5.48085
-5.48227
-5.48317
-5.48416
-5.48522
-5.48592
-5.48641
-5.4867
-5.48618
-5.48607
-5.48593
-5.48531
-5.48482
-5.48402
-5.48276
-5.48136
-5.48013
-5.47848
-5.47701
-5.47542
-5.47299
-5.47106
-5.46888
-5.46678
-5.4652
-5.46325
-5.46122
-5.45883
-5.45622
-5.45341
-5.45115
-5.44869
-5.4471
-5.44442
-5.44141
-5.43915
-5.43643
-5.43417
-5.43224
-5.42943
-5.42668
-5.42399
-5.42185
-5.41966
-5.41758
-5.4149
-5.41373
-5.41198
-5.41088
-5.40908
-5.4087
-5.40825
-5.40758
-5.4073
-5.40696
-5.4067
-5.40698
-5.40733
-5.40911
-5.41019
-5.41176
-5.41289
-5.41418
-5.4159
-5.41803
-5.41935
-5.42163
-5.42396
-5.426
-5.42834
-5.43036
-5.43204
-5.43396
-5.4355
-5.43727
-5.43879
-5.4405
-5.44166
-5.44316
-5.44484
-5.44596
-5.44711
-5.44815
-5.44864
-5.44903
-5.44978
-5.45001
-5.45031
-5.45056
-5.45122
-5.45169
-5.45199
-5.45229
-5.45289
-5.45336
-5.45386
-5.4541
-5.45423
-5.45562
-5.45633
-5.45695
-5.45765
-5.45843
-5.4593
-5.46009
-5.46112
-5.46239
-5.46359
-5.46548
-5.46729
-5.46888
-5.47023
-5.47195
-5.47358
-5.4757
-5.47697
-5.47842
-5.48021
-5.48186
-5.48337
-5.48519
-5.4873
-5.48909
-5.49115
-5.49287
-5.49469
-5.49614
-5.49781
-5.49939
-5.50054
-5.50203
-5.50291
-5.50379
-5.50509
-5.50514
-5.50543
-5.5061
-5.50547
-5.50489
-5.50449
-5.50366
-5.50194
-5.50007
-5.4982
-5.49693
-5.49475
-5.49197
-5.48812
-5.48504
-5.48166
-5.47786
-5.47333
-5.46886
-5.46385
-5.45877
-5.45395
-5.4485
-5.44289
-5.43761
-5.43177
-5.42631
-5.42065
-5.41527
-5.4096
-5.40351
-5.39764
-5.39216
-5.3865
-5.38099
-5.3755
-5.37007
-5.36501
-5.36006
-5.35598
-5.3519
-5.34814
-5.34486
-5.34178
-5.33953
-5.33765
-5.33617
-5.33493
-5.33365
-5.33293
-5.33292
-5.33334
-5.33432
-5.33542
-5.33663
-5.3387
-5.34087
-5.34344
-5.34654
-5.35047
-5.35431
-5.35895
-5.36392
-5.3692
-5.37463
-5.37956
-5.38519
-5.39149
-5.39707
-5.40295
-5.40879
-5.41473
-5.42102
-5.42717
-5.43361
-5.44
-5.44584
-5.45246
-5.45847
-5.464
-5.46915
-5.47452
-5.47947
-5.48429
-5.4891
-5.49329
-5.49746
-5.50098
-5.50431
-5.50683
-5.50945
-5.51112
-5.51321
-5.51541
-5.51667
-5.51777
-5.51781
-5.51847
-5.51854
-5.51835
-5.51761
-5.51739
-5.5162
-5.51541
-5.51428
-5.51267
-5.51075
-5.50944
-5.50768
-5.50535
-5.50304
-5.50048
-5.49827
-5.49566
-5.49283
-5.48991
-5.48723
-5.48434
-5.4811
-5.47842
-5.47586
-5.47208
-5.46904
-5.46615
-5.46283
-5.45999
-5.45703
-5.45366
-5.45097
-5.44805
-5.44523
-5.44296
-5.44036
-5.43819
-5.43601
-5.43383
-5.4318
-5.42964
-5.42824
-5.42686
-5.4255
-5.4243
-5.42312
-5.42225
-5.42168
-5.42141
-5.42142
-5.42157
-5.42185
-5.42194
-5.42199
-5.4226
-5.42272
-5.42354
-5.42478
-5.42552
-5.42654
-5.42737
-5.42879
-5.43007
-5.4318
-5.43371
-5.43582
-5.43799
-5.44053
-5.44316
-5.4462
-5.44919
-5.45246
-5.45615
-5.45967
-5.46347
-5.46768
-5.47217
-5.47691
-5.4822
-5.48696
-5.49253
-5.49844
-5.50436
-5.51012
-5.51644
-5.5227
-5.52947
-5.53583
-5.54219
-5.54867
-5.55526
-5.56147
-5.56758
-5.57416
-5.57983
-5.58562
-5.59165
-5.59669
-5.60208
-5.60644
-5.61049
-5.61436
-5.61849
-5.62211
-5.62474
-5.62744
-5.63003
-5.63145
-5.63275
-5.63361
-5.63434
-5.63418
-5.63358
-5.63253
-5.63089
-5.62911
-5.62719
-5.62468
-5.62219
-5.61882
-5.61488
-5.61022
-5.60544
-5.59995
-5.59437
-5.58854
-5.58234
-5.57546
-5.56778
-5.56052
-5.55279
-5.54462
-5.53664
-5.52858
-5.5205
-5.51152
-5.50247
-5.4931
-5.48439
-5.47581
-5.46774
-5.4592
-5.45134
-5.4441
-5.43739
-5.431
-5.42574
-5.42122
-5.41763
-5.41439
-5.41212
-5.4105
-5.40922
-5.40914
-5.4093
-5.41011
-5.41178
-5.41396
-5.4164
-5.41949
-5.42255
-5.4264
-5.43008
-5.43383
-5.43758
-5.44115
-5.44509
-5.44923
-5.45261
-5.45568
-5.45888
-5.46113
-5.46363
-5.46607
-5.46861
-5.4708
-5.47248
-5.47397
-5.47528
-5.4764
-5.47735
-5.47889
-5.47996
-5.47982
-5.48058
-5.4809
-5.48076
-5.48063
-5.48037
-5.47997
-5.47912
-5.47873
-5.47775
-5.47648
-5.47536
-5.47424
-5.47297
-5.4717
-5.47012
-5.46868
-5.46692
-5.4644
-5.46201
-5.45929
-5.45715
-5.45393
-5.45114
-5.44817
-5.44502
-5.44125
-5.4376
-5.43364
-5.42983
-5.42571
-5.42102
-5.41666
-5.4116
-5.40693
-5.40268
-5.39781
-5.39357
-5.38985
-5.38563
-5.38094
-5.37674
-5.37275
-5.36889
-5.36547
-5.36253
-5.35981
-5.35825
-5.35604
-5.35519
-5.35432
-5.35392
-5.35413
-5.35449
-5.35546
-5.35747
-5.35869
-5.36107
-5.36383
-5.36695
-5.36996
-5.37373
-5.37764
-5.38151
-5.38562
-5.39055
-5.39522
-5.39977
-5.40432
-5.40962
-5.41489
-5.42086
-5.42617
-5.43185
-5.43789
-5.44308
-5.44859
-5.45352
-5.45951
-5.46549
-5.4716
-5.47784
-5.48373
-5.48988
-5.49566
-5.50122
-5.50686
-5.51212
-5.51698
-5.52219
-5.52745
-5.53276
-5.5375
-5.54244
-5.54695
-5.55151
-5.55594
-5.55996
-5.564
-5.56822
-5.57231
-5.57718
-5.58072
-5.58397
-5.58707
-5.59004
-5.593
-5.59626
-5.59904
-5.6012
-5.60407
-5.60599
-5.6077
-5.60949
-5.6115
-5.6131
-5.61428
-5.61518
-5.61593
-5.61622
-5.61557
-5.61487
-5.61366
-5.61283
-5.61116
-5.60878
-5.60644
-5.6043
-5.60097
-5.59693
-5.59261
-5.58803
-5.58335
-5.57784
-5.57226
-5.56622
-5.56003
-5.55373
-5.54694
-5.53999
-5.53265
-5.52558
-5.519
-5.51191
-5.5056
-5.49921
-5.49325
-5.48702
-5.48163
-5.47679
-5.47164
-5.46799
-5.46434
-5.461
-5.45778
-5.45529
-5.4535
-5.45161
-5.44991
-5.44865
-5.44765
-5.44735
-5.44695
-5.44657
-5.44651
-5.44658
-5.44618
-5.44695
-5.44723
-5.44776
-5.44853
-5.44895
-5.45022
-5.45083
-5.45123
-5.45173
-5.45293
-5.45453
-5.45608
-5.45757
-5.459
-5.46038
-5.46124
-5.4634
-5.4652
-5.46692
-5.46917
-5.47164
-5.47387
-5.47602
-5.47852
-5.48093
-5.48337
-5.48571
-5.48853
-5.49092
-5.49363
-5.49604
-5.49891
-5.50101
-5.50355
-5.50636
-5.50852
-5.51094
-5.51314
-5.51513
-5.51749
-5.51946
-5.52148
-5.52308
-5.52458
-5.5264
-5.52794
-5.52875
-5.53018
-5.53102
-5.53189
-5.53233
-5.53311
-5.53394
-5.53452
-5.53487
-5.53576
-5.53569
-5.53574
-5.53593
-5.53643
-5.53711
-5.53737
-5.53769
-5.53808
-5.53915
-5.53986
-5.54065
-5.54169
-5.54235
-5.54353
-5.54462
-5.54559
-5.54688
-5.54815
-5.54876
-5.55019
-5.5509
-5.55174
-5.55223
-5.55262
-5.55272
-5.55265
-5.55175
-5.55059
-5.5484
-5.54634
-5.54349
-5.54043
-5.53685
-5.53257
-5.52821
-5.52331
-5.51787
-5.51177
-5.50502
-5.4978
-5.48984
-5.48132
-5.47335
-5.46431
-5.45501
-5.44579
-5.43673
-5.42713
-5.41734
-5.40849
-5.39943
-5.39023
-5.38154
-5.37327
-5.36473
-5.35671
-5.34911
-5.34183
-5.33535
-5.32955
-5.324
-5.31918
-5.3148
-5.3104
-5.3066
-5.30324
-5.30137
-5.29945
-5.29837
-5.29765
-5.29771
-5.29822
-5.29869
-5.30012
-5.30203
-5.30376
-5.30603
-5.30788
-5.31032
-5.3124
-5.31498
-5.31772
-5.31997
-5.3226
-5.32528
-5.32767
-5.33006
-5.33195
-5.33396
-5.3353
-5.33642
-5.33717
-5.33785
-5.33801
-5.33797
-5.33819
-5.33824
-5.33799
-5.33791
-5.33758
-5.33733
-5.33688
-5.33658
-5.33615
-5.33578
-5.3358
-5.33533
-5.33547
-5.3358
-5.33589
-5.33667
-5.33772
-5.33904
-5.34037
-5.34232
-5.3449
-5.34722
-5.35003
-5.35365
-5.357
-5.361
-5.36548
-5.36998
-5.37477
-5.37971
-5.3849
-5.39079
-5.39689
-5.40318
-5.40932
-5.41588
-5.42253
-5.42937
-5.43578
-5.44187
-5.44897
-5.45507
-5.46151
-5.46749
-5.47329
-5.47857
-5.48347
-5.48887
-5.49413
-5.49849
-5.50267
-5.50652
-5.50971
-5.51255
-5.51561
-5.51754
-5.51954
-5.5216
-5.52341
-5.52407
-5.52404
-5.52392
-5.5234
-5.52265
-5.52151
-5.52031
-5.5192
-5.51728
-5.51426
-5.51121
-5.50815
-5.50493
-5.50128
-5.49722
-5.49321
-5.48882
-5.48452
-5.47974
-5.4745
-5.46958
-5.46439
-5.45897
-5.45333
-5.44796
-5.44273
-5.43722
-5.43175
-5.42664
-5.42178
-5.41703
-5.41182
-5.40646
-5.40144
-5.39707
-5.39247
-5.38826
-5.38416
-5.38079
-5.3777
-5.37462
-5.37262
-5.37048
-5.36945
-5.36739
-5.36539
-5.36449
-5.36395
-5.36377
-5.36409
-5.36461
-5.36546
-5.36666
-5.36832
-5.36985
-5.37183
-5.37424
-5.37677
-5.37984
-5.38255
-5.38591
-5.38917
-5.39275
-5.39677
-5.40062
-5.40458
-5.40832
-5.41274
-5.41706
-5.42141
-5.42577
-5.42984
-5.43435
-5.4381
-5.44228
-5.44612
-5.45084
-5.45492
-5.45897
-5.46284
-5.46684
-5.47051
-5.47477
-5.47888
-5.48283
-5.48693
-5.49181
-5.49626
-5.50058
-5.50418
-5.50841
-5.51254
-5.51685
-5.52119
-5.52601
-5.53085
-5.53478
-5.53947
-5.54414
-5.54846
-5.55272
-5.5569
-5.56082
-5.56447
-5.56811
-5.57172
-5.57528
-5.57846
-5.58093
-5.58342
-5.585
-5.58716
-5.58866
-5.58935
-5.59054
-5.59088
-5.5908
-5.59059
-5.59024
-5.58884
-5.58714
-5.58439
-5.58164
-5.57829
-5.57436
-5.57076
-5.5666
-5.56176
-5.55638
-5.55082
-5.54508
-5.53891
-5.53263
-5.52597
-5.51943
-5.51288
-5.50577
-5.49857
-5.49134
-5.48425
-5.47796
-5.47112
-5.46408
-5.45748
-5.45133
-5.44508
-5.43904
-5.43293
-5.42723
-5.42195
-5.41711
-5.41196
-5.40756
-5.40317
