3811.72
3465.05
3465.05
3242.64
3242.64
3242.64
2850.68
2850.68
2766.36
2455.92
2433.4
2033.61
2033.61
1572.1
1572.1
1518.69
1281.16
1251.44
1080.17
1056
1056
942.097
854.774
854.774
832.994
684.12
684.12
598.735
564.9
564.9
549.031
520.188
520.188
481.668
477.33
454.525
454.525
433.03
378.94
378.94
370.506
368.669
357.392
342.697
321.697
314.582
307.774
306.915
268.228
257.391
257.391
257.391
257.391
257.391
234.082
234.082
234.082
234.082
232.055
232.055
232.055
223.826
223.826
223.826
221.8
221.8
221.8
219.656
218.26
218.26
218.26
218.26
218.26
218.26
218.088
218.074
213.953
212.558
212.2
212.005
211.843
211.819
211.5
211.141
210.769
210.605
210.605
210.605
210.605
210.605
210.605
210.605
210.605
210.605
210.605
210.605
210.605
210.605
210.605
210.096
210.096
210.096
210.096
210.096
210.096
210.096
210.096
210.096
210.096
210.096
210.096
210.096
210.096
210.096
210.096
210.096
210.096
210.096
210.096
210.096
210.096
210.096
210.096
210.096
210.096
210.096
210.096
210.096
210.096
210.096
210.096
210.096
210.096
210.096
210.096
210.096
210.096
210.096
210.096
210.096
210.096
210.096
210.096
210.096
210.096
210.096
210.096
210.096
210.096
210.096
210.096
210.096
210.096
210.096
210.096
210.096
210.096
210.096
210.096
210.096
210.096
210.096
210.096
210.096
210.096
210.096
210.096
210.096
210.096
210.096
210.096
210.096
210.096
210.096
210.096
210.096
210.096
210.096
210.096
210.096
210.096
210.096
210.096
210.096
210.096
210.096
210.096
210.096
210.096
210.096
210.096
210.096
210.096
210.096
210.096
210.096
210.096
210.096
210.096
210.096
