5667.06
5286.57
4942.83
4644.93
4361.68
4127.16
3933.38
3791.43
3636.46
3472.07
3313.6
3163.86
2972.74
2780.5
2590.47
2393.09
2174.48
1955.53
1751.97
1599.43
1488.98
1383.5
1263.4
1181.15
1105.08
1016.91
949.589
876.878
808.453
742.511
684.301
637.091
608.789
586.791
569.462
555.813
538.989
520.562
496.366
473.376
459.567
447.175
430.747
412.914
393.446
378.145
366.537
358.065
348.937
342.626
340.232
336.694
330.985
323.362
313.707
299.297
282.076
266.572
252.715
245.2
239.4
235.491
233.5
232.56
232.035
231.441
230.157
227.297
224.299
222.215
221.675
221.408
220.774
220.143
219.41
218.828
218.525
218.246
217.822
216.884
215.068
213.506
212.516
212.141
211.911
211.672
211.383
211.078
210.854
210.714
210.626
210.605
210.605
210.605
210.605
210.605
210.605
210.605
210.605
210.604
210.601
210.59
210.562
210.488
210.345
210.237
210.124
210.096
210.096
210.096
210.096
210.096
210.096
210.096
210.096
210.096
210.096
210.096
210.096
210.096
210.096
210.096
210.096
210.096
210.096
210.096
210.096
210.096
210.096
210.096
210.096
210.096
210.096
210.096
210.096
210.096
210.096
210.096
210.096
210.096
210.096
210.096
210.096
210.096
210.096
210.096
210.096
210.096
210.096
210.096
210.096
210.096
210.096
210.096
210.096
210.096
210.096
210.096
210.096
210.096
210.096
210.096
210.096
210.096
210.096
210.096
210.096
210.096
210.096
210.096
210.096
210.096
210.096
210.096
210.096
210.096
210.096
210.096
210.096
210.096
210.096
210.096
210.096
210.096
210.096
210.096
210.096
210.096
210.096
210.096
210.096
210.096
210.096
210.096
210.096
210.096
210.096
210.096
210.096
210.096
