643.52
643.52
643.52
565.699
518.211
484.038
484.038
453.257
453.257
434.563
410.252
392.983
368.537
347.051
333.801
326.508
302.651
302.651
290.557
290.557
276.668
270.891
249.374
229.137
220.742
220.742
199.828
199.828
199.514
194.135
175.849
175.849
172.457
172.457
172.457
159.389
143.831
143.831
143.831
139.756
139.756
139.756
138.689
135.76
135.508
135.508
133.313
131.151
130.07
129.561
129.463
129.463
128.954
123.876
123.876
123.876
123.876
123.876
123.876
123.269
123.269
122.925
122.925
122.925
122.925
122.925
122.925
122.925
122.925
122.925
122.925
122.925
122.925
122.925
122.925
122.925
121.858
121.858
121.858
121.858
120.131
120.131
120.131
120.131
120.131
119.393
119.393
119.064
119.064
119.064
119.064
118.326
118.326
118.326
117.336
117.336
117.336
117.336
117.336
117.336
117.336
117.336
117.336
117.014
116.89
116.89
116.89
116.89
116.89
116.568
116.568
116.568
116.568
116.568
116.568
115.337
115.337
115.337
115.337
114.474
114.474
114.474
114.474
114.474
114.428
114.428
114.428
114.428
114.428
114.428
114.428
114.428
114.428
114.428
114.428
114.428
114.428
114.428
114.428
114.428
114.428
114.428
114.428
114.428
114.428
114.428
114.428
114.428
114.428
114.428
114.428
114.428
114.428
114.428
114.428
114.428
114.428
114.428
114.428
114.428
114.428
114.428
114.428
114.428
114.428
114.428
114.428
114.428
114.428
114.428
114.428
114.428
114.428
114.428
114.428
114.428
114.428
114.428
114.428
114.428
114.428
114.428
114.428
114.428
114.428
114.428
114.428
114.428
114.428
114.428
114.428
114.428
114.428
114.428
114.428
114.428
114.428
114.428
114.428
114.428
114.428
114.428
114.428
114.428
114.428
114.428
114.428
114.428
114.428
114.428
114.428
114.428
114.428
114.428
114.428
114.428
114.428
114.428
114.428
114.428
114.428
114.428
114.428
114.428
114.428
114.428
114.428
114.428
114.428
114.428
114.428
114.428
114.428
114.428
114.428
114.428
114.428
114.428
114.428
114.428
114.428
114.428
114.428
114.428
114.428
114.428
114.428
114.428
114.428
114.428
114.428
114.428
114.428
114.428
114.428
114.428
114.428
114.428
114.428
114.428
114.428
114.428
114.428
114.428
114.428
114.428
114.428
114.428
114.428
114.428
114.428
114.428
114.428
114.428
114.428
114.428
114.428
114.428
114.428
114.428
114.428
114.428
114.428
114.428
114.428
114.428
114.428
114.428
114.428
114.428
114.428
114.428
114.428
114.428
114.428
114.428
114.428
114.428
114.428
114.428
114.428
114.428
114.428
114.428
114.428
114.428
114.428
114.428
114.428
114.428
114.428
114.428
114.428
114.428
114.428
114.428
114.428
114.428
114.428
114.428
114.428
114.428
114.428
114.428
114.428
114.428
114.428
114.428
114.428
114.428
114.428
114.428
114.428
114.428
114.428
114.428
114.428
114.428
114.428
114.428
114.428
114.428
114.428
114.428
114.428
114.428
114.428
114.428
114.428
114.428
114.428
114.428
114.428
114.428
114.428
114.428
114.428
114.428
114.428
114.428
114.428
114.428
114.428
114.428
114.428
114.428
114.428
109.295
109.295
109.295
109.295
109.295
109.295
109.295
109.295
109.295
109.295
109.295
109.295
109.295
109.295
107.798
105.718
105.718
105.718
105.718
105.718
105.718
104.221
104.221
104.221
103.355
103.355
101.858
101.858
101.858
101.858
101.858
101.858
101.858
101.858
101.858
101.858
101.858
101.858
101.858
101.858
101.858
101.858
101.858
101.858
101.858
101.858
101.858
101.858
101.858
101.858
101.858
101.858
101.858
101.858
101.858
101.858
101.858
101.858
101.858
101.858
101.858
101.858
101.858
101.858
101.858
101.858
101.858
101.858
101.858
101.858
101.858
101.858
101.858
101.858
101.858
101.858
101.858
101.858
101.858
101.858
101.858
101.858
101.858
101.858
101.858
101.858
101.858
101.858
101.858
101.858
101.858
101.858
101.858
101.858
101.858
101.858
101.858
101.858
101.858
101.858
101.858
101.858
101.858
101.858
101.858
101.858
101.858
101.858
101.858
101.858
101.858
101.858
101.858
101.858
101.858
101.858
101.858
101.858
101.858
101.858
101.858
101.858
101.858
101.858
101.858
101.858
101.858
101.858
101.858
101.858
101.858
101.858
101.858
