1027.83
965.818
907.368
859.276
811.648
760.581
715.421
670.046
625.944
597.823
570.967
544.636
522.313
498.429
472.957
457.603
443.145
427.115
408.693
395.761
380.68
370.814
356.849
346.205
332.695
312.084
291.792
276.637
262.276
247.939
238.669
231.6
224.884
218.823
213.471
205.581
201.254
194.6
184.593
178.813
175.856
171.253
167.136
163.238
156.191
153.399
152.848
151.96
149.79
151.319
147.721
146.406
146.057
146.702
148.302
146.808
144.634
143.985
143.404
145.725
150.003
151.356
155.834
157.472
160.924
161.729
164.167
158.123
162.409
163.111
164.43
163.787
163.194
162.876
160.835
162.96
163.677
159.117
156.254
147.306
150.615
151.12
150.34
155.585
151.461
153.035
148.856
141.663
139.804
137.329
135.462
136.133
135.35
134.235
133.293
132.892
131.658
131.603
132.115
133.412
135.587
137.127
140.726
141.489
134.916
135.557
134.927
135.36
132.1
132.023
132.059
130.246
130.084
128.82
124.909
125.987
123.786
122.807
122.301
121.297
122.555
123.966
124.76
127.342
127.119
126.187
123.055
120.927
119.829
120.512
119.364
119.636
120.724
118.239
121.419
121.694
120.731
121.887
121.157
122.863
121.586
122.175
120.979
120.308
120.464
119.992
121.948
122.179
120.315
118.816
117.556
116.181
117.303
116.027
115.914
117.385
117.194
117.493
119.483
118.109
118.561
118.586
120.111
118.761
120.007
118.847
117.145
117.648
116.062
116.632
116.844
116.467
118.586
118.759
120.092
119.259
119.305
117.127
118.649
118.881
118.887
118.747
118.819
117.19
119.103
120.696
120.197
117.904
118.951
119.394
121.234
121.781
119.542
120.472
120.09
117.113
117.011
118.987
119.427
119.949
121.258
122.063
120.805
120.336
120.915
119.699
117.496
120.073
119.547
119.822
118.489
121.406
122.129
119.904
120.269
121.514
121.84
120.119
118.149
119.855
121.069
117.841
118.319
116.97
119.136
120.407
118.334
119.419
117.853
119.196
120.873
120.979
121.107
122.06
118.838
118.313
118.744
119.795
121.185
120.041
119.574
117.987
119.303
119.227
122.998
119.559
119.695
121.159
120.755
117.933
121.403
122.866
120.999
119.651
119.392
119.699
119.226
118.789
121.432
122.155
120.084
122.491
123.877
124.043
122.919
122.516
123.747
124.891
125.939
121.106
118.662
118.672
120.95
120.346
121.576
122.731
122.431
122.596
119.869
120.218
118.805
118.219
118.55
119.865
118.727
117.845
119.38
119.136
118.795
120.305
120.939
123.439
122.249
122.076
121.485
122.572
120.169
119.219
119.507
122.146
122.029
121.977
120.872
118.317
117.697
117.191
116.866
118.788
117.454
121.259
119.602
119.071
116.738
116.509
116.239
116.845
117.168
117.22
119.434
118.119
117.966
119.764
121.213
121.852
123.36
122.876
120.839
119.502
120.254
119.65
120.718
118.843
120.259
117.578
116.513
117.002
118.017
118.793
118.128
119.414
120.592
120.027
121.709
120.966
121.726
120.616
118.722
119.432
119.239
118.624
118.269
118.333
118.346
119.426
123.626
124.113
122.257
120.968
118.792
120.448
121.815
121.705
119.634
118.883
119.115
119.112
120.63
119.767
122.177
122.437
123.353
124.96
121.507
122.837
122.96
120.831
121.212
120.209
117.693
113.457
112.889
112.771
112.863
112.661
112.666
114.49
113.307
115.721
119.435
113.587
114.098
110.114
111.651
109.854
110.206
108.24
107.334
108.274
108.896
107.651
107.934
105.012
106.614
104.767
105.046
108.464
105.6
107.443
105.557
106.034
106.621
105.593
103.747
105.508
104.748
103.228
103.751
104.445
105.184
105.023
104.391
106.076
105.66
106.441
107.901
106.348
107.552
104.794
104.814
103.618
106.145
107.761
107.43
108.169
107.332
110.32
106.468
108
108.847
110.08
109.819
108.675
107.141
108.608
108.089
105.875
107.787
107.839
107.348
108.088
107.827
108.043
107.336
106.466
105.252
103.485
104.051
106.148
103.639
106.348
106.446
104.664
104.743
104.712
104.36
103.589
104.588
104.751
107.019
104.806
104.479
105.827
107.419
109.252
110.528
107.746
105.693
106.441
108.931
108.024
110.958
107.911
105.079
107.699
107.053
106.031
105.112
108.659
106.126
107.092
107.646
106.107
107.309
107.338
107.536
107.432
110.123
108.363
107.612
107.671
