0
0.00364161
0.00622217
0.00722206
0.00838524
0.00936158
0.00991073
0.0106069
0.0117446
0.0126378
0.0140772
0.0139485
0.0140251
0.0145562
0.0148848
0.0142546
0.0148398
0.0158072
0.0163571
0.0157339
0.016564
0.0172007
0.0180731
0.0183763
0.0187191
0.0178156
0.0185371
0.0192025
0.0202305
0.0210821
0.0222998
0.0227254
0.0230266
0.0237047
0.0241214
0.024244
0.0246985
0.0250284
0.0251923
0.024653
0.0261456
0.0260623
0.0260434
0.0262799
0.0267233
0.0270919
0.0263447
0.0268023
0.026902
0.025923
0.0262723
0.0275594
0.0289444
0.0286395
0.029137
0.028437
0.0288649
0.0287011
0.029222
0.0288444
0.0296815
0.0301212
0.0300959
0.0308644
0.0316815
0.03145
0.0321616
0.0324449
0.0328206
0.0327534
0.032483
0.0326329
0.0327918
0.0323655
0.032818
0.0323648
0.0321279
0.0321161
0.0333016
0.0339991
0.0345207
0.0349357
0.0346747
0.0353245
0.0362691
0.0357667
0.0354652
0.0349887
0.035541
0.0355774
0.034995
0.0358669
0.036553
0.0374814
0.0371452
0.0370167
0.0375548
0.0377039
0.037843
0.0384374
