0
0.00442265
0.0065328
0.00805465
0.00926834
0.00998328
0.0114438
0.0112599
0.0120898
0.0134064
0.0136945
0.0142541
0.0152143
0.0149268
0.0156158
0.0154995
0.015693
0.0158277
0.0172408
0.0177182
0.018188
0.0189284
0.0192765
0.019853
0.0196327
0.0199589
0.0209868
0.022159
0.0223512
0.022278
0.0223757
0.0229317
0.0224179
0.0228113
0.0236518
0.0238271
0.0236434
0.0242882
0.0256431
0.0275448
0.0286417
0.0292417
0.0290696
0.0295776
0.0298722
0.0310212
0.0315267
0.0320006
0.0315213
0.0317201
0.0320618
0.0326894
0.0326383
0.0325668
0.034067
0.0343084
0.0345664
0.0355304
0.0370856
0.0374605
0.0367314
0.0370192
0.037054
0.0380426
0.0397202
0.039577
0.0395528
0.0392921
0.0403535
0.0411476
0.0408637
0.0405849
0.04054
0.0397497
0.0394644
0.0394543
0.0400445
0.0408115
0.0414973
0.0422902
0.0427094
0.0425333
0.0421729
0.0420496
0.0425637
0.0416473
0.0419628
0.0416124
0.0414733
0.0429178
0.042075
0.0422596
0.0429964
0.0413659
0.0420024
0.0414233
0.0420713
0.0423586
0.0410816
0.0415339
