1
1.40221
1.72128
1.98741
2.22149
2.44246
2.64208
2.82326
2.99409
3.16702
3.32157
3.46791
3.61406
3.74425
3.87216
3.99462
4.12005
4.24669
4.37372
4.47294
4.58672
4.70208
4.79833
4.89953
4.99946
5.10619
5.207
5.29849
5.39869
5.50089
5.59616
5.68892
5.76647
5.84785
5.93319
6.01304
6.09395
6.18385
6.26576
6.34664
6.41997
6.49805
6.57851
6.67031
6.75038
6.82138
6.8931
6.97285
7.03807
7.10413
7.17235
7.24196
7.30953
7.36815
7.43615
7.50624
7.56896
7.63475
7.69358
7.75923
7.82623
7.89497
7.95115
8.0269
8.0976
8.16868
8.23409
8.2994
8.35811
8.4221
8.48429
8.54213
8.59631
8.65346
8.70557
8.76119
8.81922
8.86539
8.91883
8.96567
9.02369
9.08073
9.14275
9.20124
9.25238
9.31366
9.37092
9.41762
9.46692
9.51869
9.55704
9.61059
9.66818
9.71568
9.76852
9.82206
9.87081
9.91851
9.96905
10.0164
