1
1.41535
1.73354
2.00745
2.25425
2.46403
2.66194
2.84487
3.0135
3.1729
3.32033
3.47697
3.61441
3.75686
3.88743
4.01456
4.13514
4.25591
4.36071
4.47595
4.58679
4.69546
4.78672
4.88884
4.98526
5.07775
5.16834
5.26544
5.35953
5.46016
5.55721
5.64385
5.74033
5.84042
5.92384
6.0072
6.08321
6.16884
6.24922
6.33241
6.40069
6.48075
6.55908
6.634
6.70989
6.77996
6.84959
6.92501
6.99861
7.07556
7.14296
7.20556
7.27709
7.34623
7.40281
7.46183
7.52826
7.59734
7.66655
7.72943
7.80004
7.86369
7.9346
8.00746
8.07193
8.13431
8.19604
8.25614
8.3107
8.38293
8.45054
8.51538
8.57579
8.6419
8.69353
8.7451
8.80554
8.86569
8.92186
8.97807
9.03605
9.09528
9.15187
9.21309
9.26675
9.30669
9.36218
9.40515
9.46492
9.49971
9.55433
9.61057
9.65716
9.71045
9.77145
9.82475
9.87344
9.92351
9.96818
10.0161
