# BLOCK:    VELOCITY:    BLOCK_POFV:    AVE_POFV:    ERROR:
           1   0.0942809           0           0           0
           1    0.282843 0.000122762 0.000122762           0
           1    0.471405   0.0292664   0.0292664           0
           1    0.659966   0.0863996   0.0863996           0
           1    0.848528   0.0991177   0.0991177           0
           1     1.03709    0.178692    0.178692           0
           1     1.22565    0.134645    0.134645           0
           1     1.41421    0.401529    0.401529           0
           1     1.60278    0.314319    0.314319           0
           1     1.79134    0.413903    0.413903           0
           1      1.9799    0.524806    0.524806           0
           1     2.16846    0.407077    0.407077           0
           1     2.35702    0.417488    0.417488           0
           1     2.54558    0.555938    0.555938           0
           1     2.73415    0.336563    0.336563           0
           1     2.92271    0.308353    0.308353           0
           1     3.11127    0.330499    0.330499           0
           1     3.29983    0.270714    0.270714           0
           1     3.48839     0.13494     0.13494           0
           1     3.67696    0.107883    0.107883           0
           1     3.86552   0.0561512   0.0561512           0
           1     4.05408   0.0765787   0.0765787           0
           1     4.24264   0.0129882   0.0129882           0
           1      4.4312   0.0138966   0.0138966           0
           1     4.61976   0.0047386   0.0047386           0
           1     4.80833  0.00127672  0.00127672           0
           1     4.99689 0.000147314 0.000147314           0
           1     5.18545   0.0150751   0.0150751           0
           1     5.37401   0.0186107   0.0186107           0
           1     5.56257  0.00247978  0.00247978           0

           2   0.0942809           0           0           0
           2    0.282843  0.00206239  0.00109258 0.000685764
           2    0.471405   0.0159836    0.022625  0.00469618
           2    0.659966   0.0233493   0.0548744   0.0222917
           2    0.848528   0.0471159   0.0731168   0.0183854
           2     1.03709    0.164206    0.171449  0.00512153
           2     1.22565    0.364798    0.249722   0.0813715
           2     1.41421    0.368236    0.384882   0.0117708
           2     1.60278    0.289202     0.30176  0.00888021
           2     1.79134    0.330744    0.372324    0.029401
           2      1.9799    0.609487    0.567146   0.0299392
           2     2.16846    0.425737    0.416407  0.00659722
           2     2.35702    0.320801    0.369144    0.034184
           2     2.54558    0.501628    0.528783   0.0192014
           2     2.73415    0.456059    0.396311   0.0422483
           2     2.92271    0.232289    0.270321   0.0268924
           2     3.11127    0.365584    0.348041   0.0124045
           2     3.29983    0.159492    0.215103   0.0393229
           2     3.48839    0.177489    0.156214   0.0150434
           2     3.67696   0.0803106   0.0940968  0.00974826
           2     3.86552   0.0622647   0.0592079  0.00216146
           2     4.05408   0.0924395   0.0845091  0.00560764
           2     4.24264   0.0943055   0.0536468     0.02875
           2      4.4312   0.0362392   0.0250679  0.00789931
           2     4.61976  0.00643271  0.00558565 0.000598958
           2     4.80833   0.0037565  0.00251661 0.000876736
           2     4.99689   0.0234475   0.0117974  0.00823785
           2     5.18545  0.00353553  0.00930533  0.00407986
           2     5.37401  0.00282352   0.0107171   0.0055816
           2     5.56257 0.000171866  0.00132583 0.000815972

           3   0.0942809           0           0           0
           3    0.282843   0.0010803  0.00108849 0.000457188
           3    0.471405  0.00878973   0.0180132    0.004897
           3    0.659966   0.0921449   0.0672979    0.017993
           3    0.848528   0.0627066   0.0696467   0.0125802
           3     1.03709    0.287974    0.210291   0.0318974
           3     1.22565    0.241006    0.246816   0.0542995
           3     1.41421    0.229245    0.333003   0.0430798
           3     1.60278     0.28547     0.29633  0.00739633
           3     1.79134    0.512996    0.419214   0.0430119
           3      1.9799    0.465831    0.533375   0.0340402
           3     2.16846    0.479114     0.43731   0.0176242
           3     2.35702    0.379432    0.372573   0.0229607
           3     2.54558    0.360011    0.472526   0.0476844
           3     2.73415    0.348864    0.380495   0.0309848
           3     2.92271    0.275403    0.272015   0.0179815
           3     3.11127    0.280019    0.325367   0.0202763
           3     3.29983     0.24653    0.225579   0.0275754
           3     3.48839    0.157135    0.156521   0.0100321
           3     3.67696    0.117851    0.102015  0.00916694
           3     3.86552    0.188513     0.10231   0.0352218
           3     4.05408    0.079795   0.0829377  0.00395246
           3     4.24264    0.126911   0.0780682    0.027658
           3      4.4312   0.0166956   0.0222771  0.00573805
           3     4.61976  0.00672734  0.00596621  0.00050596
           3     4.80833 0.000466494  0.00183324  0.00080806
           3     4.99689  0.00225881  0.00861786  0.00607458
           3     5.18545  0.00208695   0.0068992  0.00335522
           3     5.37401 0.000270076  0.00723475  0.00468303
           3     5.56257   0.0308132   0.0111549  0.00804385

           4   0.0942809           0           0           0
           4    0.282843  0.00898615   0.0030629  0.00174394
           4    0.471405   0.0414934   0.0238833  0.00627154
           4    0.659966   0.0928569   0.0736876   0.0145853
           4    0.848528    0.118833   0.0819434   0.0142277
           4     1.03709    0.192908    0.205945   0.0242173
           4     1.22565     0.38827     0.28218   0.0509552
           4     1.41421    0.387804    0.346703   0.0344194
           4     1.60278    0.405703    0.323673   0.0243209
           4     1.79134    0.341744    0.399847   0.0363589
           4      1.9799    0.245155     0.46132    0.067422
           4     2.16846    0.328314    0.410061   0.0270481
           4     2.35702     0.39846    0.379045   0.0181096
           4     2.54558    0.370617    0.447049   0.0420218
           4     2.73415    0.376608    0.379524   0.0232538
           4     2.92271    0.251661    0.266927   0.0141879
           4     3.11127    0.264183    0.310071   0.0201678
           4     3.29983     0.21935    0.224021   0.0207254
           4     3.48839    0.110436       0.145   0.0124966
           4     3.67696    0.203686    0.127433   0.0230611
           4     3.86552    0.190821    0.124437   0.0326351
           4     4.05408   0.0805807   0.0823485  0.00300795
           4     4.24264   0.0835515    0.079439   0.0207774
           4      4.4312   0.0827904   0.0374055   0.0137902
           4     4.61976   0.0620928   0.0199979   0.0121577
           4     4.80833     0.04223   0.0119324  0.00876712
           4     4.99689    0.013823  0.00991914  0.00469324
           4     5.18545 0.000343732  0.00526033  0.00288908
           4     5.37401           0  0.00542606  0.00384572
           4     5.56257           0   0.0083662  0.00649835

           5   0.0942809 0.000834779 0.000166956  0.00014933
           5    0.282843   0.0148296  0.00541624  0.00252527
           5    0.471405   0.0601041   0.0311274  0.00819481
           5    0.659966    0.123302   0.0836105     0.01466
           5    0.848528    0.112965   0.0881477   0.0126629
           5     1.03709    0.208842    0.206524   0.0193808
           5     1.22565    0.392469    0.304238   0.0452874
           5     1.41421    0.381322    0.353627   0.0282233
           5     1.60278    0.320727    0.323084   0.0194639
           5     1.79134    0.335925    0.387062    0.031254
           5      1.9799     0.31837     0.43273   0.0596923
           5     2.16846     0.38201     0.40445   0.0222127
           5     2.35702    0.347022     0.37264    0.015579
           5     2.54558     0.36907    0.431453   0.0363966
           5     2.73415    0.233468    0.350312   0.0320734
           5     2.92271    0.330229    0.279587    0.016033
           5     3.11127    0.219891    0.292035   0.0228157
           5     3.29983      0.2948    0.238177   0.0208618
           5     3.48839    0.196468    0.155293   0.0135908
           5     3.67696    0.144098    0.130766   0.0186882
           5     3.86552    0.106287    0.120807   0.0263092
           5     4.05408    0.104617   0.0868023  0.00465398
           5     4.24264    0.112106   0.0859724   0.0176192
           5      4.4312    0.102923    0.050509   0.0160957
           5     4.61976   0.0520264   0.0264036   0.0112882
           5     4.80833   0.0223917   0.0140243  0.00725897
           5     4.99689  0.00594166  0.00912364  0.00382142
           5     5.18545   0.0102629  0.00626084  0.00247846
           5     5.37401           0  0.00434085  0.00322606
           5     5.56257           0  0.00669296  0.00540981

           6   0.0942809 0.000270076 0.000184142 0.000125427
           6    0.282843   0.0123744  0.00657593  0.00235568
           6    0.471405    0.083527   0.0398607   0.0104973
           6    0.659966    0.124529   0.0904303   0.0137115
           6    0.848528    0.117409   0.0930246   0.0114531
           6     1.03709    0.172652    0.200879   0.0169529
           6     1.22565     0.39156    0.318791   0.0400098
           6     1.41421     0.32112    0.348209   0.0240339
           6     1.60278    0.391929    0.334558    0.019308
           6     1.79134    0.258168     0.36558   0.0326025
           6      1.9799    0.356721    0.420062   0.0510701
           6     2.16846    0.311323    0.388929   0.0233109
           6     2.35702    0.474547    0.389625   0.0202223
           6     2.54558    0.354535    0.418633   0.0325098
           6     2.73415    0.338159    0.348287   0.0267917
           6     2.92271    0.350484    0.291403   0.0171716
           6     3.11127    0.286035    0.291035    0.019035
           6     3.29983     0.21827    0.234859   0.0176467
           6     3.48839    0.105919    0.147064   0.0135906
           6     3.67696    0.137665    0.131916   0.0156088
           6     3.86552   0.0818574    0.114316   0.0227111
           6     4.05408    0.112081   0.0910154  0.00546203
           6     4.24264   0.0942318    0.087349   0.0147364
           6      4.4312   0.0225145   0.0458433   0.0140731
           6     4.61976   0.0449798   0.0294996  0.00982228
           6     4.80833   0.0468458   0.0194945  0.00784401
           6     4.99689    0.043654   0.0148787  0.00614343
           6     5.18545   0.0116624  0.00716109  0.00222288
           6     5.37401  0.00790585  0.00493502  0.00274255
           6     5.56257   0.0104593  0.00732068  0.00454445

           7   0.0942809  0.00405113  0.00073657 0.000522625
           7    0.282843   0.0233493  0.00897212  0.00299974
           7    0.471405   0.0842145   0.0461969   0.0107411
           7    0.659966      0.1714    0.101997      0.0159
           7    0.848528    0.210806    0.109851    0.018413
           7     1.03709    0.315301    0.217225   0.0209803
           7     1.22565    0.239631    0.307483   0.0358567
           7     1.41421    0.238157    0.332488   0.0252238
           7     1.60278    0.247561     0.32213   0.0201565
           7     1.79134    0.338135    0.361659   0.0281797
           7      1.9799    0.409459    0.418547   0.0437969
           7     2.16846    0.399319    0.390413   0.0200279
           7     2.35702     0.38115    0.388414   0.0173696
           7     2.54558    0.391266    0.414724   0.0280997
           7     2.73415    0.361238    0.350137   0.0230281
           7     2.92271    0.250679    0.285586   0.0156731
           7     3.11127    0.265926    0.287448   0.0166502
           7     3.29983    0.192981    0.228877   0.0161079
           7     3.48839   0.0845091    0.138128   0.0142882
           7     3.67696   0.0850492     0.12522   0.0147452
           7     3.86552    0.131429     0.11676   0.0195978
           7     4.05408     0.18235    0.104063   0.0129554
           7     4.24264   0.0552918   0.0827694   0.0133238
           7      4.4312   0.0256326    0.042956   0.0123553
           7     4.61976   0.0359937   0.0304273  0.00846279
           7     4.80833   0.0674943   0.0263517  0.00924703
           7     4.99689    0.054678   0.0205643  0.00744559
           7     5.18545   0.0135774  0.00807771  0.00208576
           7     5.37401   0.0127427  0.00605039  0.00256757
           7     5.56257  0.00847055  0.00748495  0.00389821

           8   0.0942809           0 0.000644498 0.000465337
           8    0.282843  0.00714472  0.00874369  0.00263346
           8    0.471405   0.0881183   0.0514371   0.0105999
           8    0.659966   0.0841162   0.0997622   0.0140687
           8    0.848528    0.142845    0.113975   0.0165669
           8     1.03709    0.152715    0.209161    0.019847
           8     1.22565    0.383998    0.317047   0.0326253
           8     1.41421    0.287876    0.326911   0.0226788
           8     1.60278    0.288883    0.317974   0.0180603
           8     1.79134    0.329247    0.357608   0.0249468
           8      1.9799    0.534995    0.433103   0.0406692
           8     2.16846    0.430181    0.395384   0.0181309
           8     2.35702     0.27722    0.374515   0.0200008
           8     2.54558    0.337496     0.40507    0.026193
           8     2.73415     0.30683    0.344724   0.0207762
           8     2.92271    0.330008    0.291138   0.0146646
           8     3.11127    0.233738    0.280734   0.0158649
           8     3.29983    0.266663      0.2336   0.0147707
           8     3.48839    0.123989    0.136361    0.012611
           8     3.67696   0.0896651    0.120776   0.0135553
           8     3.86552    0.154999     0.12154   0.0177214
           8     4.05408    0.135283    0.107966   0.0119093
           8     4.24264    0.102948   0.0852917   0.0118947
           8      4.4312   0.0782728   0.0473706   0.0115727
           8     4.61976     0.10145   0.0393052   0.0111264
           8     4.80833   0.0294873   0.0267436  0.00809945
           8     4.99689  0.00245523   0.0183007  0.00685036
           8     5.18545  0.00225881  0.00735035  0.00194774
           8     5.37401 0.000245523  0.00532478  0.00234692
           8     5.56257 0.000171866  0.00657081  0.00351648

           9   0.0942809           0 0.000572887 0.000419107
           9    0.282843  0.00063836   0.0078431  0.00249009
           9    0.471405    0.056765   0.0520291  0.00943865
           9    0.659966   0.0627803   0.0956531   0.0130919
           9    0.848528    0.112965    0.113863   0.0147265
           9     1.03709    0.157945    0.203471   0.0184396
           9     1.22565      0.2934     0.31442   0.0291059
           9     1.41421    0.337963    0.328139   0.0201922
           9     1.60278    0.236341    0.308904   0.0181892
           9     1.79134    0.468016    0.369875     0.02501
           9      1.9799    0.471846    0.437408   0.0363776
           9     2.16846    0.421146    0.398247   0.0163407
           9     2.35702    0.386061    0.375798   0.0178196
           9     2.54558    0.345844     0.39849   0.0240951
           9     2.73415    0.347882    0.345075   0.0184707
           9     2.92271    0.375061    0.300463   0.0157228
           9     3.11127    0.343487    0.287707    0.015559
           9     3.29983    0.182817    0.227957   0.0141664
           9     3.48839    0.109111    0.133333   0.0115675
           9     3.67696   0.0824467    0.116517   0.0127005
           9     3.86552   0.0664386    0.115418   0.0167766
           9     4.05408    0.129317    0.110338   0.0108197
           9     4.24264    0.132607    0.090549   0.0116772
           9      4.4312   0.0380806   0.0463384   0.0103328
           9     4.61976   0.0518299   0.0406968  0.00997681
           9     4.80833   0.0394801   0.0281588   0.0073221
           9     4.99689   0.0454463   0.0213169  0.00672049
           9     5.18545  0.00758667  0.00737661  0.00173151
           9     5.37401           0  0.00473314  0.00215944
           9     5.56257           0  0.00584072  0.00320066

          10   0.0942809 0.000343732 0.000549972 0.000377822
          10    0.282843  0.00670278  0.00772907  0.00224369
          10    0.471405   0.0661931   0.0534455  0.00860041
          10    0.659966    0.112499   0.0973377   0.0118906
          10    0.848528     0.13052    0.115528   0.0133477
          10     1.03709    0.175181    0.200642   0.0168112
          10     1.22565    0.336269    0.316605   0.0262772
          10     1.41421    0.287925    0.324118   0.0185691
          10     1.60278    0.416677    0.319681   0.0193009
          10     1.79134    0.331825     0.36607   0.0227967
          10      1.9799    0.404156    0.434083   0.0328914
          10     2.16846    0.323059    0.390728   0.0163451
          10     2.35702    0.405064    0.378724   0.0162762
          10     2.54558    0.338527    0.392493   0.0224193
          10     2.73415    0.407667    0.351334   0.0176523
          10     2.92271     0.23828    0.294245    0.015331
          10     3.11127    0.277687    0.286705   0.0140354
          10     3.29983    0.181589    0.223321   0.0134872
          10     3.48839    0.172063    0.137206   0.0110401
          10     3.67696    0.152494    0.120115   0.0119292
          10     3.86552    0.154434    0.119319    0.015546
          10     4.05408    0.104961      0.1098  0.00975111
          10     4.24264   0.0552673   0.0870208   0.0110296
          10      4.4312   0.0664631   0.0483509  0.00949346
          10     4.61976   0.0570596   0.0423331  0.00911232
          10     4.80833   0.0653828   0.0318812  0.00747645
          10     4.99689  0.00756211   0.0199414   0.0061876
          10     5.18545  0.00331456   0.0069704   0.0016053
          10     5.37401   0.0127918    0.005539  0.00208845
          10     5.56257   0.0106066  0.00631731  0.00291586

          11   0.0942809 4.91046e-05 0.000504439 0.000346207
          11    0.282843  0.00645726  0.00761345  0.00204269
          11    0.471405   0.0313779   0.0514393  0.00804913
          11    0.659966   0.0972763   0.0973321   0.0108096
          11    0.848528    0.233689     0.12627   0.0158789
          11     1.03709    0.241276    0.204336   0.0156835
          11     1.22565    0.277613     0.31306   0.0241262
          11     1.41421     0.31562    0.323345   0.0168971
          11     1.60278    0.330204    0.320638     0.01757
          11     1.79134    0.365756    0.366042   0.0207243
          11      1.9799    0.393181    0.430364   0.0301107
          11     2.16846    0.328903    0.385108    0.015796
          11     2.35702    0.418249    0.382318   0.0151879
          11     2.54558    0.339657     0.38769   0.0208894
          11     2.73415    0.370224    0.353051   0.0161309
          11     2.92271    0.298163    0.294601   0.0139414
          11     3.11127    0.306658    0.288519   0.0128761
          11     3.29983    0.188734    0.220176   0.0126223
          11     3.48839   0.0888548     0.13281   0.0108764
          11     3.67696    0.136118     0.12157   0.0109331
          11     3.86552    0.189053    0.125659   0.0153711
          11     4.05408   0.0601041    0.105283  0.00985583
          11     4.24264   0.0780027    0.086201   0.0100573
          11      4.4312   0.0621174   0.0496024  0.00871252
          11     4.61976   0.0372459   0.0418706  0.00829566
          11     4.80833   0.0428929   0.0328823  0.00686347
          11     4.99689   0.0149033   0.0194834  0.00564201
          11     5.18545   0.0224899  0.00838127  0.00198477
          11     5.37401  0.00260255  0.00527205  0.00191558
          11     5.56257    0.010582  0.00670502  0.00267643

          12   0.0942809           0 0.000462402 0.000319899
          12    0.282843   0.0310587  0.00956722  0.00264674
          12    0.471405   0.0346679   0.0500417  0.00749873
          12    0.659966   0.0975464   0.0973499  0.00990882
          12    0.848528    0.213384     0.13353   0.0161299
          12     1.03709    0.227232    0.206244   0.0144922
          12     1.22565    0.265288    0.309079   0.0224418
          12     1.41421    0.327086    0.323657   0.0154918
          12     1.60278     0.28051    0.317294   0.0164209
          12     1.79134    0.412896    0.369946   0.0193616
          12      1.9799    0.358292    0.424358   0.0281941
          12     2.16846    0.402216    0.386533   0.0145439
          12     2.35702    0.427186    0.386057   0.0143752
          12     2.54558    0.393549    0.388178   0.0191543
          12     2.73415    0.255565    0.344927   0.0167075
          12     2.92271    0.305676    0.295524   0.0128101
          12     3.11127    0.210954    0.282055   0.0133271
          12     3.29983    0.193546    0.217957   0.0117639
          12     3.48839    0.184535    0.137121   0.0107904
          12     3.67696    0.129342    0.122217   0.0100411
          12     3.86552   0.0993632    0.123467   0.0142455
          12     4.05408    0.110338    0.105704  0.00904351
          12     4.24264   0.0988967   0.0872589   0.0092747
          12      4.4312     0.15193   0.0581297    0.011421
          12     4.61976   0.0661685   0.0438955  0.00784757
          12     4.80833  0.00920712   0.0309093  0.00656896
          12     4.99689  0.00277441    0.018091   0.0053409
          12     5.18545 0.000515599   0.0077258  0.00192457
          12     5.37401  0.00321635  0.00510074  0.00176359
          12     5.56257  0.00130127   0.0062547  0.00249099

          13   0.0942809 0.000122762 0.000436276 0.000296356
          13    0.282843  0.00245523  0.00902014  0.00249905
          13    0.471405   0.0421809    0.049437  0.00694624
          13    0.659966   0.0871607   0.0965662  0.00917755
          13    0.848528    0.168257    0.136201   0.0151088
          13     1.03709    0.161824    0.202827   0.0137743
          13     1.22565     0.22566    0.302662   0.0216134
          13     1.41421    0.395317    0.329169   0.0152494
          13     1.60278    0.352056    0.319968   0.0153739
          13     1.79134    0.529152    0.382193   0.0213976
          13      1.9799    0.365068    0.419797   0.0263917
          13     2.16846    0.546682    0.398852   0.0178975
          13     2.35702    0.391438     0.38647   0.0132753
          13     2.54558    0.251735    0.377683   0.0203543
          13     2.73415    0.229319    0.336034   0.0176309
          13     2.92271    0.181834    0.286779   0.0145059
          13     3.11127    0.265975    0.280818   0.0123592
          13     3.29983     0.16536    0.213911   0.0115338
          13     3.48839    0.181515    0.140536   0.0104868
          13     3.67696    0.131772    0.122952  0.00929561
          13     3.86552    0.138696    0.124639   0.0131977
          13     4.05408    0.150506     0.10915  0.00898054
          13     4.24264    0.193865   0.0954594   0.0116349
          13      4.4312   0.0562494    0.057985   0.0105434
          13     4.61976  0.00385471   0.0408154  0.00782504
          13     4.80833   0.0181442   0.0299274   0.0061366
          13     4.99689   0.0179968   0.0180837  0.00493007
          13     5.18545   0.0165974  0.00840822  0.00189365
          13     5.37401   0.0300275  0.00701819  0.00245844
          13     5.56257  0.00247978  0.00596432  0.00231624

          14   0.0942809 0.000294628 0.000426158  0.00027536
          14    0.282843  0.00491046   0.0087266  0.00233772
          14    0.471405   0.0500376   0.0494799  0.00645021
          14    0.659966   0.0721593   0.0948228  0.00868601
          14    0.848528    0.107736    0.134168   0.0141657
          14     1.03709    0.309605    0.210454   0.0147516
          14     1.22565    0.377246     0.30799   0.0207157
          14     1.41421    0.370003    0.332086   0.0144364
          14     1.60278     0.37899    0.324184   0.0148426
          14     1.79134    0.356058    0.380326   0.0199505
          14      1.9799    0.311201    0.412041   0.0256211
          14     2.16846    0.442015    0.401935   0.0168826
          14     2.35702     0.29917    0.380235   0.0137137
          14     2.54558    0.238329    0.367729    0.021195
          14     2.73415    0.342235    0.336477   0.0163771
          14     2.92271    0.376068    0.293156   0.0148056
          14     3.11127    0.218025    0.276333   0.0122633
          14     3.29983     0.15409    0.209638   0.0114742
          14     3.48839    0.152936    0.141421   0.0097751
          14     3.67696     0.12561    0.123142  0.00863358
          14     3.86552    0.103586    0.123135   0.0123404
          14     4.05408    0.141421    0.111455  0.00862983
          14     4.24264    0.126543   0.0976796   0.0110136
          14      4.4312   0.0893704   0.0602268   0.0100258
          14     4.61976   0.0540642   0.0417617  0.00732311
          14     4.80833   0.0342505   0.0302362  0.00570604
          14     4.99689   0.0369021   0.0194279  0.00475764
          14     5.18545   0.0137739  0.00879148  0.00179676
          14     5.37401   0.0149769  0.00758667  0.00234764
          14     5.56257  0.00169411  0.00565931  0.00217078

          15   0.0942809  0.00245523  0.00056143 0.000288321
          15    0.282843   0.0208695  0.00953612   0.0023178
          15    0.471405   0.0546535   0.0498248  0.00602941
          15    0.659966    0.100493   0.0952008  0.00811517
          15    0.848528    0.185714    0.137604   0.0136318
          15     1.03709    0.322667    0.217935   0.0155498
          15     1.22565    0.431139    0.316199   0.0208983
          15     1.41421    0.335139    0.332289   0.0134754
          15     1.60278     0.28326    0.321455   0.0141016
          15     1.79134    0.362417    0.379132   0.0186561
          15      1.9799    0.271721    0.402686   0.0255638
          15     2.16846    0.308549     0.39571    0.016866
          15     2.35702    0.362417    0.379047   0.0128508
          15     2.54558    0.266957    0.361011   0.0208195
          15     2.73415     0.23089    0.329438   0.0167298
          15     2.92271    0.434257    0.302563    0.016539
          15     3.11127    0.225464    0.272942   0.0119054
          15     3.29983    0.200175    0.209007   0.0107266
          15     3.48839    0.273586    0.150232   0.0124778
          15     3.67696    0.120871    0.122991  0.00805933
          15     3.86552   0.0462811    0.118012   0.0125363
          15     4.05408   0.0939617    0.110289  0.00813293
          15     4.24264    0.106385     0.09826   0.0102946
          15      4.4312   0.0772907   0.0613644   0.0094217
          15     4.61976   0.0662176   0.0433921  0.00701405
          15     4.80833   0.0138966   0.0291469  0.00542862
          15     4.99689    0.013381   0.0190248  0.00445751
          15     5.18545   0.0220234  0.00967361  0.00188109
          15     5.37401   0.0460602   0.0101516  0.00330775
          15     5.56257   0.0228337  0.00680427  0.00230835

          16   0.0942809  0.00193963 0.000647567 0.000282876
          16    0.282843   0.0168429  0.00999279  0.00221747
          16    0.471405   0.0381543   0.0490954  0.00569652
          16    0.659966    0.141249   0.0980788  0.00810226
          16    0.848528    0.240097     0.14401   0.0142054
          16     1.03709    0.227232    0.218516   0.0145888
          16     1.22565    0.191975    0.308435   0.0209849
          16     1.41421    0.370494    0.334677    0.012843
          16     1.60278    0.384514    0.325396     0.01376
          16     1.79134     0.32905    0.376002   0.0177508
          16      1.9799    0.309703    0.396874   0.0246178
          16     2.16846    0.281296    0.388559   0.0172613
          16     2.35702     0.43438    0.382505   0.0125043
          16     2.54558     0.37867    0.362114   0.0195475
          16     2.73415    0.301011    0.327661   0.0157783
          16     2.92271    0.279454    0.301119   0.0155683
          16     3.11127     0.25694    0.271941   0.0112033
          16     3.29983    0.313533     0.21554   0.0118801
          16     3.48839    0.240932    0.155901   0.0129216
          16     3.67696    0.131699    0.123535  0.00757398
          16     3.86552   0.0826431    0.115801   0.0119461
          16     4.05408   0.0830114    0.108584  0.00780126
          16     4.24264   0.0357482    0.094353   0.0103661
          16      4.4312   0.0629767   0.0614652  0.00883338
          16     4.61976    0.048589   0.0437169  0.00658319
          16     4.80833   0.0491292   0.0303958  0.00523101
          16     4.99689  0.00842145   0.0183621  0.00422789
          16     5.18545   0.0242086    0.010582  0.00197071
          16     5.37401   0.0320408   0.0115196  0.00337208
          16     5.56257  0.00584345  0.00674422  0.00216486

          17   0.0942809           0 0.000609475 0.000268788
          17    0.282843   0.0540642   0.0125852  0.00326819
          17    0.471405     0.03592   0.0483204   0.0054139
          17    0.659966    0.131871    0.100067  0.00786571
          17    0.848528    0.210143      0.1479   0.0138922
          17     1.03709    0.157233    0.214911    0.014169
          17     1.22565    0.237225    0.304247   0.0201643
          17     1.41421    0.246088    0.329466   0.0131022
          17     1.60278    0.280977    0.322784   0.0131963
          17     1.79134    0.354756    0.374752   0.0167505
          17      1.9799    0.396373    0.396845   0.0231697
          17     2.16846    0.312085     0.38406   0.0168219
          17     2.35702    0.518054    0.390479   0.0140833
          17     2.54558    0.424485    0.365783   0.0187388
          17     2.73415    0.528906    0.339499   0.0187729
          17     2.92271    0.284119    0.300119   0.0146846
          17     3.11127    0.168404    0.265851   0.0120869
          17     3.29983    0.240981    0.217037   0.0112751
          17     3.48839    0.220946    0.159727   0.0127154
          17     3.67696   0.0953367    0.121876  0.00730783
          17     3.86552    0.085393    0.114012   0.0113765
          17     4.05408    0.107981    0.108549  0.00734244
          17     4.24264   0.0306413   0.0906053   0.0104118
          17      4.4312   0.0118342   0.0585457  0.00878298
          17     4.61976   0.0199365   0.0423181  0.00634282
          17     4.80833   0.0446361   0.0312334  0.00498993
          17     4.99689    0.039873   0.0196274  0.00416424
          17     5.18545    0.011736   0.0106499  0.00185596
          17     5.37401   0.0445379   0.0134619  0.00369093
          17     5.56257  0.00876518   0.0068631  0.00204077

          18   0.0942809  0.00522964 0.000866151   0.0003559
          18    0.282843   0.0384489   0.0140221   0.0033878
          18    0.471405   0.0332929   0.0474855   0.0051771
          18    0.659966   0.0536223   0.0974863  0.00784052
          18    0.848528   0.0564703    0.142821   0.0140183
          18     1.03709    0.175991    0.212749   0.0135458
          18     1.22565    0.272457     0.30248   0.0191212
          18     1.41421    0.240097    0.324501   0.0132817
          18     1.60278    0.275919     0.32018   0.0127174
          18     1.79134    0.394335     0.37584   0.0158552
          18      1.9799    0.455863    0.400124   0.0221133
          18     2.16846    0.535314    0.392463   0.0178633
          18     2.35702    0.439069    0.393178   0.0135571
          18     2.54558    0.435583    0.369661   0.0180945
          18     2.73415    0.326914      0.3388   0.0177429
          18     2.92271    0.376461     0.30436   0.0144683
          18     3.11127    0.310047    0.268306   0.0116621
          18     3.29983    0.270444    0.220004   0.0110322
          18     3.48839    0.128458     0.15799    0.012127
          18     3.67696    0.104298      0.1209  0.00696678
          18     3.86552   0.0889531     0.11262   0.0108293
          18     4.05408   0.0421318    0.104859   0.0078068
          18     4.24264   0.0359937   0.0875713   0.0102659
          18      4.4312   0.0683046   0.0590879  0.00831175
          18     4.61976   0.0466249   0.0425574  0.00599495
          18     4.80833   0.0194945   0.0305813  0.00475513
          18     4.99689   0.0109994   0.0191481  0.00396038
          18     5.18545  0.00299538   0.0102247  0.00180091
          18     5.37401   0.0513389   0.0155662  0.00404145
          18     5.56257  0.00346188  0.00667414  0.00193612

          19   0.0942809           0 0.000820564 0.000340076
          19    0.282843   0.0149278   0.0140698  0.00320983
          19    0.471405   0.0164992   0.0458547  0.00515509
          19    0.659966   0.0270567   0.0937795  0.00825775
          19    0.848528   0.0814155    0.139589    0.013648
          19     1.03709     0.23445    0.213891   0.0128809
          19     1.22565    0.141716    0.294019   0.0198991
          19     1.41421    0.253134    0.320745    0.013103
          19     1.60278    0.408993    0.324854   0.0128785
          19     1.79134    0.349772    0.374468     0.01508
          19      1.9799    0.429788    0.401685   0.0210045
          19     2.16846    0.544988    0.400491   0.0186398
          19     2.35702    0.333838    0.390055   0.0131984
          19     2.54558    0.438922    0.373306   0.0175055
          19     2.73415    0.355886    0.339699   0.0168319
          19     2.92271    0.433987    0.311183   0.0152306
          19     3.11127     0.35429    0.272832    0.011894
          19     3.29983    0.303025    0.224373   0.0112838
          19     3.48839    0.190894    0.159722   0.0116118
          19     3.67696    0.125929    0.121164  0.00660513
          19     3.86552   0.0395538    0.108775   0.0109208
          19     4.05408   0.0206976    0.100429  0.00856083
          19     4.24264   0.0597603   0.0861076  0.00982941
          19      4.4312   0.0527384   0.0587537  0.00788101
          19     4.61976   0.0119815   0.0409481  0.00589146
          19     4.80833  0.00979638   0.0294873  0.00462899
          19     4.99689   0.0180214   0.0190888  0.00375238
          19     5.18545  0.00437031  0.00991655  0.00173228
          19     5.37401   0.0432857   0.0170251  0.00408359
          19     5.56257  0.00358464  0.00651153  0.00184104

          20   0.0942809  0.00181687  0.00087038   0.0003267
          20    0.282843   0.0133319   0.0140329  0.00304955
          20    0.471405   0.0536223   0.0462431  0.00491195
          20    0.659966   0.0648427   0.0923327  0.00797061
          20    0.848528    0.111492    0.138184   0.0130377
          20     1.03709    0.171743    0.211783   0.0124081
          20     1.22565    0.203048    0.289471    0.019417
          20     1.41421    0.198628    0.314639   0.0137974
          20     1.60278    0.391045    0.328164   0.0126527
          20     1.79134     0.33865    0.372677    0.014432
          20      1.9799    0.377541    0.400478   0.0199889
          20     2.16846    0.499689    0.405451   0.0183558
          20     2.35702     0.41518    0.391311   0.0125982
          20     2.54558     0.44037     0.37666   0.0169484
          20     2.73415    0.471257    0.346277   0.0172277
          20     2.92271    0.361631    0.313705   0.0146765
          20     3.11127    0.248961    0.271638    0.011359
          20     3.29983    0.259543    0.226132   0.0108557
          20     3.48839    0.172578    0.160365    0.011049
          20     3.67696    0.143435    0.122278  0.00636804
          20     3.86552    0.149916    0.110832   0.0105668
          20     4.05408   0.0760631    0.099211  0.00821902
          20     4.24264   0.0600795   0.0848062  0.00942369
          20      4.4312  0.00392837   0.0560124  0.00794942
          20     4.61976   0.0212869    0.039965  0.00567831
          20     4.80833  0.00432121    0.028229  0.00456536
          20     4.99689 0.000908436   0.0181798  0.00367322
          20     5.18545   0.0451272   0.0116771  0.00237754
          20     5.37401  0.00326546   0.0163371  0.00393694
          20     5.56257           0  0.00618596  0.00177754

