0
0.0291644
0.0236366
0.0196314
0.0183755
0.0313192
0.0303329
0.0346678
0.0306026
0.0325208
0.0354886
0.0329669
0.0304789
0.0285708
0.027134
0.0267984
0.0251878
0.0241531
0.023789
0.0228893
0.0245703
0.0236532
0.0245074
0.0238397
0.0236161
0.0227231
0.0218713
0.0216026
0.0208459
0.0201528
0.0197384
0.0191382
0.0185497
0.0181356
0.0176131
0.0178508
0.0176273
0.0176827
0.0172309
0.0168023
0.0164239
0.0160877
0.0158504
0.0156979
0.0153484
0.0150201
0.0147162
0.0145767
0.0143155
0.0140816
0.0138176
0.0139233
0.013778
0.0137652
0.013578
0.0134467
0.013265
0.0130383
0.0128807
0.0127384
0.0125604
0.0123607
0.0121788
0.0119907
0.0118048
0.0119451
0.0118741
0.0116991
0.0115305
0.0113715
0.0112298
0.0112716
0.0112727
0.011317
0.0111679
0.0112833
0.0111973
0.0111153
0.0110501
0.010959
0.0110721
0.0110153
0.0109402
0.0108466
0.010874
0.0107615
0.0106565
0.0105596
0.0104427
0.0103873
0.0102736
0.0101639
0.0103653
0.0102572
0.0101493
0.0100539
0.00997735
0.00987708
0.00981643
0.00977793
0.00971562
0.00962623
0.00963747
0.00956787
0.00947821
0.00945716
0.00941147
0.00934545
0.0092615
0.00917694
0.00921414
0.0091366
0.00905975
0.00905795
0.00901065
0.00894263
0.00889816
0.00887421
0.00887079
0.00887854
0.00881228
0.00876837
0.00870412
0.0086395
0.00857088
0.00851354
0.00845154
0.00840706
0.0083521
0.008296
0.00827569
0.00829623
0.0083061
0.00824816
0.0081891
0.00813764
0.00809157
0.00803581
0.00804349
0.00809389
0.00803636
0.00799438
0.00816809
0.00819238
0.0081404
0.00808782
0.00803461
0.00798131
0.00793247
0.00788196
0.00787633
0.00786195
0.00782512
0.00778034
0.00779981
0.0077758
0.00772613
0.0077059
0.00765993
0.00765926
0.0076353
0.00763104
0.00764458
0.00759834
0.0075602
0.0075689
0.00754845
0.007555
0.0075103
0.00746603
0.00744554
0.00740637
0.00740725
0.00736515
0.00732362
0.00728637
0.00727268
0.0072362
0.00720841
0.00717062
0.00717386
0.00713588
0.00710079
0.00706404
0.00703314
0.00699524
0.00701417
0.00698472
0.00695181
0.00691619
0.00691485
0.00687911
0.00685685
0.00682153
0.00678657
0.00676333
0.00674621
0.00671445
0.00668096
0.00665754
0.00664091
0.00660953
0.00660544
0.00659707
0.00657479
0.00654367
0.00651324
0.00648573
0.00652486
0.00649468
0.00646387
0.0064361
0.00640875
0.00640776
0.00650183
0.00648854
0.00646716
0.00644421
0.00642288
0.00639383
0.00638196
0.00635364
0.00634841
0.00632104
0.00629705
0.0062705
0.00624602
0.00623504
0.00621199
0.00619202
0.00616672
0.00614033
0.00611423
0.00609603
0.00607344
0.00604991
0.0060321
0.00601048
0.00607196
0.00604722
0.00602776
0.00601166
0.00598808
0.00597335
0.00597504
0.00595884
0.00594598
0.00592699
0.00590404
0.00588788
0.00586516
0.00584306
0.00582322
0.00582423
0.00580508
0.00579485
0.00577524
0.00575482
0.00574144
0.00571946
0.00569768
0.00568613
0.00572264
0.00574117
0.00571946
0.00570002
0.0056793
0.00568634
0.00567998
0.0056606
0.00565367
0.00563366
0.00562085
0.00560665
0.00563625
0.00563703
0.00563688
0.00567382
0.00567185
0.00566995
0.00564973
0.00565038
0.00563053
0.00561333
0.00562121
0.00560459
0.00559334
0.0055818
0.00556247
0.00556328
0.00555266
0.0055962
0.00558527
0.0055667
0.00554963
0.00553501
0.00552389
0.00552006
0.00550653
0.00549607
0.00547828
0.00546753
0.00545551
0.00544134
0.00542481
0.00541018
0.00539254
0.00537529
0.0053745
0.00536881
0.00535386
0.00538023
0.00536612
0.00534901
0.00533206
0.00533767
0.00534485
0.00533265
0.00532327
0.00532209
0.00532086
0.0053212
0.00530569
0.00528929
0.00527301
0.00530654
0.00529179
0.00527568
0.00526474
0.00525979
0.00525443
0.00524051
0.00522502
0.00523228
0.00521702
0.00520148
0.00519096
0.00517843
0.00518862
0.00517369
0.00516357
0.00516109
0.00516111
0.00514626
0.00513136
0.0051185
0.0051065
0.00509202
0.00507997
0.00506585
0.00505523
0.00504196
0.00502825
0.00502182
0.00504131
0.00503366
0.00502026
0.00500705
0.00501387
0.0050142
0.00500288
0.00500494
0.00499134
0.00499522
0.00498224
0.00497204
0.00496625
0.00495787
0.00494549
0.00493262
0.00491941
0.00491085
0.00490185
0.00488873
0.00489937
0.0049125
0.00490169
0.00488885
0.00487856
0.00487117
0.00488375
0.00487314
0.00486049
0.0048481
0.00484958
0.00486764
0.00489201
0.00488319
0.00487078
0.00485934
0.00485487
0.00484251
0.00483115
0.00481899
0.00480864
0.00479779
0.00479164
0.00478227
0.0047703
0.00476289
0.00475311
0.0047427
0.00473974
0.00472815
0.00471744
0.00471151
0.00470092
0.0046914
0.00468093
0.00467015
0.00466472
0.00465408
0.00465367
0.00464301
0.00463182
0.00462389
0.00461381
0.00461442
0.00460603
0.00460131
0.00460258
0.00459515
0.0046039
0.00459839
0.00459391
0.00459028
0.00458439
0.00457781
0.00456748
0.00455704
0.00455127
0.00454072
0.00454214
0.00453803
0.00452778
0.00451743
0.00450889
0.00449952
0.00448929
0.00449615
0.00448598
0.00447589
0.00446664
0.00446025
0.0044517
0.00444222
0.00443227
0.00442289
0.00441424
0.00440516
0.00439543
0.0043882
0.0043811
0.00437708
0.00436746
0.00435797
0.00434925
0.00433979
0.0043365
0.0043275
0.00431932
0.00432631
0.00432345
0.00432238
0.00431625
0.00430959
0.00430203
0.00429312
0.0042842
0.00427992
0.00428141
0.00427251
0.00426511
0.00425789
0.00425434
0.00424761
0.00423869
0.00422996
0.00422419
0.00421569
0.00420697
0.0042007
0.00419887
0.0041927
0.00418905
0.00418042
0.00417637
0.00417648
0.00418213
0.00417701
0.00416856
0.00417009
0.00416773
0.0041599
0.00416673
0.00415952
0.00415664
0.00415498
0.00414677
0.00413899
0.00413227
0.00413132
0.00412479
0.0041196
0.00411643
0.00410856
0.00410556
0.00410353
0.00409835
0.00409067
0.00408277
0.00407687
0.00407528
0.00406739
0.00406353
0.00406508
0.00405987
0.00405449
0.00404801
0.00404026
0.00403264
0.00402557
0.00401809
0.00401705
0.00401323
0.00400566
0.00400739
0.00400004
0.00399708
0.00399113
0.00398677
0.00397965
0.00397429
0.0039669
0.00396633
0.00396229
0.00396146
0.00396233
0.00396054
0.0039537
0.00394932
0.00395227
0.00394543
0.003953
0.00394574
0.00393918
0.00393234
0.00392517
0.00391919
0.00391315
0.00390714
0.00390111
0.00390115
0.00389513
0.00388858
0.00388289
0.00389871
0.00389494
0.00389062
0.00388926
0.00388397
0.00387861
0.00387209
0.00387341
0.00386905
0.00386283
0.00386129
0.00385478
0.00385024
0.00384361
0.0038377
0.00383686
0.00383095
0.00382429
0.00381854
0.00381542
0.00381133
0.00381634
0.00381602
0.003812
0.00381059
0.0038058
0.00379933
0.00379339
0.00378697
0.0037805
0.0037819
0.00378529
0.00378036
0.00377721
0.00377243
0.00376606
0.00376007
0.003758
0.00375234
0.00374689
0.00374061
0.00373437
0.00372822
0.00372818
0.00372229
0.00371743
0.00371718
0.00371742
0.00371993
0.00371444
0.00370934
0.00370775
0.00370185
0.00370222
0.00369679
0.00369094
0.00368505
0.00367926
0.00367349
0.00366819
0.00366604
0.00367332
0.00367241
0.00366649
0.0036617
0.00365642
0.00365534
0.00365323
0.00364797
0.00364315
0.00363949
0.0036357
0.00363012
0.00363144
0.00362577
0.00362012
0.00361466
0.00360895
0.00361435
0.0036129
0.00360911
0.00360359
0.00359799
0.00359261
0.00358744
0.00358227
0.00359512
0.00358954
0.00358894
0.00358341
0.00357821
0.00357512
0.00356969
0.00356426
0.00355982
0.00355904
0.00355368
0.00355104
0.00354835
0.00354302
0.00353827
0.00353585
0.00353428
0.00352913
0.00352392
0.00351862
0.00352025
0.00352718
0.00352206
0.00351677
0.00351204
0.00350756
0.00350286
0.0035025
0.00349756
0.00349245
0.00348854
0.00348336
0.00347936
0.00347428
0.00346919
0.00346856
0.0034658
0.00346114
0.00346036
0.00345647
0.00345242
0.00344855
0.00344491
0.00343989
0.00344638
0.00344142
0.0034455
0.00344104
0.00343643
0.00344118
0.00344241
0.00344174
0.0034374
0.00343359
0.00342884
0.00342451
0.00342495
0.00342254
0.00342582
0.00342112
0.00341741
0.003416
0.00341163
0.00341238
0.00340801
0.00340341
0.00339903
0.00339424
0.00339328
0.00338866
0.00338877
0.00338415
0.00337972
0.003375
0.00337071
0.00336622
0.00336965
0.00336896
0.00336437
0.00336059
0.00335669
0.00335738
0.00335366
0.00334906
0.00334503
0.00334556
0.00334903
0.00334464
0.00334008
0.00334511
0.00334212
0.00333936
0.00333701
0.0033326
0.00332833
0.00333409
0.00332972
0.00332525
0.00332581
0.00332563
0.00332356
0.00332147
0.00331989
0.00331582
0.00331146
0.00331004
0.00330936
0.00330494
0.00330356
0.00329927
0.00329492
0.00329495
0.00329148
0.00329158
0.00328869
0.00328454
0.00328039
0.00327749
0.00327335
0.00327426
0.00327494
0.00327186
0.00327067
0.00326685
0.00326415
0.00326105
0.0032578
0.00325357
0.00324936
0.00324528
0.00324302
0.00324108
0.00323798
0.0032343
0.00323065
0.00323055
0.00322851
0.00322437
0.00322159
0.00322086
0.00321741
0.00321375
0.00321795
0.00321393
0.00321064
0.00320855
0.00320626
0.00320239
0.00319855
0.00319774
0.00319781
0.00319581
0.00319468
0.00320382
0.00320026
0.00319974
0.00319582
0.00319196
0.00318944
0.00318995
0.00318678
0.00318437
0.00318054
0.00317672
0.00317527
0.00317386
0.00317049
0.00316834
0.00316842
0.00316639
0.00316403
0.00316285
0.00315936
0.00315606
0.00315228
0.00315025
0.00314655
0.00314616
0.00315262
0.00315176
0.00314794
0.00314425
0.00314272
0.00314093
0.00313774
0.00313554
0.00313304
0.00312947
0.00312576
0.00312659
0.00312286
0.00311912
0.00312095
0.00311721
0.00311407
0.00311074
0.00310836
0.00310742
0.00310413
0.00310048
0.0030972
0.00309542
0.00309177
0.00308942
0.00308665
0.00308313
0.00308168
0.00308104
0.00307803
0.00307542
0.00307236
0.0030689
0.00306538
0.00306258
0.00305901
0.00305545
0.00305233
0.00305155
0.0030498
0.00304962
0.00304913
0.00304566
0.00304224
0.00303913
0.00303656
0.0030335
0.00303367
0.00303196
0.00303009
0.00303007
0.00302663
0.0030235
0.00302126
0.00301888
0.00301902
0.00301637
0.00301514
0.0030123
0.00300985
0.00300709
0.00300541
0.00300201
0.00299864
0.00299528
0.00299488
0.00299151
0.00298821
0.00298625
0.00298296
0.00298048
0.00297724
0.00297398
0.0029716
0.00296845
0.00296534
0.00296245
0.00296021
0.00295692
0.00295854
0.00295911
0.00295611
0.00295289
0.00294964
0.00294639
0.00295455
0.00295256
0.00294937
0.00294714
0.00294658
0.00294577
0.00295488
0.00295297
0.00294987
0.00294754
0.00294507
0.00294189
0.0029399
0.0029367
0.00293448
0.00293133
0.0029291
0.00292799
0.00292536
0.00292443
0.00292134
0.00291822
0.00291566
0.0029165
0.00291338
0.00291055
0.00291155
0.00290899
0.00290868
0.00290749
0.00290778
0.00290574
0.00290274
0.00289989
0.00289832
0.0028956
0.00289286
0.00289389
0.00289261
0.00289017
0.00288797
0.00288665
0.002884
0.00288212
0.00287917
0.00287757
0.00287456
0.00287346
0.00287599
0.00287298
0.00287228
0.00286929
0.00286699
0.00286409
0.00286168
0.00285878
0.00285619
0.00285381
0.00285137
0.00284849
0.00284571
0.00284307
0.00284175
0.00283895
0.00283787
0.00283913
0.00283622
0.00283345
0.00283068
0.00283168
0.00282879
0.00282593
0.00282338
0.00282098
0.00282233
0.00281948
0.00281717
0.00281835
0.00281926
0.00281644
0.00281401
0.00281156
0.00281073
0.00281188
0.002813
0.00281028
0.00280783
0.00280502
0.00280384
0.00280732
0.00280462
0.00280188
0.00279908
0.00279658
