0.475487
0.417158
0.396558
0.470926
0.491613
0.615298
0.374144
0.282043
0.428542
0.614696
0.675026
0.549771
0.442852
0.542215
0.403525
0.616232
0.502051
0.567489
0.618499
0.575567
0.263847
0.419774
0.270389
0.377695
0.622241
0.512577
0.467898
0.348486
0.48379
0.454455
0.572441
0.511376
0.475668
0.556407
0.494266
0.664976
0.600464
0.653323
0.514915
0.515802
0.540889
0.43896
0.586507
0.384725
0.480891
0.47099
0.45908
0.600312
0.547926
0.434642
0.463006
0.661751
0.59444
0.360537
0.424317
0.39858
0.424872
0.474323
0.416495
0.573964
0.43779
0.512756
0.453125
0.47282
0.491045
0.67289
0.601549
0.485595
0.511109
0.468106
0.448449
0.343038
0.356043
0.64669
0.474088
0.676864
0.404831
0.585748
0.392692
0.5757
0.684082
0.605249
0.592249
0.575257
0.6564
0.45403
0.557796
0.566212
0.482993
0.401625
0.488013
0.522786
0.736368
0.526807
0.515762
0.549563
0.577258
0.525779
0.41896
0.613615
0.4232
0.46996
0.358979
0.573521
0.524442
0.62535
0.409526
0.436421
0.52619
0.502509
0.339753
0.468753
0.534421
0.63818
0.591132
0.455866
0.415837
0.616659
0.638385
0.650242
0.550758
0.420997
0.550573
0.467555
0.521071
0.561201
0.469207
0.584382
0.45362
0.458603
0.39603
0.660854
0.652699
0.472594
0.533915
0.456116
0.443599
0.537969
0.650078
0.323951
0.512445
0.438148
0.231606
0.670502
0.465817
0.471581
0.479084
0.525516
0.546966
0.475648
0.634868
0.623079
0.433687
0.554442
0.668346
0.607363
0.506205
0.613811
0.541314
0.373399
0.411713
0.639086
0.35236
0.522457
0.565474
0.357957
0.609937
0.656117
0.516693
0.512983
0.6096
0.55267
0.370628
0.525246
0.49164
0.464001
0.396708
0.462715
0.431155
0.540645
0.365705
0.533881
0.463344
0.537242
0.447266
0.509294
0.672641
0.570139
0.462425
0.530634
0.375029
0.493431
0.423981
0.498994
0.498719
0.429239
0.410894
0.541083
0.519089
0.432598
0.411165
0.534082
0.629631
0.390807
0.430917
0.526927
0.531379
0.551665
0.305694
0.527811
0.499103
0.544535
0.463271
0.634751
0.233327
0.402695
0.575539
0.568058
0.433004
0.514993
0.400332
0.520631
0.62448
0.529329
0.452326
0.473977
0.458131
0.400035
0.555419
0.434933
0.534874
0.515755
0.51731
0.430052
0.550498
0.463938
0.430233
0.451702
0.74658
0.482615
0.440126
0.581905
0.532495
0.419655
0.639767
0.427
0.593832
0.564199
0.5297
0.57826
0.528313
0.534558
0.554065
0.370576
0.451075
0.601323
0.456697
0.543416
0.586977
0.494037
0.516196
0.415239
0.718345
0.684247
0.506871
0.464616
0.482399
0.657336
0.395831
0.468317
0.613325
0.480026
0.424702
0.578679
0.299796
0.640006
0.637781
0.729563
0.379475
0.37865
0.506692
0.642284
0.517864
0.457332
0.664893
0.559897
0.419594
0.592366
0.50369
0.370262
0.59608
0.263139
0.594652
0.485351
0.464204
0.442543
0.591634
0.626283
0.576506
0.418315
0.528895
0.420594
0.584116
0.568466
0.470061
0.450315
0.509464
0.523464
0.37598
0.396412
0.456564
0.292424
0.447791
0.507223
0.512473
0.350028
0.664813
0.57552
0.594283
0.375476
0.375137
0.640882
0.471807
0.504284
0.510089
0.741075
0.54689
0.498262
0.58202
0.618187
0.396051
0.45857
0.488131
0.342274
0.483965
0.50124
0.581376
0.44733
0.331045
0.484124
0.582698
0.381401
0.369194
0.518723
0.497211
0.454716
0.445567
0.51991
0.560141
0.526714
0.434947
0.541085
0.476699
0.404905
0.297156
0.411806
0.533277
0.535523
0.666675
0.639524
0.44568
0.647935
0.487427
0.656522
0.473364
0.571862
0.606494
0.587739
0.466948
0.478422
0.516265
0.584644
0.429538
0.503108
0.685339
0.314915
0.56069
0.490796
0.444275
0.417144
0.315105
0.55993
0.493045
0.524375
0.646465
0.715063
0.272855
0.429772
0.520047
0.54395
0.395758
0.512283
0.466089
0.517448
0.451275
0.459665
0.409125
0.567471
0.510024
0.420776
0.4468
0.550316
0.620125
0.488587
0.464959
0.409679
0.542946
0.559882
0.464086
0.535732
0.600524
0.537136
0.635442
0.473654
0.507784
0.432627
0.463542
0.367033
0.438452
0.604328
0.644885
0.428603
0.324361
0.597683
0.401138
0.612803
0.413583
0.586905
0.528253
0.521666
0.413669
0.503935
0.361272
0.607607
0.521995
0.512768
0.447873
0.543673
0.496032
0.33136
0.511973
0.513873
0.542136
0.422879
0.451987
0.53324
0.50221
0.472566
0.456648
0.539286
0.493411
0.436042
0.434527
0.603565
0.506817
0.48939
0.54173
0.494082
0.396776
0.530907
0.45548
0.676305
0.393433
0.378915
0.57961
0.572601
0.446705
0.479593
0.481238
0.406904
0.360774
0.483285
0.44623
0.443492
0.603914
0.567295
0.504273
0.485762
0.579305
0.477699
0.512709
0.432927
0.618203
0.432248
0.601551
0.499595
0.407669
0.370945
0.67037
0.585211
0.490812
0.360437
0.391034
0.537386
0.678298
0.45287
0.608565
0.385162
0.485643
0.46941
0.445651
0.625288
0.561602
0.423137
0.60464
0.526631
0.398743
0.61558
0.424117
0.474854
0.51808
0.435662
0.385449
0.511539
0.595404
0.359388
0.577974
0.428972
0.447761
0.493101
0.519766
0.463807
0.524275
0.622706
0.594226
0.489891
0.646326
0.525756
0.400986
0.442555
0.417846
0.472844
0.432944
0.513683
0.377298
0.589281
0.37948
0.638943
0.388681
0.467547
0.419221
0.655553
0.469667
0.315568
0.503988
0.541029
0.530786
0.495361
0.44884
0.450344
0.450334
0.551173
0.631414
0.551019
0.53547
0.445717
0.267044
0.412625
0.420745
0.617672
0.564411
0.439287
0.531092
0.643147
0.579776
0.540733
0.387085
0.528313
0.576117
0.519534
0.456051
0.379972
0.456763
0.509147
0.453414
0.595341
0.581432
0.329467
0.374409
0.581858
0.38582
0.433566
0.487117
0.462375
0.514198
0.501374
0.643514
0.340602
0.437752
0.593066
0.566046
0.496209
0.469661
0.606955
0.543
0.548541
0.501226
0.493715
0.516722
0.372405
0.471598
0.560811
0.374539
0.368934
0.346988
0.458013
0.552979
0.389069
0.523468
0.366937
0.54172
0.476714
0.4808
0.524545
0.524423
0.54317
0.60298
0.692619
0.619431
0.503972
0.444477
0.542205
0.384077
0.603786
0.459439
0.554088
0.422116
0.424558
0.524387
0.64338
0.484599
0.516645
0.473249
0.498323
0.680282
0.612159
0.426805
0.480466
0.512424
0.474342
0.536958
0.465374
0.734642
0.506247
0.379481
0.510087
0.469241
0.586609
0.517197
0.515567
0.557249
0.620259
0.51881
0.409388
0.410137
0.485001
0.456915
0.405989
0.609012
0.52639
0.521964
0.508796
0.647828
0.696384
0.477267
0.500607
0.542968
0.551369
0.543382
0.625599
0.532308
0.5196
0.438534
0.49841
0.562669
0.517606
0.514968
0.382736
0.415331
0.539679
0.619452
0.563937
0.445087
0.564057
0.569392
0.497167
0.309069
0.51397
0.674329
0.544581
0.53738
0.681224
0.645861
0.622197
0.548341
0.564578
0.52731
0.459029
0.636925
0.59462
0.337736
0.528128
0.56578
0.611472
0.463188
0.64122
0.463962
0.531107
0.541363
0.505622
0.389319
0.480641
0.37411
0.524203
0.536255
0.50247
0.465513
0.476136
0.671351
0.621672
0.521577
0.448251
0.555122
0.640597
0.560779
0.493819
0.458978
0.369133
0.673096
0.477627
0.512217
0.318647
0.428327
0.423237
0.414675
0.482125
0.47287
0.310363
0.526438
0.492588
0.367364
0.377301
0.596785
0.596381
0.605889
0.465432
0.520346
0.397453
0.620706
0.499777
0.609197
0.523296
0.514809
0.631691
0.445447
0.632728
0.57781
0.47675
0.529588
0.430249
0.528995
0.36296
0.365737
0.571211
0.394657
0.461421
0.425605
0.436602
0.565081
0.503626
0.50887
0.52574
0.589855
0.596603
0.568367
0.459747
0.458456
0.629133
0.594326
0.508155
0.576337
0.619307
0.452644
0.545578
0.685024
0.485744
0.447961
0.414871
0.588027
0.531771
0.533115
0.617759
0.632619
0.413947
0.612301
0.273437
0.460856
0.623326
0.486056
0.48017
0.581462
0.639869
0.561974
0.584462
0.527499
0.527471
0.605842
0.606897
0.553022
0.419096
0.633634
0.593266
0.585201
0.398518
0.545647
0.554151
0.486658
0.417249
0.479766
0.625653
0.296082
0.392199
0.511698
0.528481
0.603422
0.411712
0.555743
0.422165
0.579283
0.534601
0.520477
0.645664
0.516395
0.498869
0.34951
0.505199
0.454334
0.463809
0.428231
0.614643
0.546931
0.491239
0.463272
0.413359
0.495116
0.428622
0.442175
0.480887
0.406184
0.38888
0.55655
0.437422
0.553798
0.528734
0.522761
0.563556
0.50129
0.509428
0.460004
0.392286
0.414114
0.380734
0.38638
0.520828
0.525591
0.461161
0.569369
0.459285
0.633365
0.594322
0.417887
0.37779
0.492258
0.543453
0.428897
0.433233
0.632517
0.443096
0.402305
0.451239
0.570701
0.558996
0.413683
0.508587
0.493762
0.5143
0.385109
0.505791
0.485135
0.422161
0.520234
0.439093
0.524939
0.521899
0.57043
0.475659
0.534688
0.547885
0.574669
0.50529
0.350162
0.367363
0.466588
0.486485
0.494402
0.50544
0.267919
0.424256
0.486047
0.432522
0.388313
0.611584
0.256531
0.421478
0.527308
0.435964
0.562921
0.488888
0.425019
0.497007
0.57149
0.516714
0.433878
0.400618
0.450357
0.607801
0.484536
0.489755
0.44784
0.360629
0.494853
0.541362
0.646445
0.555774
0.621636
0.403558
0.370677
0.428563
0.480595
0.466713
0.590157
0.459435
0.460767
0.356573
0.597812
0.44558
0.435435
0.407118
0.456172
0.424404
0.522338
0.415381
0.493101
0.401469
0.671772
0.499981
0.391563
0.492515
0.561951
0.479651
0.556315
0.52127
0.456777
0.55757
0.553688
0.521734
0.531945
0.541867
0.40891
0.475685
0.601115
0.352146
0.50869
0.473166
0.474627
0.356468
0.49509
0.515765
0.459041
0.552709
0.349961
0.489508
0.556572
0.352787
0.357523
0.516232
0.54924
0.547732
0.395952
0.649335
0.353363
0.526171
0.547087
0.511821
0.405804
0.688251
0.526705
0.481596
0.494137
0.541641
